xflr5 v6.61

 Calculated polar for: E63_14_00

 1 1 Reynolds number fixed          Mach number fixed         

 xtrf =   1.000 (top)        1.000 (bottom)
 Mach =   0.200     Re =     0.060 e 6     Ncrit =   9.000

  alpha     CL        CD       CDp       Cm    Top Xtr Bot Xtr   Cpmin    Chinge    XCp    
 ------- -------- --------- --------- -------- ------- ------- -------- --------- ---------
 -20.000  -0.4898   0.24395   0.23568  -0.0073  1.0000  0.0798  -1.3379   0.0000   0.0000   0.0000   0.2037
 -19.500  -0.4748   0.23905   0.23082  -0.0097  1.0000  0.0837  -1.3222   0.0000   0.0000   0.0000   0.1986
 -19.000  -0.4667   0.23714   0.22896  -0.0134  1.0000  0.0862  -1.3662   0.0000   0.0000   0.0000   0.1911
 -18.500  -0.4495   0.22972   0.22160  -0.0150  1.0000  0.0874  -1.3326   0.0000   0.0000   0.0000   0.1866
 -18.000  -0.4308   0.22308   0.21497  -0.0160  1.0000  0.0902  -1.2863   0.0000   0.0000   0.0000   0.1830
 -17.500  -0.4163   0.21795   0.20989  -0.0178  1.0000  0.0938  -1.2851   0.0000   0.0000   0.0000   0.1777
 -17.000  -0.4083   0.21482   0.20682  -0.0207  1.0000  0.0966  -1.3330   0.0000   0.0000   0.0000   0.1705
 -16.500  -0.3951   0.20875   0.20083  -0.0224  1.0000  0.0979  -1.3382   0.0000   0.0000   0.0000   0.1650
 -16.000  -0.3759   0.20188   0.19402  -0.0227  1.0000  0.1012  -1.2905   0.0000   0.0000   0.0000   0.1612
 -15.500  -0.3639   0.19698   0.18918  -0.0241  1.0000  0.1055  -1.2925   0.0000   0.0000   0.0000   0.1556
 -15.000  -0.3675   0.19600   0.18830  -0.0274  1.0000  0.1078  -1.3816   0.0000   0.0000   0.0000   0.1490
 -14.500  -0.3403   0.18597   0.17833  -0.0263  1.0000  0.1110  -1.2910   0.0000   0.0000   0.0000   0.1453
 -14.000  -0.3293   0.18090   0.17330  -0.0271  1.0000  0.1162  -1.2860   0.0000   0.0000   0.0000   0.1407
 -13.500  -0.3316   0.17789   0.17041  -0.0293  1.0000  0.1190  -1.3545   0.0000   0.0000   0.0000   0.1361
 -13.000  -0.3088   0.16986   0.16243  -0.0281  1.0000  0.1240  -1.2822   0.0000   0.0000   0.0000   0.1328
 -12.500  -0.3149   0.16726   0.15995  -0.0300  1.0000  0.1293  -1.3560   0.0000   0.0000   0.0000   0.1304
 -12.000  -0.2934   0.15915   0.15191  -0.0286  1.0000  0.1349  -1.2954   0.0000   0.0000   0.0000   0.1278
 -11.500  -0.3002   0.15551   0.14840  -0.0297  1.0000  0.1409  -1.3935   0.0000   0.0000   0.0000   0.1279
 -11.000  -0.2985   0.15103   0.14403  -0.0293  1.0000  0.1510  -1.4434   0.0000   0.0000   0.0000   0.1297
 -10.500  -0.3009   0.14682   0.13993  -0.0287  1.0000  0.1622  -1.4988   0.0000   0.0000   0.0000   0.1339
 -10.000  -0.2756   0.13883   0.13200  -0.0259  1.0000  0.1775  -1.4372   0.0000   0.0000   0.0000   0.1346
  -9.750  -0.2774   0.13696   0.13019  -0.0255  1.0000  0.1822  -1.4532   0.0000   0.0000   0.0000   0.1376
  -9.500  -0.2942   0.13671   0.13004  -0.0258  1.0000  0.1844  -1.5178   0.0000   0.0000   0.0000   0.1437
  -9.250  -0.2746   0.13186   0.12519  -0.0241  1.0000  0.1877  -1.4541   0.0000   0.0000   0.0000   0.1429
  -9.000  -0.2741   0.12979   0.12318  -0.0232  1.0000  0.1921  -1.4500   0.0000   0.0000   0.0000   0.1466
  -8.750  -0.2946   0.12989   0.12338  -0.0231  1.0000  0.1950  -1.5146   0.0000   0.0000   0.0000   0.1546
  -8.500  -0.2786   0.12554   0.11902  -0.0216  1.0000  0.1976  -1.4566   0.0000   0.0000   0.0000   0.1554
  -8.250  -0.2756   0.12329   0.11681  -0.0202  1.0000  0.2017  -1.4355   0.0000   0.0000   0.0000   0.1597
  -8.000  -0.2930   0.12286   0.11649  -0.0196  1.0000  0.2056  -1.4802   0.0000   0.0000   0.0000   0.1680
  -7.750  -0.2883   0.11984   0.11353  -0.0182  1.0000  0.2078  -1.4536   0.0000   0.0000   0.0000   0.1720
  -7.500  -0.2831   0.11742   0.11115  -0.0165  1.0000  0.2118  -1.4191   0.0000   0.0000   0.0000   0.1770
  -7.250  -0.2989   0.11673   0.11056  -0.0153  1.0000  0.2161  -1.4501   0.0000   0.0000   0.0000   0.1855
  -7.000  -0.3045   0.11469   0.10861  -0.0139  1.0000  0.2183  -1.4500   0.0000   0.0000   0.0000   0.1919
  -6.750  -0.2969   0.11215   0.10611  -0.0120  1.0000  0.2225  -1.4035   0.0000   0.0000   0.0000   0.1974
  -6.500  -0.3179   0.11177   0.10584  -0.0102  1.0000  0.2272  -1.4414   0.0000   0.0000   0.0000   0.2068
  -6.250  -0.3153   0.10925   0.10338  -0.0084  1.0000  0.2306  -1.4100   0.0000   0.0000   0.0000   0.2129
  -6.000  -0.3221   0.10793   0.10215  -0.0062  1.0000  0.2365  -1.4004   0.0000   0.0000   0.0000   0.2208
  -5.750  -0.3613   0.10857   0.10293  -0.0034  1.0000  0.2388  -1.4790   0.0000   0.0000   0.0000   0.2322
  -5.500  -0.3374   0.10484   0.09923  -0.0018  1.0000  0.2448  -1.3855   0.0000   0.0000   0.0000   0.2362
  -5.250  -0.3675   0.10478   0.09929   0.0009  1.0000  0.2490  -1.4361   0.0000   0.0000   0.0000   0.2450
  -5.000  -0.3687   0.10249   0.09708   0.0028  1.0000  0.2523  -1.4121   0.0000   0.0000   0.0000   0.2504
  -4.750  -0.3728   0.10085   0.09550   0.0046  1.0000  0.2576  -1.3944   0.0000   0.0000   0.0000   0.2554
  -4.500  -0.3897   0.09930   0.09404   0.0041  1.0000  0.2619  -1.4270   0.0000   0.0000   0.0000   0.2544
  -4.250  -0.3855   0.09717   0.09197   0.0066  1.0000  0.2659  -1.3816   0.0000   0.0000   0.0000   0.2612
  -4.000  -0.3982   0.09532   0.09019   0.0043  1.0000  0.2725  -1.4128   0.0000   0.0000   0.0000   0.2552
  -3.750  -0.3936   0.09322   0.08815   0.0071  1.0000  0.2764  -1.3638   0.0000   0.0000   0.0000   0.2628
  -3.500  -0.3978   0.09096   0.08593   0.0044  1.0000  0.2839  -1.3733   0.0000   0.0000   0.0000   0.2559
  -3.000  -0.3448   0.08506   0.07999  -0.0074  0.9851  0.3055  -1.2823   0.0000   0.0000   0.0000   0.2233
  -2.750  -0.2067   0.05632   0.04984  -0.0691  0.9796  0.1853  -1.7218   0.0000   0.0000   0.0000  -0.0948
  -2.500  -0.2365   0.07150   0.06601  -0.0392  0.9600  0.2647  -1.3510   0.0000   0.0000   0.0000   0.0772
  -2.250  -0.0880   0.04963   0.04240  -0.0882  0.9550  0.2080  -1.6301   0.0000   0.0000   0.0000  -0.7730
  -2.000  -0.0360   0.04822   0.04080  -0.0941  0.9426  0.2224  -1.5451   0.0000   0.0000   0.0000  -2.4085
  -1.750   0.0259   0.04584   0.03789  -0.1025  0.9311  0.2382  -1.4898   0.0000   0.0000   0.0000   4.2592
  -1.500   0.0703   0.04473   0.03661  -0.1064  0.9169  0.2513  -1.4227   0.0000   0.0000   0.0000   1.7823
  -1.250   0.1170   0.04383   0.03555  -0.1103  0.9035  0.2645  -1.3446   0.0000   0.0000   0.0000   1.2014
  -1.000   0.1687   0.04292   0.03437  -0.1149  0.8908  0.2822  -1.2607   0.0000   0.0000   0.0000   0.9359
  -0.750   0.2180   0.04218   0.03360  -0.1185  0.8784  0.2978  -1.1680   0.0000   0.0000   0.0000   0.7960
  -0.500   0.2567   0.04160   0.03286  -0.1206  0.8627  0.3150  -1.0926   0.0000   0.0000   0.0000   0.7212
  -0.250   0.3014   0.04092   0.03218  -0.1231  0.8492  0.3321  -1.0035   0.0000   0.0000   0.0000   0.6586
   0.000   0.3494   0.04017   0.03141  -0.1259  0.8364  0.3552  -0.9095   0.0000   0.0000   0.0000   0.6095
   0.250   0.3864   0.03969   0.03095  -0.1270  0.8208  0.3780  -0.8298   0.0000   0.0000   0.0000   0.5771
   0.500   0.4308   0.03892   0.03018  -0.1289  0.8067  0.4046  -0.8483   0.0000   0.0000   0.0000   0.5471
   0.750   0.4790   0.03791   0.02921  -0.1309  0.7939  0.4362  -0.8987   0.0000   0.0000   0.0000   0.5207
   1.000   0.5276   0.03674   0.02820  -0.1326  0.7818  0.4754  -0.9512   0.0000   0.0000   0.0000   0.4981
   1.250   0.5612   0.03619   0.02774  -0.1324  0.7652  0.5141  -0.9906   0.0000   0.0000   0.0000   0.4823
   1.500   0.6076   0.03482   0.02652  -0.1333  0.7528  0.5681  -1.0477   0.0000   0.0000   0.0000   0.4653
   1.750   0.6538   0.03323   0.02519  -0.1337  0.7409  0.6375  -1.1060   0.0000   0.0000   0.0000   0.4501
   2.000   0.6948   0.03148   0.02381  -0.1328  0.7291  0.7355  -1.1627   0.0000   0.0000   0.0000   0.4364
   2.250   0.7412   0.02917   0.02177  -0.1332  0.7168  1.0000  -1.2280   0.0000   0.0000   0.0000   0.4246
   2.500   0.7959   0.02861   0.02083  -0.1370  0.6984  1.0000  -1.3000   0.0000   0.0000   0.0000   0.4167
   2.750   0.8593   0.02766   0.01956  -0.1413  0.6814  1.0000  -1.3840   0.0000   0.0000   0.0000   0.4086
   3.000   0.9137   0.02706   0.01869  -0.1442  0.6624  1.0000  -1.4597   0.0000   0.0000   0.0000   0.4017
   3.250   0.9528   0.02704   0.01847  -0.1450  0.6416  1.0000  -1.5196   0.0000   0.0000   0.0000   0.3957
   3.500   0.9891   0.02718   0.01841  -0.1454  0.6209  1.0000  -1.5766   0.0000   0.0000   0.0000   0.3902
   3.750   1.0228   0.02746   0.01850  -0.1455  0.6005  1.0000  -1.6313   0.0000   0.0000   0.0000   0.3851
   4.000   1.0552   0.02785   0.01869  -0.1454  0.5807  1.0000  -1.6847   0.0000   0.0000   0.0000   0.3803
   4.250   1.0893   0.02824   0.01890  -0.1456  0.5618  1.0000  -1.7402   0.0000   0.0000   0.0000   0.3758
   4.500   1.1167   0.02884   0.01935  -0.1448  0.5433  1.0000  -1.7882   0.0000   0.0000   0.0000   0.3715
   4.750   1.1408   0.02958   0.01997  -0.1436  0.5258  1.0000  -1.8375   0.0000   0.0000   0.0000   0.3673
   5.000   1.1727   0.03015   0.02035  -0.1436  0.5093  1.0000  -1.8999   0.0000   0.0000   0.0000   0.3635
   5.250   1.1922   0.03108   0.02123  -0.1418  0.4933  1.0000  -1.9456   0.0000   0.0000   0.0000   0.3596
   5.500   1.2183   0.03185   0.02193  -0.1409  0.4781  1.0000  -2.0006   0.0000   0.0000   0.0000   0.3560
   5.750   1.2446   0.03263   0.02257  -0.1401  0.4636  1.0000  -2.0564   0.0000   0.0000   0.0000   0.3526
   6.000   1.2621   0.03364   0.02357  -0.1380  0.4495  1.0000  -2.0997   0.0000   0.0000   0.0000   0.3490
   6.250   1.2840   0.03455   0.02441  -0.1366  0.4359  1.0000  -2.1509   0.0000   0.0000   0.0000   0.3457
   6.500   1.3077   0.03546   0.02523  -0.1355  0.4233  1.0000  -2.2082   0.0000   0.0000   0.0000   0.3426
   6.750   1.3308   0.03644   0.02614  -0.1343  0.4114  1.0000  -2.2645   0.0000   0.0000   0.0000   0.3395
   7.000   1.3523   0.03749   0.02714  -0.1330  0.4000  1.0000  -2.3184   0.0000   0.0000   0.0000   0.3365
   7.250   1.3702   0.03868   0.02834  -0.1312  0.3893  1.0000  -2.3666   0.0000   0.0000   0.0000   0.3335
   7.500   1.3837   0.04011   0.02994  -0.1288  0.3796  1.0000  -2.4106   0.0000   0.0000   0.0000   0.3306
   7.750   1.3960   0.04169   0.03160  -0.1264  0.3708  1.0000  -2.4531   0.0000   0.0000   0.0000   0.3276
   8.000   1.4111   0.04323   0.03319  -0.1244  0.3625  1.0000  -2.5002   0.0000   0.0000   0.0000   0.3249
   8.250   1.4355   0.04452   0.03443  -0.1237  0.3543  1.0000  -2.5631   0.0000   0.0000   0.0000   0.3225
   8.500   1.4383   0.04648   0.03656  -0.1201  0.3468  1.0000  -2.5891   0.0000   0.0000   0.0000   0.3196
   8.750   1.4377   0.04864   0.03889  -0.1164  0.3399  1.0000  -2.6094   0.0000   0.0000   0.0000   0.3166
   9.000   1.4611   0.04993   0.04013  -0.1155  0.3322  1.0000  -2.6715   0.0000   0.0000   0.0000   0.3143
   9.250   1.4419   0.05274   0.04321  -0.1098  0.3264  1.0000  -2.6596   0.0000   0.0000   0.0000   0.3111
   9.500   1.4482   0.05470   0.04523  -0.1071  0.3201  1.0000  -2.6915   0.0000   0.0000   0.0000   0.3085
   9.750   1.4102   0.05863   0.04944  -0.1002  0.3162  1.0000  -2.6449   0.0000   0.0000   0.0000   0.3053
  10.000   1.2414   0.07401   0.06543  -0.0905  0.3172  1.0000  -2.3410   0.0000   0.0000   0.0000   0.3070
  10.250   1.3123   0.07057   0.06185  -0.0901  0.3096  1.0000  -2.4965   0.0000   0.0000   0.0000   0.3022
  10.500   0.9444   0.12755   0.11933  -0.1114  0.3179  1.0000  -1.5823   0.0000   0.0000   0.0000   0.3530
  10.750   0.9342   0.13412   0.12594  -0.1140  0.3189  1.0000  -1.5357   0.0000   0.0000   0.0000   0.3569
  11.000   0.9423   0.13918   0.13104  -0.1155  0.3229  1.0000  -1.5296   0.0000   0.0000   0.0000   0.3572
  15.000   0.9849   0.20288   0.19516  -0.1427  0.3028  1.0000  -1.4678   0.0000   0.0000   0.0000   0.3742
  15.500   1.0017   0.20888   0.20119  -0.1452  0.2918  1.0000  -1.4891   0.0000   0.0000   0.0000   0.3733
  16.000   1.0163   0.21470   0.20705  -0.1481  0.2815  1.0000  -1.4980   0.0000   0.0000   0.0000   0.3731
  17.500   0.8074   0.21931   0.21317  -0.1292  0.2378  1.0000  -0.9749   0.0000   0.0000   0.0000   0.3892
  18.000   0.8139   0.22485   0.21879  -0.1314  0.2283  1.0000  -0.9576   0.0000   0.0000   0.0000   0.3899
  18.500   0.8217   0.23054   0.22455  -0.1336  0.2187  1.0000  -0.9877   0.0000   0.0000   0.0000   0.3902
  19.000   0.8339   0.23711   0.23119  -0.1354  0.2126  1.0000  -1.0363   0.0000   0.0000   0.0000   0.3890
  19.500   0.8433   0.24290   0.23712  -0.1374  0.2043  1.0000  -1.0744   0.0000   0.0000   0.0000   0.3887
  20.000   0.8452   0.24864   0.24295  -0.1404  0.1984  1.0000  -1.0766   0.0000   0.0000   0.0000   0.3911


