xflr5 v6.61

 Calculated polar for: E63_15_00

 1 1 Reynolds number fixed          Mach number fixed         

 xtrf =   1.000 (top)        1.000 (bottom)
 Mach =   0.200     Re =     0.090 e 6     Ncrit =   7.000

  alpha     CL        CD       CDp       Cm    Top Xtr Bot Xtr   Cpmin    Chinge    XCp    
 ------- -------- --------- --------- -------- ------- ------- -------- --------- ---------
 -29.000  -0.7487   0.33151   0.32448   0.0481  1.0000  0.0377  -1.6359   0.0000   0.0000   0.0000   0.2661
 -28.500  -0.7332   0.32524   0.31820   0.0452  1.0000  0.0384  -1.5763   0.0000   0.0000   0.0000   0.2645
 -28.000  -0.7184   0.32044   0.31340   0.0418  1.0000  0.0392  -1.5366   0.0000   0.0000   0.0000   0.2621
 -27.500  -0.7037   0.31584   0.30880   0.0382  1.0000  0.0403  -1.5064   0.0000   0.0000   0.0000   0.2592
 -24.000  -0.6019   0.28251   0.27550   0.0127  1.0000  0.0468  -1.5278   0.0000   0.0000   0.0000   0.2314
 -23.500  -0.5845   0.27664   0.26964   0.0104  1.0000  0.0478  -1.4750   0.0000   0.0000   0.0000   0.2288
 -23.000  -0.5682   0.27158   0.26461   0.0078  1.0000  0.0491  -1.4429   0.0000   0.0000   0.0000   0.2252
 -22.500  -0.5523   0.26659   0.25963   0.0050  1.0000  0.0506  -1.4221   0.0000   0.0000   0.0000   0.2212
 -22.000  -0.5369   0.26155   0.25461   0.0021  1.0000  0.0525  -1.4103   0.0000   0.0000   0.0000   0.2166
 -21.500  -0.5224   0.25665   0.24975  -0.0011  1.0000  0.0545  -1.4176   0.0000   0.0000   0.0000   0.2111
 -21.000  -0.5109   0.25291   0.24600  -0.0050  1.0000  0.0555  -1.4613   0.0000   0.0000   0.0000   0.2041
 -20.500  -0.5028   0.25041   0.24355  -0.0090  1.0000  0.0558  -1.5184   0.0000   0.0000   0.0000   0.1968
 -20.000  -0.4796   0.24073   0.23392  -0.0094  1.0000  0.0569  -1.4153   0.0000   0.0000   0.0000   0.1950
 -19.500  -0.4613   0.23525   0.22847  -0.0107  1.0000  0.0593  -1.3580   0.0000   0.0000   0.0000   0.1917
 -19.000  -0.4460   0.23017   0.22342  -0.0128  1.0000  0.0622  -1.3508   0.0000   0.0000   0.0000   0.1866
 -18.500  -0.4333   0.22522   0.21851  -0.0155  1.0000  0.0646  -1.3798   0.0000   0.0000   0.0000   0.1800
 -18.000  -0.4254   0.22141   0.21475  -0.0189  1.0000  0.0655  -1.4506   0.0000   0.0000   0.0000   0.1720
 -17.500  -0.4185   0.21732   0.21071  -0.0219  1.0000  0.0659  -1.5108   0.0000   0.0000   0.0000   0.1650
 -17.000  -0.3936   0.20857   0.20199  -0.0214  1.0000  0.0671  -1.4047   0.0000   0.0000   0.0000   0.1625
 -16.500  -0.3774   0.20311   0.19657  -0.0222  1.0000  0.0691  -1.3634   0.0000   0.0000   0.0000   0.1581
 -16.000  -0.3639   0.19784   0.19136  -0.0235  1.0000  0.0716  -1.3500   0.0000   0.0000   0.0000   0.1527
 -15.500  -0.3551   0.19282   0.18639  -0.0256  1.0000  0.0746  -1.3809   0.0000   0.0000   0.0000   0.1459
 -15.000  -0.3563   0.18904   0.18269  -0.0288  1.0000  0.0756  -1.4805   0.0000   0.0000   0.0000   0.1385
 -14.500  -0.3387   0.18139   0.17511  -0.0287  1.0000  0.0766  -1.4357   0.0000   0.0000   0.0000   0.1344
 -14.000  -0.3212   0.17553   0.16931  -0.0281  1.0000  0.0791  -1.3690   0.0000   0.0000   0.0000   0.1315
 -13.500  -0.3122   0.17022   0.16404  -0.0288  1.0000  0.0837  -1.3758   0.0000   0.0000   0.0000   0.1274
 -13.000  -0.3245   0.16580   0.15971  -0.0321  1.0000  0.0864  -1.5732   0.0000   0.0000   0.0000   0.1228
 -12.500  -0.2984   0.15854   0.15251  -0.0296  1.0000  0.0908  -1.4909   0.0000   0.0000   0.0000   0.1218
 -12.000  -0.3142   0.15426   0.14831  -0.0323  1.0000  0.0970  -1.6835   0.0000   0.0000   0.0000   0.1206
 -11.500  -0.2881   0.14789   0.14199  -0.0294  1.0000  0.1031  -1.5688   0.0000   0.0000   0.0000   0.1206
 -11.000  -0.3078   0.14421   0.13840  -0.0316  1.0000  0.1076  -1.7102   0.0000   0.0000   0.0000   0.1229
 -10.500  -0.2863   0.13909   0.13334  -0.0287  1.0000  0.1174  -1.5833   0.0000   0.0000   0.0000   0.1251
 -10.000  -0.2808   0.13412   0.12846  -0.0273  1.0000  0.1214  -1.5481   0.0000   0.0000   0.0000   0.1293
  -9.500  -0.2832   0.13031   0.12476  -0.0261  1.0000  0.1280  -1.5386   0.0000   0.0000   0.0000   0.1359
  -9.000  -0.3176   0.12724   0.12183  -0.0270  1.0000  0.1295  -1.6755   0.0000   0.0000   0.0000   0.1464
  -8.500  -0.2911   0.12125   0.11591  -0.0229  1.0000  0.1317  -1.5233   0.0000   0.0000   0.0000   0.1527
  -8.000  -0.2921   0.11737   0.11211  -0.0202  1.0000  0.1346  -1.4837   0.0000   0.0000   0.0000   0.1634
  -7.000  -0.3380   0.10357   0.09851  -0.0227  0.9969  0.1095  -1.7211   0.0000   0.0000   0.0000   0.1687
  -6.000  -0.3380   0.07361   0.06839  -0.0573  0.9618  0.0965  -2.1995   0.0000   0.0000   0.0000   0.0660
  -5.500  -0.2973   0.04372   0.03722  -0.0982  0.9458  0.1004  -2.7218   0.0000   0.0000   0.0000  -0.0978
  -5.000  -0.2163   0.03701   0.02958  -0.1097  0.9341  0.1106  -2.6231   0.0000   0.0000   0.0000  -0.2791
  -4.500  -0.1349   0.03455   0.02673  -0.1160  0.9214  0.1235  -2.4106   0.0000   0.0000   0.0000  -0.6404
  -4.000  -0.0610   0.03300   0.02482  -0.1201  0.9049  0.1413  -2.1907   0.0000   0.0000   0.0000  -1.7774
  -3.500   0.0175   0.03163   0.02335  -0.1239  0.8904  0.1562  -1.9731   0.0000   0.0000   0.0000   7.5072
  -3.000   0.0921   0.02999   0.02132  -0.1271  0.8733  0.1733  -1.7943   0.0000   0.0000   0.0000   1.6573
  -2.500   0.1720   0.02842   0.01976  -0.1304  0.8582  0.1882  -1.5916   0.0000   0.0000   0.0000   1.0192
  -2.000   0.2456   0.02696   0.01810  -0.1324  0.8397  0.2065  -1.4070   0.0000   0.0000   0.0000   0.7946
  -1.500   0.3285   0.02523   0.01634  -0.1355  0.8253  0.2280  -1.2061   0.0000   0.0000   0.0000   0.6645
  -1.000   0.4035   0.02375   0.01492  -0.1371  0.8055  0.2505  -1.0223   0.0000   0.0000   0.0000   0.5899
  -0.500   0.4839   0.02232   0.01356  -0.1396  0.7842  0.2822  -0.9194   0.0000   0.0000   0.0000   0.5371
   0.000   0.5702   0.02090   0.01222  -0.1431  0.7593  0.3180  -1.0148   0.0000   0.0000   0.0000   0.4984
   0.500   0.6518   0.01997   0.01135  -0.1460  0.7269  0.3621  -1.1102   0.0000   0.0000   0.0000   0.4706
   1.000   0.7243   0.01951   0.01095  -0.1475  0.6887  0.4186  -1.2071   0.0000   0.0000   0.0000   0.4494
   1.500   0.7915   0.01931   0.01080  -0.1480  0.6488  0.4937  -1.3033   0.0000   0.0000   0.0000   0.4320
   2.000   0.8490   0.01932   0.01089  -0.1467  0.6087  0.5867  -1.3934   0.0000   0.0000   0.0000   0.4170
   2.500   0.8952   0.01936   0.01113  -0.1430  0.5709  0.7175  -1.4834   0.0000   0.0000   0.0000   0.4033
   3.000   0.9364   0.01928   0.01113  -0.1384  0.5354  1.0000  -1.5695   0.0000   0.0000   0.0000   0.3906
   3.500   0.9889   0.02012   0.01151  -0.1371  0.5009  1.0000  -1.6668   0.0000   0.0000   0.0000   0.3807
   4.000   1.0375   0.02103   0.01206  -0.1350  0.4691  1.0000  -1.7615   0.0000   0.0000   0.0000   0.3715
   4.500   1.0849   0.02201   0.01273  -0.1328  0.4405  1.0000  -1.8559   0.0000   0.0000   0.0000   0.3631
   5.000   1.1299   0.02306   0.01354  -0.1302  0.4139  1.0000  -1.9496   0.0000   0.0000   0.0000   0.3552
   5.500   1.1741   0.02416   0.01440  -0.1276  0.3899  1.0000  -2.0566   0.0000   0.0000   0.0000   0.3478
   6.000   1.2168   0.02534   0.01544  -0.1247  0.3681  1.0000  -2.1625   0.0000   0.0000   0.0000   0.3409
   6.500   1.2577   0.02661   0.01658  -0.1216  0.3482  1.0000  -2.2666   0.0000   0.0000   0.0000   0.3344
   7.000   1.2967   0.02793   0.01777  -0.1183  0.3296  1.0000  -2.3698   0.0000   0.0000   0.0000   0.3282
   7.500   1.3362   0.02932   0.01911  -0.1152  0.3129  1.0000  -2.4792   0.0000   0.0000   0.0000   0.3224
   8.000   1.3740   0.03089   0.02065  -0.1119  0.2981  1.0000  -2.5895   0.0000   0.0000   0.0000   0.3168
   8.500   1.4102   0.03259   0.02236  -0.1085  0.2847  1.0000  -2.6972   0.0000   0.0000   0.0000   0.3116
   9.000   1.4443   0.03436   0.02414  -0.1049  0.2722  1.0000  -2.8121   0.0000   0.0000   0.0000   0.3064
   9.500   1.4754   0.03624   0.02605  -0.1011  0.2605  1.0000  -2.9247   0.0000   0.0000   0.0000   0.3015
  10.000   1.5033   0.03830   0.02818  -0.0970  0.2499  1.0000  -3.0320   0.0000   0.0000   0.0000   0.2966
  10.500   1.5271   0.04060   0.03066  -0.0927  0.2401  1.0000  -3.1323   0.0000   0.0000   0.0000   0.2919
  11.000   1.5504   0.04316   0.03335  -0.0886  0.2316  1.0000  -3.2302   0.0000   0.0000   0.0000   0.2875
  11.500   1.5806   0.04559   0.03580  -0.0855  0.2238  1.0000  -3.3478   0.0000   0.0000   0.0000   0.2835
  12.000   1.5824   0.04912   0.03966  -0.0800  0.2163  1.0000  -3.4193   0.0000   0.0000   0.0000   0.2790
  12.500   1.5798   0.05330   0.04414  -0.0749  0.2096  1.0000  -3.4986   0.0000   0.0000   0.0000   0.2750
  13.000   1.6107   0.05596   0.04682  -0.0727  0.2032  1.0000  -3.6566   0.0000   0.0000   0.0000   0.2717
  13.500   1.5532   0.06452   0.05606  -0.0670  0.1983  1.0000  -3.5964   0.0000   0.0000   0.0000   0.2687
  14.000   1.5842   0.06717   0.05866  -0.0653  0.1922  1.0000  -3.7560   0.0000   0.0000   0.0000   0.2657
  14.500   1.0832   0.15356   0.14665  -0.1047  0.1735  1.0000  -2.1749   0.0000   0.0000   0.0000   0.3226
  15.500   1.0712   0.17524   0.16845  -0.1158  0.1625  1.0000  -2.0816   0.0000   0.0000   0.0000   0.3329
  16.000   1.0696   0.18475   0.17801  -0.1212  0.1558  1.0000  -2.0425   0.0000   0.0000   0.0000   0.3375
  16.500   1.0791   0.19232   0.18563  -0.1251  0.1518  1.0000  -2.0443   0.0000   0.0000   0.0000   0.3392
  17.000   1.0890   0.19978   0.19318  -0.1289  0.1479  1.0000  -2.0431   0.0000   0.0000   0.0000   0.3408
  17.500   1.0948   0.20712   0.20058  -0.1336  0.1412  1.0000  -2.0194   0.0000   0.0000   0.0000   0.3436
  18.000   1.1053   0.21421   0.20771  -0.1376  0.1371  1.0000  -2.0076   0.0000   0.0000   0.0000   0.3451
  18.500   1.1060   0.22316   0.21671  -0.1439  0.1338  1.0000  -1.9186   0.0000   0.0000   0.0000   0.3500
  19.000   1.1303   0.22690   0.22049  -0.1451  0.1272  1.0000  -1.9944   0.0000   0.0000   0.0000   0.3469
  19.500   1.1304   0.23581   0.22945  -0.1520  0.1238  1.0000  -1.9078   0.0000   0.0000   0.0000   0.3522
  20.000   1.1400   0.24372   0.23742  -0.1570  0.1254  1.0000  -1.9161   0.0000   0.0000   0.0000   0.3546


