xflr5 v6.61

 Calculated polar for: E63_7_00

 1 1 Reynolds number fixed          Mach number fixed         

 xtrf =   1.000 (top)        1.000 (bottom)
 Mach =   0.200     Re =     0.070 e 6     Ncrit =   9.000

  alpha     CL        CD       CDp       Cm    Top Xtr Bot Xtr   Cpmin    Chinge    XCp    
 ------- -------- --------- --------- -------- ------- ------- -------- --------- ---------
 -20.000  -0.4087   0.21875   0.21253  -0.0111  1.0000  0.0383  -0.9404   0.0000   0.0000   0.0000   0.2172
 -19.500  -0.4001   0.21400   0.20777  -0.0123  1.0000  0.0397  -0.9147   0.0000   0.0000   0.0000   0.2138
 -19.000  -0.3922   0.20997   0.20373  -0.0136  1.0000  0.0414  -0.9025   0.0000   0.0000   0.0000   0.2098
 -18.500  -0.3849   0.20626   0.19998  -0.0151  1.0000  0.0434  -0.8984   0.0000   0.0000   0.0000   0.2056
 -18.000  -0.3790   0.20352   0.19724  -0.0167  1.0000  0.0452  -0.9135   0.0000   0.0000   0.0000   0.2006
 -17.500  -0.3776   0.20327   0.19699  -0.0188  1.0000  0.0459  -0.9598   0.0000   0.0000   0.0000   0.1951
 -17.000  -0.3719   0.19947   0.19322  -0.0200  1.0000  0.0464  -0.9942   0.0000   0.0000   0.0000   0.1911
 -16.500  -0.3585   0.19175   0.18550  -0.0200  1.0000  0.0482  -0.9408   0.0000   0.0000   0.0000   0.1891
 -16.000  -0.3514   0.18798   0.18173  -0.0207  1.0000  0.0501  -0.9451   0.0000   0.0000   0.0000   0.1860
 -15.500  -0.3457   0.18475   0.17850  -0.0216  1.0000  0.0523  -0.9652   0.0000   0.0000   0.0000   0.1825
 -15.000  -0.3411   0.18179   0.17555  -0.0226  1.0000  0.0544  -1.0014   0.0000   0.0000   0.0000   0.1785
 -14.500  -0.3415   0.18028   0.17402  -0.0242  1.0000  0.0555  -1.0735   0.0000   0.0000   0.0000   0.1743
 -14.000  -0.3480   0.18009   0.17385  -0.0258  1.0000  0.0558  -1.1684   0.0000   0.0000   0.0000   0.1710
 -13.500  -0.3257   0.16892   0.16272  -0.0245  1.0000  0.0583  -1.0566   0.0000   0.0000   0.0000   0.1696
 -13.000  -0.3193   0.16415   0.15797  -0.0248  1.0000  0.0609  -1.0506   0.0000   0.0000   0.0000   0.1674
 -12.500  -0.3152   0.15979   0.15364  -0.0253  1.0000  0.0638  -1.0680   0.0000   0.0000   0.0000   0.1646
 -12.000  -0.3172   0.15704   0.15094  -0.0267  1.0000  0.0654  -1.1315   0.0000   0.0000   0.0000   0.1611
 -11.500  -0.3111   0.15105   0.14502  -0.0268  1.0000  0.0666  -1.1299   0.0000   0.0000   0.0000   0.1592
 -11.000  -0.2994   0.14442   0.13844  -0.0258  1.0000  0.0700  -1.0677   0.0000   0.0000   0.0000   0.1590
 -10.500  -0.2966   0.13987   0.13395  -0.0261  1.0000  0.0740  -1.0765   0.0000   0.0000   0.0000   0.1575
 -10.000  -0.3079   0.13833   0.13252  -0.0275  1.0000  0.0756  -1.1703   0.0000   0.0000   0.0000   0.1565
  -9.750  -0.2911   0.13183   0.12604  -0.0258  1.0000  0.0780  -1.0720   0.0000   0.0000   0.0000   0.1572
  -9.500  -0.2867   0.12891   0.12311  -0.0252  1.0000  0.0806  -1.0436   0.0000   0.0000   0.0000   0.1581
  -9.250  -0.2855   0.12651   0.12076  -0.0249  1.0000  0.0832  -1.0421   0.0000   0.0000   0.0000   0.1587
  -9.000  -0.2884   0.12484   0.11915  -0.0251  1.0000  0.0853  -1.0770   0.0000   0.0000   0.0000   0.1591
  -8.750  -0.2965   0.12411   0.11849  -0.0255  1.0000  0.0861  -1.1339   0.0000   0.0000   0.0000   0.1603
  -8.500  -0.3072   0.12369   0.11816  -0.0259  1.0000  0.0865  -1.1963   0.0000   0.0000   0.0000   0.1627
  -8.250  -0.2828   0.11628   0.11075  -0.0233  1.0000  0.0899  -1.0894   0.0000   0.0000   0.0000   0.1641
  -8.000  -0.2816   0.11377   0.10830  -0.0226  1.0000  0.0925  -1.0922   0.0000   0.0000   0.0000   0.1665
  -7.750  -0.2846   0.11187   0.10646  -0.0221  1.0000  0.0951  -1.1163   0.0000   0.0000   0.0000   0.1691
  -7.500  -0.2945   0.11101   0.10569  -0.0219  1.0000  0.0965  -1.1682   0.0000   0.0000   0.0000   0.1727
  -7.250  -0.3088   0.11070   0.10549  -0.0214  1.0000  0.0970  -1.2288   0.0000   0.0000   0.0000   0.1781
  -7.000  -0.2890   0.10454   0.09935  -0.0194  1.0000  0.1000  -1.1539   0.0000   0.0000   0.0000   0.1801
  -6.750  -0.2896   0.10220   0.09706  -0.0181  1.0000  0.1030  -1.1542   0.0000   0.0000   0.0000   0.1850
  -6.500  -0.2970   0.10065   0.09559  -0.0169  1.0000  0.1056  -1.1802   0.0000   0.0000   0.0000   0.1908
  -6.250  -0.3126   0.10014   0.09519  -0.0154  1.0000  0.1070  -1.2289   0.0000   0.0000   0.0000   0.1987
  -6.000  -0.3291   0.09985   0.09502  -0.0152  1.0000  0.1076  -1.2918   0.0000   0.0000   0.0000   0.2021
  -5.250  -0.3525   0.09426   0.08921  -0.0136  1.0000  0.1117  -1.3949   0.0000   0.0000   0.0000   0.2088
  -5.000  -0.3499   0.09195   0.08696  -0.0144  1.0000  0.1159  -1.4062   0.0000   0.0000   0.0000   0.2062
  -4.750  -0.3234   0.08529   0.08076  -0.0107  1.0000  0.1216  -1.2806   0.0000   0.0000   0.0000   0.2156
  -4.500  -0.3210   0.08277   0.07829  -0.0108  1.0000  0.1262  -1.2816   0.0000   0.0000   0.0000   0.2149
  -4.000  -0.3117   0.07700   0.07262  -0.0134  1.0000  0.1338  -1.2988   0.0000   0.0000   0.0000   0.2056
  -3.750  -0.2932   0.07705   0.07223  -0.0316  1.0000  0.1408  -1.4771   0.0000   0.0000   0.0000   0.1399
  -3.500  -0.2923   0.07085   0.06648  -0.0181  1.0000  0.1450  -1.3041   0.0000   0.0000   0.0000   0.1869
  -3.250  -0.2733   0.06731   0.06293  -0.0241  1.0000  0.1531  -1.3181   0.0000   0.0000   0.0000   0.1605
  -3.000  -0.2503   0.06377   0.05936  -0.0300  1.0000  0.1633  -1.3177   0.0000   0.0000   0.0000   0.1287
  -2.750  -0.2324   0.06051   0.05610  -0.0324  1.0000  0.1747  -1.2922   0.0000   0.0000   0.0000   0.1088
  -1.750   0.1008   0.03573   0.02848  -0.1071  1.0000  0.0964  -1.6786   0.0000   0.0000   0.0000   1.3174
  -1.500   0.1560   0.03225   0.02441  -0.1135  1.0000  0.0925  -1.6435   0.0000   0.0000   0.0000   0.9801
  -1.250   0.2083   0.02969   0.02102  -0.1183  1.0000  0.0946  -1.6524   0.0000   0.0000   0.0000   0.8200
  -1.000   0.2485   0.02818   0.01911  -0.1207  1.0000  0.1050  -1.6214   0.0000   0.0000   0.0000   0.7370
  -0.750   0.2818   0.02753   0.01839  -0.1221  1.0000  0.1360  -1.5422   0.0000   0.0000   0.0000   0.6841
  -0.500   0.3112   0.02744   0.01829  -0.1231  1.0000  0.1841  -1.4176   0.0000   0.0000   0.0000   0.6460
  -0.250   0.3446   0.02696   0.01796  -0.1245  1.0000  0.2345  -1.2844   0.0000   0.0000   0.0000   0.6111
   0.000   0.3753   0.02678   0.01801  -0.1254  1.0000  0.3221  -1.1291   0.0000   0.0000   0.0000   0.5839
   0.250   0.4071   0.02653   0.01828  -0.1265  1.0000  0.4636  -0.9574   0.0000   0.0000   0.0000   0.5600
   0.500   0.4166   0.02546   0.01855  -0.1225  1.0000  0.9313  -0.8712   0.0000   0.0000   0.0000   0.5431
   1.000   0.4812   0.02748   0.01975  -0.1267  0.9901  1.0000  -0.5906   0.0000   0.0000   0.0000   0.5118
   1.250   0.5323   0.02837   0.02037  -0.1319  0.9745  1.0000  -0.6351   0.0000   0.0000   0.0000   0.4959
   1.500   0.5827   0.02900   0.02080  -0.1366  0.9597  1.0000  -0.6825   0.0000   0.0000   0.0000   0.4822
   1.750   0.6295   0.02939   0.02105  -0.1404  0.9434  1.0000  -0.7294   0.0000   0.0000   0.0000   0.4707
   2.000   0.6758   0.02962   0.02120  -0.1439  0.9271  1.0000  -0.7812   0.0000   0.0000   0.0000   0.4603
   2.250   0.7257   0.02962   0.02114  -0.1476  0.9115  1.0000  -0.8415   0.0000   0.0000   0.0000   0.4506
   2.500   0.7701   0.02948   0.02100  -0.1502  0.8937  1.0000  -0.9026   0.0000   0.0000   0.0000   0.4420
   2.750   0.8228   0.02898   0.02052  -0.1537  0.8788  1.0000  -0.9739   0.0000   0.0000   0.0000   0.4335
   3.000   0.8654   0.02851   0.02011  -0.1554  0.8600  1.0000  -1.0393   0.0000   0.0000   0.0000   0.4259
   3.250   0.9129   0.02771   0.01938  -0.1574  0.8427  1.0000  -1.1180   0.0000   0.0000   0.0000   0.4186
   3.500   0.9646   0.02644   0.01825  -0.1596  0.8265  1.0000  -1.2069   0.0000   0.0000   0.0000   0.4113
   3.750   1.0132   0.02512   0.01705  -0.1610  0.8073  1.0000  -1.2985   0.0000   0.0000   0.0000   0.4045
   4.000   1.0676   0.02358   0.01565  -0.1632  0.7862  1.0000  -1.4108   0.0000   0.0000   0.0000   0.3981
   4.250   1.1276   0.02199   0.01421  -0.1662  0.7600  1.0000  -1.5622   0.0000   0.0000   0.0000   0.3924
   4.500   1.1719   0.02120   0.01346  -0.1669  0.7216  1.0000  -1.6881   0.0000   0.0000   0.0000   0.3871
   4.750   1.2142   0.02080   0.01297  -0.1674  0.6757  1.0000  -1.8124   0.0000   0.0000   0.0000   0.3822
   5.000   1.2474   0.02096   0.01304  -0.1667  0.6259  1.0000  -1.9458   0.0000   0.0000   0.0000   0.3776
   5.250   1.2751   0.02149   0.01334  -0.1652  0.5761  1.0000  -2.1125   0.0000   0.0000   0.0000   0.3733
   5.500   1.2989   0.02227   0.01387  -0.1634  0.5285  1.0000  -2.2702   0.0000   0.0000   0.0000   0.3691
   5.750   1.3207   0.02320   0.01457  -0.1614  0.4840  1.0000  -2.4233   0.0000   0.0000   0.0000   0.3652
   6.000   1.3418   0.02423   0.01537  -0.1594  0.4431  1.0000  -2.5798   0.0000   0.0000   0.0000   0.3615
   6.250   1.3615   0.02536   0.01635  -0.1572  0.4051  1.0000  -2.7543   0.0000   0.0000   0.0000   0.3579
   6.500   1.3816   0.02656   0.01739  -0.1553  0.3706  1.0000  -2.9329   0.0000   0.0000   0.0000   0.3544
   6.750   1.4020   0.02783   0.01855  -0.1534  0.3395  1.0000  -3.1134   0.0000   0.0000   0.0000   0.3511
   7.000   1.4211   0.02909   0.01980  -0.1514  0.3103  1.0000  -3.2939   0.0000   0.0000   0.0000   0.3479
   7.250   1.4357   0.03022   0.02089  -0.1487  0.2816  1.0000  -3.4612   0.0000   0.0000   0.0000   0.3446
   7.500   1.4481   0.03127   0.02188  -0.1458  0.2547  1.0000  -3.6253   0.0000   0.0000   0.0000   0.3413
   7.750   1.4593   0.03235   0.02298  -0.1427  0.2296  1.0000  -3.7841   0.0000   0.0000   0.0000   0.3381
   8.000   1.4721   0.03361   0.02425  -0.1400  0.2072  1.0000  -3.9451   0.0000   0.0000   0.0000   0.3350
   8.250   1.4880   0.03520   0.02589  -0.1377  0.1872  1.0000  -4.1061   0.0000   0.0000   0.0000   0.3321
   8.500   1.5003   0.03681   0.02755  -0.1350  0.1670  1.0000  -4.2503   0.0000   0.0000   0.0000   0.3291
   8.750   1.5099   0.03853   0.02926  -0.1319  0.1475  1.0000  -4.3783   0.0000   0.0000   0.0000   0.3261
   9.000   1.5217   0.04068   0.03141  -0.1292  0.1290  1.0000  -4.4902   0.0000   0.0000   0.0000   0.3233
   9.250   1.5287   0.04299   0.03392  -0.1258  0.1123  1.0000  -4.5635   0.0000   0.0000   0.0000   0.3203
   9.500   1.5421   0.04581   0.03677  -0.1235  0.0989  1.0000  -4.6382   0.0000   0.0000   0.0000   0.3177
   9.750   1.5570   0.04918   0.04046  -0.1213  0.0893  1.0000  -4.6897   0.0000   0.0000   0.0000   0.3152
  10.000   1.5696   0.05305   0.04469  -0.1191  0.0836  1.0000  -4.7266   0.0000   0.0000   0.0000   0.3127
  10.250   1.5777   0.05676   0.04878  -0.1163  0.0798  1.0000  -4.7971   0.0000   0.0000   0.0000   0.3103
  10.500   1.5930   0.06086   0.05293  -0.1151  0.0765  1.0000  -4.9227   0.0000   0.0000   0.0000   0.3084
  10.750   1.5787   0.06448   0.05711  -0.1100  0.0755  1.0000  -4.9010   0.0000   0.0000   0.0000   0.3055
  11.000   1.5612   0.06825   0.06134  -0.1052  0.0747  1.0000  -4.8726   0.0000   0.0000   0.0000   0.3029
  11.250   1.5414   0.07233   0.06583  -0.1010  0.0741  1.0000  -4.8364   0.0000   0.0000   0.0000   0.3007
  11.500   1.5194   0.07682   0.07068  -0.0976  0.0737  1.0000  -4.7899   0.0000   0.0000   0.0000   0.2991
  11.750   1.4956   0.08181   0.07601  -0.0954  0.0736  1.0000  -4.7309   0.0000   0.0000   0.0000   0.2982
  12.000   1.4700   0.08741   0.08192  -0.0943  0.0737  1.0000  -4.6576   0.0000   0.0000   0.0000   0.2983
  12.250   1.4435   0.09369   0.08847  -0.0947  0.0742  1.0000  -4.5706   0.0000   0.0000   0.0000   0.2993
  12.500   1.4169   0.10068   0.09568  -0.0965  0.0748  1.0000  -4.4721   0.0000   0.0000   0.0000   0.3015
  12.750   1.3915   0.10832   0.10350  -0.0997  0.0754  1.0000  -4.3648   0.0000   0.0000   0.0000   0.3047
  13.000   1.3682   0.11652   0.11185  -0.1040  0.0761  1.0000  -4.2512   0.0000   0.0000   0.0000   0.3087
  13.250   1.3480   0.12511   0.12053  -0.1090  0.0766  1.0000  -4.1344   0.0000   0.0000   0.0000   0.3132
  13.500   1.2611   0.15521   0.15060  -0.1338  0.0863  1.0000  -3.2584   0.0000   0.0000   0.0000   0.3390
  16.000   0.9774   0.22712   0.22305  -0.1542  0.1492  1.0000  -1.4468   0.0000   0.0000   0.0000   0.3900
  16.500   0.9692   0.23346   0.22943  -0.1585  0.1413  1.0000  -1.3707   0.0000   0.0000   0.0000   0.3951
  17.000   0.9703   0.24121   0.23723  -0.1617  0.1333  1.0000  -1.3366   0.0000   0.0000   0.0000   0.3974
  17.500   0.9752   0.24917   0.24524  -0.1643  0.1253  1.0000  -1.3240   0.0000   0.0000   0.0000   0.3983
  18.000   0.9905   0.25833   0.25448  -0.1652  0.1182  1.0000  -1.3738   0.0000   0.0000   0.0000   0.3957
  18.500   0.9834   0.26539   0.26155  -0.1701  0.1136  1.0000  -1.2980   0.0000   0.0000   0.0000   0.4011


