xflr5 v6.61

 Calculated polar for: E63_16_00

 1 1 Reynolds number fixed          Mach number fixed         

 xtrf =   1.000 (top)        1.000 (bottom)
 Mach =   0.200     Re =     0.070 e 6     Ncrit =   9.000

  alpha     CL        CD       CDp       Cm    Top Xtr Bot Xtr   Cpmin    Chinge    XCp    
 ------- -------- --------- --------- -------- ------- ------- -------- --------- ---------
 -20.000  -0.4572   0.24179   0.23402  -0.0104  1.0000  0.0825  -1.3292   0.0000   0.0000   0.0000   0.1877
 -19.500  -0.4446   0.23754   0.22981  -0.0133  1.0000  0.0854  -1.3508   0.0000   0.0000   0.0000   0.1810
 -19.000  -0.4418   0.23689   0.22922  -0.0175  1.0000  0.0864  -1.4332   0.0000   0.0000   0.0000   0.1727
 -18.500  -0.4163   0.22657   0.21895  -0.0175  1.0000  0.0880  -1.3500   0.0000   0.0000   0.0000   0.1695
 -18.000  -0.3988   0.22087   0.21328  -0.0187  1.0000  0.0909  -1.3108   0.0000   0.0000   0.0000   0.1649
 -17.500  -0.3855   0.21599   0.20845  -0.0206  1.0000  0.0948  -1.3081   0.0000   0.0000   0.0000   0.1588
 -17.000  -0.3854   0.21442   0.20695  -0.0243  1.0000  0.0970  -1.3930   0.0000   0.0000   0.0000   0.1506
 -16.500  -0.3612   0.20518   0.19777  -0.0240  1.0000  0.0991  -1.3180   0.0000   0.0000   0.0000   0.1464
 -16.000  -0.3458   0.19967   0.19233  -0.0248  1.0000  0.1036  -1.2908   0.0000   0.0000   0.0000   0.1413
 -15.500  -0.3524   0.19837   0.19111  -0.0284  1.0000  0.1077  -1.4113   0.0000   0.0000   0.0000   0.1344
 -15.000  -0.3235   0.18869   0.18150  -0.0269  1.0000  0.1121  -1.3416   0.0000   0.0000   0.0000   0.1303
 -14.500  -0.3314   0.18680   0.17969  -0.0300  1.0000  0.1186  -1.4836   0.0000   0.0000   0.0000   0.1256
 -14.000  -0.3045   0.17803   0.17095  -0.0284  1.0000  0.1267  -1.4254   0.0000   0.0000   0.0000   0.1214
 -13.500  -0.2943   0.17289   0.16588  -0.0285  1.0000  0.1364  -1.4334   0.0000   0.0000   0.0000   0.1183
 -13.000  -0.2891   0.16809   0.16114  -0.0291  1.0000  0.1425  -1.4527   0.0000   0.0000   0.0000   0.1156
 -12.500  -0.2783   0.16318   0.15629  -0.0287  1.0000  0.1485  -1.4257   0.0000   0.0000   0.0000   0.1135
 -12.000  -0.2854   0.15994   0.15316  -0.0298  1.0000  0.1517  -1.4731   0.0000   0.0000   0.0000   0.1147
 -11.500  -0.2640   0.15332   0.14659  -0.0280  1.0000  0.1559  -1.3829   0.0000   0.0000   0.0000   0.1124
 -11.000  -0.2712   0.15038   0.14376  -0.0282  1.0000  0.1617  -1.4075   0.0000   0.0000   0.0000   0.1169
 -10.500  -0.2591   0.14444   0.13791  -0.0266  1.0000  0.1646  -1.3489   0.0000   0.0000   0.0000   0.1184
 -10.000  -0.2546   0.14026   0.13383  -0.0251  1.0000  0.1707  -1.3101   0.0000   0.0000   0.0000   0.1238
  -9.750  -0.2754   0.14030   0.13396  -0.0256  1.0000  0.1731  -1.3747   0.0000   0.0000   0.0000   0.1324
  -9.500  -0.2630   0.13648   0.13018  -0.0242  1.0000  0.1744  -1.3184   0.0000   0.0000   0.0000   0.1330
  -9.250  -0.2533   0.13379   0.12754  -0.0226  1.0000  0.1773  -1.2653   0.0000   0.0000   0.0000   0.1356
  -9.000  -0.2553   0.13216   0.12594  -0.0216  1.0000  0.1815  -1.2537   0.0000   0.0000   0.0000   0.1413
  -8.750  -0.2841   0.13263   0.12654  -0.0218  1.0000  0.1842  -1.3335   0.0000   0.0000   0.0000   0.1525
  -8.500  -0.2616   0.12835   0.12227  -0.0196  1.0000  0.1866  -1.2383   0.0000   0.0000   0.0000   0.1533
  -8.250  -0.2589   0.12642   0.12041  -0.0180  1.0000  0.1902  -1.2054   0.0000   0.0000   0.0000   0.1591
  -8.000  -0.2730   0.12558   0.11965  -0.0171  1.0000  0.1941  -1.2290   0.0000   0.0000   0.0000   0.1677
  -7.750  -0.2897   0.12446   0.11864  -0.0163  1.0000  0.1956  -1.2607   0.0000   0.0000   0.0000   0.1760
  -7.500  -0.2764   0.12144   0.11566  -0.0142  1.0000  0.1977  -1.2208   0.0000   0.0000   0.0000   0.1806
  -7.250  -0.2762   0.11970   0.11398  -0.0125  1.0000  0.2007  -1.2162   0.0000   0.0000   0.0000   0.1875
  -7.000  -0.2901   0.11875   0.11312  -0.0112  1.0000  0.2045  -1.2468   0.0000   0.0000   0.0000   0.1957
  -6.750  -0.3216   0.11855   0.11305  -0.0102  1.0000  0.2063  -1.3191   0.0000   0.0000   0.0000   0.2047
  -6.500  -0.3047   0.11539   0.10993  -0.0080  1.0000  0.2083  -1.2742   0.0000   0.0000   0.0000   0.2097
  -6.250  -0.3054   0.11377   0.10838  -0.0061  1.0000  0.2113  -1.2677   0.0000   0.0000   0.0000   0.2168
  -6.000  -0.3229   0.11296   0.10766  -0.0044  1.0000  0.2153  -1.2994   0.0000   0.0000   0.0000   0.2242
  -5.500  -0.3461   0.11004   0.10491  -0.0007  1.0000  0.2193  -1.3352   0.0000   0.0000   0.0000   0.2374
  -5.250  -0.3497   0.10861   0.10355   0.0014  1.0000  0.2224  -1.3311   0.0000   0.0000   0.0000   0.2440
  -5.000  -0.3504   0.10618   0.10114  -0.0058  0.9885  0.2287  -1.3854   0.0000   0.0000   0.0000   0.2237
  -4.750  -0.3101   0.10259   0.09752  -0.0096  0.9792  0.2351  -1.3296   0.0000   0.0000   0.0000   0.2087
  -4.500  -0.3004   0.09922   0.09417  -0.0148  0.9666  0.2410  -1.3493   0.0000   0.0000   0.0000   0.1904
  -4.250  -0.2907   0.09571   0.09065  -0.0231  0.9533  0.2501  -1.3861   0.0000   0.0000   0.0000   0.1603
  -4.000  -0.2570   0.09269   0.08763  -0.0229  0.9434  0.2567  -1.3223   0.0000   0.0000   0.0000   0.1502
  -3.500  -0.2133   0.06960   0.06400  -0.0620  0.9208  0.1973  -1.6608   0.0000   0.0000   0.0000  -0.0545
  -3.250  -0.1932   0.07436   0.06896  -0.0535  0.9063  0.2375  -1.4763   0.0000   0.0000   0.0000  -0.0402
  -3.000  -0.1110   0.05349   0.04683  -0.0909  0.9014  0.2052  -1.7772   0.0000   0.0000   0.0000  -0.5946
  -2.750  -0.0692   0.05166   0.04493  -0.0946  0.8904  0.2123  -1.7071   0.0000   0.0000   0.0000  -1.1526
  -2.500  -0.0217   0.04909   0.04209  -0.1003  0.8796  0.2227  -1.6461   0.0000   0.0000   0.0000  -4.4701
  -2.250   0.0307   0.04578   0.03829  -0.1073  0.8692  0.2302  -1.5953   0.0000   0.0000   0.0000   3.8189
  -2.000   0.0774   0.04407   0.03632  -0.1114  0.8582  0.2406  -1.5150   0.0000   0.0000   0.0000   1.7132
  -1.750   0.1234   0.04259   0.03463  -0.1149  0.8472  0.2510  -1.4301   0.0000   0.0000   0.0000   1.1940
  -1.500   0.1702   0.04108   0.03283  -0.1184  0.8362  0.2607  -1.3455   0.0000   0.0000   0.0000   0.9528
  -1.250   0.2142   0.04000   0.03167  -0.1207  0.8251  0.2723  -1.2524   0.0000   0.0000   0.0000   0.8178
  -1.000   0.2588   0.03884   0.03043  -0.1229  0.8141  0.2837  -1.1599   0.0000   0.0000   0.0000   0.7274
  -0.500   0.3349   0.03702   0.02851  -0.1251  0.7881  0.3074  -0.9925   0.0000   0.0000   0.0000   0.6233
   0.000   0.4248   0.03458   0.02607  -0.1281  0.7665  0.3424  -0.9287   0.0000   0.0000   0.0000   0.5495
   0.250   0.4825   0.03268   0.02413  -0.1311  0.7588  0.3634  -0.9885   0.0000   0.0000   0.0000   0.5190
   0.500   0.5372   0.03103   0.02248  -0.1338  0.7491  0.3860  -1.0477   0.0000   0.0000   0.0000   0.4957
   1.000   0.6247   0.02908   0.02061  -0.1363  0.7213  0.4383  -1.1483   0.0000   0.0000   0.0000   0.4639
   1.250   0.6819   0.02784   0.01946  -0.1395  0.7081  0.4762  -1.2145   0.0000   0.0000   0.0000   0.4499
   1.500   0.7356   0.02683   0.01850  -0.1423  0.6933  0.5181  -1.2807   0.0000   0.0000   0.0000   0.4383
   1.750   0.7729   0.02637   0.01809  -0.1426  0.6756  0.5588  -1.3317   0.0000   0.0000   0.0000   0.4290
   2.000   0.8097   0.02595   0.01774  -0.1427  0.6581  0.6068  -1.3829   0.0000   0.0000   0.0000   0.4204
   2.250   0.8465   0.02550   0.01737  -0.1427  0.6411  0.6673  -1.4362   0.0000   0.0000   0.0000   0.4124
   2.500   0.8671   0.02536   0.01739  -0.1400  0.6237  0.7324  -1.4776   0.0000   0.0000   0.0000   0.4049
   2.750   0.8857   0.02482   0.01708  -0.1363  0.6087  0.8349  -1.5182   0.0000   0.0000   0.0000   0.3969
   3.000   0.9281   0.02474   0.01681  -0.1388  0.5892  1.0000  -1.5798   0.0000   0.0000   0.0000   0.3923
   3.250   0.9648   0.02514   0.01687  -0.1401  0.5715  1.0000  -1.6373   0.0000   0.0000   0.0000   0.3876
   3.500   0.9959   0.02561   0.01707  -0.1403  0.5546  1.0000  -1.6897   0.0000   0.0000   0.0000   0.3828
   3.750   1.0240   0.02615   0.01739  -0.1398  0.5386  1.0000  -1.7392   0.0000   0.0000   0.0000   0.3782
   4.000   1.0504   0.02673   0.01779  -0.1391  0.5231  1.0000  -1.7872   0.0000   0.0000   0.0000   0.3737
   4.250   1.0831   0.02723   0.01805  -0.1394  0.5087  1.0000  -1.8429   0.0000   0.0000   0.0000   0.3696
   4.500   1.1030   0.02798   0.01871  -0.1377  0.4945  1.0000  -1.8834   0.0000   0.0000   0.0000   0.3653
   4.750   1.1262   0.02869   0.01930  -0.1365  0.4810  1.0000  -1.9279   0.0000   0.0000   0.0000   0.3613
   5.000   1.1513   0.02938   0.01985  -0.1356  0.4681  1.0000  -1.9749   0.0000   0.0000   0.0000   0.3575
   5.250   1.1767   0.03010   0.02044  -0.1348  0.4559  1.0000  -2.0251   0.0000   0.0000   0.0000   0.3539
   5.750   1.2251   0.03162   0.02177  -0.1328  0.4329  1.0000  -2.1318   0.0000   0.0000   0.0000   0.3470
   6.000   1.2466   0.03247   0.02256  -0.1314  0.4222  1.0000  -2.1824   0.0000   0.0000   0.0000   0.3436
   6.250   1.2661   0.03340   0.02345  -0.1297  0.4119  1.0000  -2.2302   0.0000   0.0000   0.0000   0.3403
   6.500   1.2839   0.03441   0.02444  -0.1278  0.4021  1.0000  -2.2754   0.0000   0.0000   0.0000   0.3371
   6.750   1.3014   0.03546   0.02549  -0.1259  0.3929  1.0000  -2.3201   0.0000   0.0000   0.0000   0.3339
   7.000   1.3207   0.03647   0.02646  -0.1243  0.3839  1.0000  -2.3676   0.0000   0.0000   0.0000   0.3309
   7.250   1.3430   0.03738   0.02730  -0.1232  0.3750  1.0000  -2.4203   0.0000   0.0000   0.0000   0.3281
   7.500   1.3711   0.03816   0.02801  -0.1228  0.3662  1.0000  -2.4823   0.0000   0.0000   0.0000   0.3256
   7.750   1.3730   0.03960   0.02962  -0.1188  0.3583  1.0000  -2.5079   0.0000   0.0000   0.0000   0.3221
   8.000   1.3844   0.04094   0.03101  -0.1162  0.3510  1.0000  -2.5477   0.0000   0.0000   0.0000   0.3192
   8.250   1.4145   0.04183   0.03176  -0.1163  0.3438  1.0000  -2.6171   0.0000   0.0000   0.0000   0.3170
   8.500   1.4074   0.04376   0.03393  -0.1113  0.3376  1.0000  -2.6266   0.0000   0.0000   0.0000   0.3135
   8.750   1.4264   0.04509   0.03524  -0.1100  0.3316  1.0000  -2.6772   0.0000   0.0000   0.0000   0.3112
   9.000   1.4196   0.04704   0.03737  -0.1053  0.3262  1.0000  -2.6870   0.0000   0.0000   0.0000   0.3078
   9.250   1.4334   0.04853   0.03886  -0.1034  0.3206  1.0000  -2.7299   0.0000   0.0000   0.0000   0.3054
   9.500   1.4105   0.05117   0.04174  -0.0972  0.3160  1.0000  -2.7157   0.0000   0.0000   0.0000   0.3018
   9.750   1.4356   0.05228   0.04277  -0.0966  0.3102  1.0000  -2.7829   0.0000   0.0000   0.0000   0.2998
  10.000   1.3766   0.05692   0.04780  -0.0880  0.3072  1.0000  -2.7033   0.0000   0.0000   0.0000   0.2960
  10.250   1.2503   0.06824   0.05967  -0.0797  0.3054  1.0000  -2.4883   0.0000   0.0000   0.0000   0.2954
  10.500   1.3390   0.06410   0.05526  -0.0811  0.2991  1.0000  -2.6761   0.0000   0.0000   0.0000   0.2918
  10.750   0.7782   0.14965   0.14209  -0.1152  0.3793  1.0000  -1.2484   0.0000   0.0000   0.0000   0.3827
  11.000   0.7810   0.15292   0.14535  -0.1161  0.3739  1.0000  -1.2438   0.0000   0.0000   0.0000   0.3830
  11.250   0.7970   0.15585   0.14830  -0.1163  0.3677  1.0000  -1.2663   0.0000   0.0000   0.0000   0.3799
  11.500   0.7978   0.15922   0.15166  -0.1175  0.3638  1.0000  -1.2546   0.0000   0.0000   0.0000   0.3809
  11.750   0.8078   0.16205   0.15448  -0.1181  0.3575  1.0000  -1.2636   0.0000   0.0000   0.0000   0.3794
  12.000   0.8155   0.16540   0.15782  -0.1190  0.3535  1.0000  -1.2648   0.0000   0.0000   0.0000   0.3787
  12.250   0.8268   0.16804   0.16045  -0.1194  0.3460  1.0000  -1.2762   0.0000   0.0000   0.0000   0.3769
  12.500   0.8273   0.17089   0.16330  -0.1207  0.3398  1.0000  -1.2613   0.0000   0.0000   0.0000   0.3779
  12.750   0.8493   0.17407   0.16646  -0.1206  0.3343  1.0000  -1.2997   0.0000   0.0000   0.0000   0.3737
  13.000   0.8441   0.17673   0.16912  -0.1224  0.3290  1.0000  -1.2766   0.0000   0.0000   0.0000   0.3763
  13.250   0.8607   0.17976   0.17215  -0.1228  0.3240  1.0000  -1.3044   0.0000   0.0000   0.0000   0.3735
  13.500   0.8642   0.18283   0.17522  -0.1242  0.3203  1.0000  -1.2986   0.0000   0.0000   0.0000   0.3742
  13.750   0.8742   0.18542   0.17781  -0.1250  0.3138  1.0000  -1.3106   0.0000   0.0000   0.0000   0.3729
  14.000   0.8827   0.18858   0.18096  -0.1260  0.3098  1.0000  -1.3158   0.0000   0.0000   0.0000   0.3724
  14.250   0.8928   0.19103   0.18341  -0.1268  0.3026  1.0000  -1.3330   0.0000   0.0000   0.0000   0.3711
  14.500   0.9000   0.19414   0.18657  -0.1280  0.2988  1.0000  -1.3468   0.0000   0.0000   0.0000   0.3710
  14.750   0.9069   0.19654   0.18899  -0.1292  0.2927  1.0000  -1.3620   0.0000   0.0000   0.0000   0.3707
  15.000   0.9319   0.20098   0.19343  -0.1290  0.2899  1.0000  -1.4244   0.0000   0.0000   0.0000   0.3661
  16.000   0.9516   0.21065   0.20312  -0.1350  0.2702  1.0000  -1.4510   0.0000   0.0000   0.0000   0.3678
  16.500   0.9663   0.21593   0.20840  -0.1378  0.2603  1.0000  -1.4726   0.0000   0.0000   0.0000   0.3675
  17.000   0.9808   0.22151   0.21400  -0.1409  0.2527  1.0000  -1.4870   0.0000   0.0000   0.0000   0.3676
  17.500   1.0114   0.22894   0.22146  -0.1419  0.2460  1.0000  -1.5513   0.0000   0.0000   0.0000   0.3632
  18.000   1.0298   0.23422   0.22678  -0.1443  0.2358  1.0000  -1.5758   0.0000   0.0000   0.0000   0.3620
  18.500   1.0367   0.23803   0.23066  -0.1485  0.2263  1.0000  -1.5535   0.0000   0.0000   0.0000   0.3640
  19.000   1.0471   0.24312   0.23578  -0.1526  0.2190  1.0000  -1.5329   0.0000   0.0000   0.0000   0.3654
  19.500   1.0712   0.24992   0.24261  -0.1545  0.2131  1.0000  -1.5626   0.0000   0.0000   0.0000   0.3628


