xflr5 v6.61

 Calculated polar for: E63_14_00

 1 1 Reynolds number fixed          Mach number fixed         

 xtrf =   1.000 (top)        1.000 (bottom)
 Mach =   0.200     Re =     0.080 e 6     Ncrit =   7.000

  alpha     CL        CD       CDp       Cm    Top Xtr Bot Xtr   Cpmin    Chinge    XCp    
 ------- -------- --------- --------- -------- ------- ------- -------- --------- ---------
 -29.000  -0.7613   0.33267   0.32532   0.0509  1.0000  0.0379  -1.6012   0.0000   0.0000   0.0000   0.2722
 -28.500  -0.7465   0.32688   0.31952   0.0477  1.0000  0.0386  -1.5563   0.0000   0.0000   0.0000   0.2703
 -28.000  -0.7320   0.32208   0.31472   0.0441  1.0000  0.0395  -1.5275   0.0000   0.0000   0.0000   0.2677
 -27.500  -0.7175   0.31743   0.31005   0.0405  1.0000  0.0406  -1.5062   0.0000   0.0000   0.0000   0.2648
 -27.000  -0.7029   0.31274   0.30534   0.0368  1.0000  0.0417  -1.4893   0.0000   0.0000   0.0000   0.2617
 -26.500  -0.6882   0.30800   0.30060   0.0331  1.0000  0.0430  -1.4762   0.0000   0.0000   0.0000   0.2583
 -26.000  -0.6735   0.30332   0.29593   0.0293  1.0000  0.0444  -1.4703   0.0000   0.0000   0.0000   0.2545
 -25.500  -0.6595   0.29922   0.29182   0.0252  1.0000  0.0454  -1.4805   0.0000   0.0000   0.0000   0.2500
 -25.000  -0.6480   0.29745   0.29006   0.0204  1.0000  0.0459  -1.5194   0.0000   0.0000   0.0000   0.2442
 -24.500  -0.6356   0.29378   0.28644   0.0164  1.0000  0.0462  -1.5600   0.0000   0.0000   0.0000   0.2394
 -24.000  -0.6151   0.28368   0.27632   0.0150  1.0000  0.0471  -1.4754   0.0000   0.0000   0.0000   0.2384
 -23.500  -0.5985   0.27813   0.27079   0.0124  1.0000  0.0482  -1.4405   0.0000   0.0000   0.0000   0.2354
 -23.000  -0.5826   0.27306   0.26573   0.0096  1.0000  0.0496  -1.4215   0.0000   0.0000   0.0000   0.2318
 -22.500  -0.5670   0.26803   0.26072   0.0067  1.0000  0.0512  -1.4114   0.0000   0.0000   0.0000   0.2277
 -22.000  -0.5517   0.26300   0.25571   0.0037  1.0000  0.0531  -1.4098   0.0000   0.0000   0.0000   0.2232
 -21.500  -0.5373   0.25832   0.25105   0.0004  1.0000  0.0547  -1.4274   0.0000   0.0000   0.0000   0.2178
 -21.000  -0.5255   0.25483   0.24756  -0.0034  1.0000  0.0555  -1.4725   0.0000   0.0000   0.0000   0.2112
 -20.500  -0.5168   0.25260   0.24538  -0.0074  1.0000  0.0558  -1.5314   0.0000   0.0000   0.0000   0.2042
 -20.000  -0.4945   0.24262   0.23545  -0.0081  1.0000  0.0567  -1.4459   0.0000   0.0000   0.0000   0.2021
 -19.500  -0.4766   0.23657   0.22942  -0.0095  1.0000  0.0583  -1.3854   0.0000   0.0000   0.0000   0.1988
 -19.000  -0.4607   0.23132   0.22421  -0.0115  1.0000  0.0605  -1.3532   0.0000   0.0000   0.0000   0.1942
 -18.500  -0.4468   0.22639   0.21932  -0.0140  1.0000  0.0641  -1.3476   0.0000   0.0000   0.0000   0.1884
 -18.000  -0.4421   0.22420   0.21718  -0.0181  1.0000  0.0657  -1.4325   0.0000   0.0000   0.0000   0.1796
 -17.500  -0.4226   0.21603   0.20904  -0.0189  1.0000  0.0667  -1.3908   0.0000   0.0000   0.0000   0.1759
 -17.000  -0.4049   0.20995   0.20301  -0.0196  1.0000  0.0685  -1.3458   0.0000   0.0000   0.0000   0.1723
 -16.500  -0.3903   0.20464   0.19774  -0.0210  1.0000  0.0710  -1.3336   0.0000   0.0000   0.0000   0.1672
 -16.000  -0.3786   0.19957   0.19273  -0.0229  1.0000  0.0739  -1.3504   0.0000   0.0000   0.0000   0.1610
 -15.500  -0.3750   0.19604   0.18926  -0.0259  1.0000  0.0755  -1.4294   0.0000   0.0000   0.0000   0.1533
 -15.000  -0.3662   0.19037   0.18368  -0.0275  1.0000  0.0761  -1.4561   0.0000   0.0000   0.0000   0.1477
 -14.500  -0.3442   0.18282   0.17618  -0.0267  1.0000  0.0780  -1.3672   0.0000   0.0000   0.0000   0.1450
 -14.000  -0.3311   0.17742   0.17084  -0.0271  1.0000  0.0807  -1.3402   0.0000   0.0000   0.0000   0.1409
 -13.500  -0.3228   0.17226   0.16572  -0.0282  1.0000  0.0844  -1.3541   0.0000   0.0000   0.0000   0.1361
 -13.000  -0.3266   0.16826   0.16180  -0.0307  1.0000  0.0862  -1.4491   0.0000   0.0000   0.0000   0.1309
 -12.500  -0.3133   0.16118   0.15481  -0.0303  1.0000  0.0874  -1.4242   0.0000   0.0000   0.0000   0.1282
 -12.000  -0.2984   0.15539   0.14909  -0.0293  1.0000  0.0910  -1.3695   0.0000   0.0000   0.0000   0.1270
 -11.500  -0.3001   0.15055   0.14434  -0.0303  1.0000  0.0962  -1.4403   0.0000   0.0000   0.0000   0.1254
 -11.000  -0.3022   0.14456   0.13847  -0.0309  1.0000  0.0979  -1.5416   0.0000   0.0000   0.0000   0.1254
 -10.500  -0.2910   0.13910   0.13308  -0.0292  1.0000  0.1058  -1.5418   0.0000   0.0000   0.0000   0.1276
 -10.000  -0.2902   0.13350   0.12756  -0.0285  1.0000  0.1106  -1.5980   0.0000   0.0000   0.0000   0.1310
  -9.500  -0.3022   0.12956   0.12375  -0.0284  1.0000  0.1194  -1.6757   0.0000   0.0000   0.0000   0.1371
  -9.000  -0.3084   0.12621   0.12050  -0.0270  1.0000  0.1292  -1.6889   0.0000   0.0000   0.0000   0.1452
  -8.500  -0.2983   0.12159   0.11598  -0.0239  1.0000  0.1392  -1.6157   0.0000   0.0000   0.0000   0.1532
  -8.000  -0.2991   0.11695   0.11141  -0.0215  1.0000  0.1430  -1.5942   0.0000   0.0000   0.0000   0.1627
  -7.500  -0.3043   0.11319   0.10778  -0.0189  1.0000  0.1477  -1.5777   0.0000   0.0000   0.0000   0.1740
  -7.000  -0.3434   0.11063   0.10540  -0.0172  1.0000  0.1509  -1.6890   0.0000   0.0000   0.0000   0.1884
  -6.000  -0.3740   0.09131   0.08616  -0.0270  0.9893  0.1068  -2.0189   0.0000   0.0000   0.0000   0.1674
  -5.500  -0.3372   0.08112   0.07588  -0.0407  0.9732  0.1056  -2.0126   0.0000   0.0000   0.0000   0.1185
  -5.000  -0.2909   0.06442   0.05891  -0.0656  0.9558  0.1043  -2.1298   0.0000   0.0000   0.0000   0.0121
  -4.500  -0.1881   0.03934   0.03193  -0.1053  0.9473  0.1104  -2.3937   0.0000   0.0000   0.0000  -0.3296
  -4.000  -0.1032   0.03563   0.02761  -0.1134  0.9340  0.1227  -2.2376   0.0000   0.0000   0.0000  -0.8806
  -3.500  -0.0171   0.03389   0.02550  -0.1198  0.9204  0.1427  -2.0196   0.0000   0.0000   0.0000  -6.9053
  -3.000   0.0580   0.03254   0.02386  -0.1236  0.9024  0.1634  -1.8115   0.0000   0.0000   0.0000   2.4220
  -2.500   0.1363   0.03117   0.02224  -0.1274  0.8852  0.1843  -1.6246   0.0000   0.0000   0.0000   1.1989
  -2.000   0.2181   0.02972   0.02069  -0.1313  0.8687  0.2056  -1.4334   0.0000   0.0000   0.0000   0.8580
  -1.500   0.2929   0.02840   0.01933  -0.1336  0.8490  0.2284  -1.2519   0.0000   0.0000   0.0000   0.7088
  -1.000   0.3683   0.02703   0.01806  -0.1356  0.8296  0.2544  -1.0684   0.0000   0.0000   0.0000   0.6187
  -0.500   0.4506   0.02537   0.01646  -0.1383  0.8124  0.2889  -0.8795   0.0000   0.0000   0.0000   0.5559
   0.000   0.5342   0.02369   0.01490  -0.1410  0.7925  0.3313  -0.9327   0.0000   0.0000   0.0000   0.5118
   0.500   0.6096   0.02241   0.01376  -0.1424  0.7651  0.3829  -1.0216   0.0000   0.0000   0.0000   0.4805
   1.000   0.6942   0.02116   0.01269  -0.1453  0.7350  0.4573  -1.1243   0.0000   0.0000   0.0000   0.4556
   1.500   0.7741   0.02031   0.01206  -0.1476  0.6983  0.5580  -1.2318   0.0000   0.0000   0.0000   0.4362
   2.000   0.8376   0.01975   0.01180  -0.1466  0.6581  0.7010  -1.3360   0.0000   0.0000   0.0000   0.4198
   2.500   0.8892   0.01922   0.01133  -0.1433  0.6179  1.0000  -1.4303   0.0000   0.0000   0.0000   0.4053
   3.000   0.9493   0.01988   0.01147  -0.1432  0.5753  1.0000  -1.5329   0.0000   0.0000   0.0000   0.3942
   3.500   1.0023   0.02069   0.01188  -0.1417  0.5353  1.0000  -1.6299   0.0000   0.0000   0.0000   0.3841
   4.000   1.0542   0.02161   0.01241  -0.1401  0.4991  1.0000  -1.7270   0.0000   0.0000   0.0000   0.3749
   4.500   1.1030   0.02264   0.01313  -0.1380  0.4659  1.0000  -1.8214   0.0000   0.0000   0.0000   0.3664
   5.000   1.1487   0.02375   0.01399  -0.1355  0.4351  1.0000  -1.9206   0.0000   0.0000   0.0000   0.3586
   5.500   1.1928   0.02492   0.01496  -0.1327  0.4066  1.0000  -2.0268   0.0000   0.0000   0.0000   0.3512
   6.000   1.2350   0.02616   0.01601  -0.1298  0.3807  1.0000  -2.1315   0.0000   0.0000   0.0000   0.3442
   6.500   1.2774   0.02749   0.01719  -0.1269  0.3581  1.0000  -2.2382   0.0000   0.0000   0.0000   0.3378
   7.000   1.3189   0.02894   0.01855  -0.1240  0.3381  1.0000  -2.3513   0.0000   0.0000   0.0000   0.3317
   7.500   1.3609   0.03048   0.02006  -0.1213  0.3203  1.0000  -2.4661   0.0000   0.0000   0.0000   0.3260
   8.000   1.3998   0.03218   0.02176  -0.1181  0.3040  1.0000  -2.5853   0.0000   0.0000   0.0000   0.3206
   8.500   1.4430   0.03393   0.02340  -0.1158  0.2895  1.0000  -2.7143   0.0000   0.0000   0.0000   0.3156
   9.000   1.4712   0.03590   0.02552  -0.1112  0.2753  1.0000  -2.8191   0.0000   0.0000   0.0000   0.3102
   9.500   1.4997   0.03794   0.02763  -0.1069  0.2621  1.0000  -2.9261   0.0000   0.0000   0.0000   0.3050
  10.000   1.5272   0.04016   0.02995  -0.1027  0.2504  1.0000  -3.0309   0.0000   0.0000   0.0000   0.3002
  10.500   1.5519   0.04274   0.03275  -0.0984  0.2403  1.0000  -3.1569   0.0000   0.0000   0.0000   0.2955
  11.000   1.5713   0.04557   0.03576  -0.0938  0.2309  1.0000  -3.2860   0.0000   0.0000   0.0000   0.2909
  11.500   1.5894   0.04851   0.03886  -0.0894  0.2222  1.0000  -3.4140   0.0000   0.0000   0.0000   0.2865
  12.000   1.6142   0.05140   0.04183  -0.0860  0.2141  1.0000  -3.5581   0.0000   0.0000   0.0000   0.2826
  12.500   1.5845   0.05711   0.04811  -0.0787  0.2078  1.0000  -3.5705   0.0000   0.0000   0.0000   0.2781
  13.000   1.5873   0.06156   0.05280  -0.0749  0.2012  1.0000  -3.6605   0.0000   0.0000   0.0000   0.2747
  13.500   1.5355   0.07054   0.06233  -0.0708  0.1958  1.0000  -3.6063   0.0000   0.0000   0.0000   0.2726
  14.000   1.5021   0.07954   0.07166  -0.0696  0.1908  1.0000  -3.5883   0.0000   0.0000   0.0000   0.2718
  14.500   1.0897   0.16165   0.15463  -0.1143  0.1750  1.0000  -2.1252   0.0000   0.0000   0.0000   0.3322
  15.000   1.1027   0.16836   0.16138  -0.1167  0.1695  1.0000  -2.1643   0.0000   0.0000   0.0000   0.3323
  15.500   1.0982   0.17869   0.17177  -0.1226  0.1623  1.0000  -2.1105   0.0000   0.0000   0.0000   0.3374
  16.000   1.1010   0.18810   0.18124  -0.1276  0.1584  1.0000  -2.0741   0.0000   0.0000   0.0000   0.3409
  16.500   1.1028   0.19700   0.19020  -0.1330  0.1522  1.0000  -2.0267   0.0000   0.0000   0.0000   0.3449
  17.000   1.1092   0.20468   0.19799  -0.1376  0.1460  1.0000  -1.9986   0.0000   0.0000   0.0000   0.3475
  17.500   1.1137   0.21329   0.20665  -0.1431  0.1431  1.0000  -1.9357   0.0000   0.0000   0.0000   0.3512
  18.000   1.1298   0.21905   0.21246  -0.1460  0.1367  1.0000  -1.9506   0.0000   0.0000   0.0000   0.3509
  18.500   1.1395   0.22591   0.21937  -0.1506  0.1309  1.0000  -1.9675   0.0000   0.0000   0.0000   0.3528
  19.000   1.1638   0.23122   0.22473  -0.1520  0.1281  1.0000  -2.0928   0.0000   0.0000   0.0000   0.3500
  20.000   0.8649   0.24562   0.24069  -0.1403  0.1514  1.0000  -1.1867   0.0000   0.0000   0.0000   0.3864


