xflr5 v6.61

 Calculated polar for: E63_8_00

 1 1 Reynolds number fixed          Mach number fixed         

 xtrf =   1.000 (top)        1.000 (bottom)
 Mach =   0.200     Re =     0.090 e 6     Ncrit =   9.000

  alpha     CL        CD       CDp       Cm    Top Xtr Bot Xtr   Cpmin    Chinge    XCp    
 ------- -------- --------- --------- -------- ------- ------- -------- --------- ---------
 -13.500  -0.4052   0.17394   0.16791  -0.0203  1.0000  0.0480  -1.2993   0.0000   0.0000   0.0000   0.1904
 -13.000  -0.3927   0.16814   0.16216  -0.0210  1.0000  0.0501  -1.2572   0.0000   0.0000   0.0000   0.1871
 -12.500  -0.3819   0.16269   0.15676  -0.0221  1.0000  0.0526  -1.2389   0.0000   0.0000   0.0000   0.1832
 -12.000  -0.3746   0.15817   0.15231  -0.0237  1.0000  0.0549  -1.2614   0.0000   0.0000   0.0000   0.1780
 -11.500  -0.3774   0.15623   0.15047  -0.0264  1.0000  0.0557  -1.3717   0.0000   0.0000   0.0000   0.1721
 -11.000  -0.3564   0.14632   0.14060  -0.0247  1.0000  0.0577  -1.2831   0.0000   0.0000   0.0000   0.1725
 -10.500  -0.3460   0.14072   0.13507  -0.0245  1.0000  0.0614  -1.2641   0.0000   0.0000   0.0000   0.1714
 -10.000  -0.3444   0.13686   0.13131  -0.0257  1.0000  0.0650  -1.3348   0.0000   0.0000   0.0000   0.1680
  -9.750  -0.3507   0.13637   0.13089  -0.0269  1.0000  0.0656  -1.4120   0.0000   0.0000   0.0000   0.1663
  -9.500  -0.3595   0.13608   0.13069  -0.0281  1.0000  0.0658  -1.4930   0.0000   0.0000   0.0000   0.1655
  -9.250  -0.3341   0.12798   0.12258  -0.0251  1.0000  0.0677  -1.3534   0.0000   0.0000   0.0000   0.1680
  -9.000  -0.3292   0.12519   0.11978  -0.0244  1.0000  0.0695  -1.3385   0.0000   0.0000   0.0000   0.1691
  -8.750  -0.3268   0.12276   0.11739  -0.0241  1.0000  0.0714  -1.3433   0.0000   0.0000   0.0000   0.1698
  -8.500  -0.3269   0.12068   0.11537  -0.0240  1.0000  0.0735  -1.3664   0.0000   0.0000   0.0000   0.1704
  -8.250  -0.3331   0.11967   0.11444  -0.0244  1.0000  0.0750  -1.4267   0.0000   0.0000   0.0000   0.1709
  -8.000  -0.3455   0.11954   0.11441  -0.0248  1.0000  0.0755  -1.5087   0.0000   0.0000   0.0000   0.1729
  -7.750  -0.3604   0.11946   0.11443  -0.0246  1.0000  0.0758  -1.5889   0.0000   0.0000   0.0000   0.1770
  -7.500  -0.3286   0.11136   0.10631  -0.0218  1.0000  0.0782  -1.4330   0.0000   0.0000   0.0000   0.1783
  -7.250  -0.3269   0.10898   0.10398  -0.0205  1.0000  0.0802  -1.4207   0.0000   0.0000   0.0000   0.1820
  -7.000  -0.3290   0.10703   0.10209  -0.0195  1.0000  0.0823  -1.4299   0.0000   0.0000   0.0000   0.1860
  -6.750  -0.3363   0.10562   0.10076  -0.0184  1.0000  0.0844  -1.4612   0.0000   0.0000   0.0000   0.1909
  -6.500  -0.3522   0.10521   0.10045  -0.0169  1.0000  0.0856  -1.5213   0.0000   0.0000   0.0000   0.1981
  -6.250  -0.3681   0.10486   0.10022  -0.0176  1.0000  0.0862  -1.6069   0.0000   0.0000   0.0000   0.1986
  -5.750  -0.3589   0.09799   0.09345  -0.0129  1.0000  0.0890  -1.5303   0.0000   0.0000   0.0000   0.2106
  -5.500  -0.3582   0.09570   0.09121  -0.0118  1.0000  0.0913  -1.5172   0.0000   0.0000   0.0000   0.2137
  -5.250  -0.3590   0.09353   0.08911  -0.0123  1.0000  0.0941  -1.5318   0.0000   0.0000   0.0000   0.2128
  -4.750  -0.3535   0.08799   0.08369  -0.0182  1.0000  0.0983  -1.6060   0.0000   0.0000   0.0000   0.1958
  -4.500  -0.3491   0.08540   0.08114  -0.0157  1.0000  0.1007  -1.5559   0.0000   0.0000   0.0000   0.2023
  -4.250  -0.3398   0.08262   0.07838  -0.0184  1.0000  0.1052  -1.5564   0.0000   0.0000   0.0000   0.1932
  -4.000  -0.3214   0.07859   0.07437  -0.0264  1.0000  0.1089  -1.6012   0.0000   0.0000   0.0000   0.1651
  -3.750  -0.3153   0.07611   0.07193  -0.0241  1.0000  0.1118  -1.5449   0.0000   0.0000   0.0000   0.1709
  -3.500  -0.2865   0.07187   0.06765  -0.0336  1.0000  0.1200  -1.5644   0.0000   0.0000   0.0000   0.1298
  -3.250  -0.2591   0.06826   0.06400  -0.0402  1.0000  0.1304  -1.5419   0.0000   0.0000   0.0000   0.0920
  -3.000  -0.2509   0.06617   0.06192  -0.0377  1.0000  0.1372  -1.4693   0.0000   0.0000   0.0000   0.0968
  -2.750  -0.2239   0.06265   0.05837  -0.0426  1.0000  0.1456  -1.4323   0.0000   0.0000   0.0000   0.0566
  -2.500  -0.1894   0.05893   0.05458  -0.0493  1.0000  0.1558  -1.3918   0.0000   0.0000   0.0000  -0.0137
  -2.250   0.0252   0.03550   0.02897  -0.1022  1.0000  0.0751  -1.9782   0.0000   0.0000   0.0000   4.3360
  -2.000   0.0803   0.03166   0.02447  -0.1091  1.0000  0.0735  -1.9723   0.0000   0.0000   0.0000   1.6175
  -1.750   0.1334   0.02879   0.02069  -0.1143  1.0000  0.0761  -1.9713   0.0000   0.0000   0.0000   1.1118
  -1.500   0.1706   0.02750   0.01910  -0.1164  1.0000  0.0857  -1.8986   0.0000   0.0000   0.0000   0.9357
  -1.250   0.2028   0.02686   0.01837  -0.1177  1.0000  0.1019  -1.7880   0.0000   0.0000   0.0000   0.8330
  -1.000   0.2357   0.02648   0.01787  -0.1190  0.9992  0.1202  -1.6565   0.0000   0.0000   0.0000   0.7567
  -0.750   0.2871   0.02672   0.01813  -0.1239  0.9912  0.1628  -1.4169   0.0000   0.0000   0.0000   0.6824
  -0.500   0.3365   0.02672   0.01831  -0.1283  0.9830  0.2191  -1.2343   0.0000   0.0000   0.0000   0.6317
  -0.250   0.3848   0.02667   0.01847  -0.1325  0.9741  0.2936  -1.0468   0.0000   0.0000   0.0000   0.5942
   0.000   0.4324   0.02644   0.01855  -0.1364  0.9647  0.3791  -0.8605   0.0000   0.0000   0.0000   0.5649
   0.250   0.4784   0.02605   0.01861  -0.1397  0.9550  0.5064  -0.6799   0.0000   0.0000   0.0000   0.5411
   0.750   0.5543   0.02484   0.01809  -0.1421  0.9324  1.0000  -0.6810   0.0000   0.0000   0.0000   0.5048
   1.000   0.6015   0.02483   0.01785  -0.1454  0.9211  1.0000  -0.7274   0.0000   0.0000   0.0000   0.4900
   1.250   0.6433   0.02474   0.01761  -0.1477  0.9075  1.0000  -0.7709   0.0000   0.0000   0.0000   0.4775
   1.500   0.6862   0.02451   0.01728  -0.1499  0.8940  1.0000  -0.8184   0.0000   0.0000   0.0000   0.4661
   1.750   0.7318   0.02410   0.01678  -0.1524  0.8815  1.0000  -0.8736   0.0000   0.0000   0.0000   0.4556
   2.000   0.7786   0.02352   0.01615  -0.1548  0.8694  1.0000  -0.9340   0.0000   0.0000   0.0000   0.4459
   2.250   0.8256   0.02278   0.01539  -0.1570  0.8577  1.0000  -1.0003   0.0000   0.0000   0.0000   0.4370
   2.500   0.8671   0.02206   0.01469  -0.1582  0.8434  1.0000  -1.0628   0.0000   0.0000   0.0000   0.4290
   2.750   0.9118   0.02114   0.01378  -0.1597  0.8294  1.0000  -1.1306   0.0000   0.0000   0.0000   0.4214
   3.000   0.9625   0.02001   0.01268  -0.1621  0.8156  1.0000  -1.2121   0.0000   0.0000   0.0000   0.4144
   3.250   1.0094   0.01910   0.01183  -0.1639  0.7963  1.0000  -1.2939   0.0000   0.0000   0.0000   0.4081
   3.500   1.0600   0.01825   0.01098  -0.1664  0.7731  1.0000  -1.3853   0.0000   0.0000   0.0000   0.4024
   3.750   1.1042   0.01775   0.01044  -0.1679  0.7426  1.0000  -1.4729   0.0000   0.0000   0.0000   0.3972
   4.000   1.1463   0.01750   0.01011  -0.1691  0.7064  1.0000  -1.5589   0.0000   0.0000   0.0000   0.3924
   4.250   1.1791   0.01763   0.01008  -0.1688  0.6655  1.0000  -1.6542   0.0000   0.0000   0.0000   0.3877
   4.500   1.2080   0.01797   0.01022  -0.1679  0.6236  1.0000  -1.7516   0.0000   0.0000   0.0000   0.3832
   4.750   1.2337   0.01848   0.01050  -0.1666  0.5827  1.0000  -1.8447   0.0000   0.0000   0.0000   0.3789
   5.000   1.2568   0.01911   0.01098  -0.1649  0.5434  1.0000  -1.9337   0.0000   0.0000   0.0000   0.3747
   5.250   1.2787   0.01982   0.01148  -0.1631  0.5064  1.0000  -2.0212   0.0000   0.0000   0.0000   0.3708
   5.500   1.2996   0.02060   0.01208  -0.1612  0.4717  1.0000  -2.1074   0.0000   0.0000   0.0000   0.3669
   5.750   1.3204   0.02142   0.01272  -0.1593  0.4397  1.0000  -2.1939   0.0000   0.0000   0.0000   0.3633
   6.000   1.3412   0.02230   0.01342  -0.1576  0.4102  1.0000  -2.3111   0.0000   0.0000   0.0000   0.3597
   6.250   1.3610   0.02320   0.01421  -0.1557  0.3820  1.0000  -2.4510   0.0000   0.0000   0.0000   0.3563
   6.500   1.3817   0.02415   0.01503  -0.1540  0.3567  1.0000  -2.5966   0.0000   0.0000   0.0000   0.3530
   6.750   1.4025   0.02514   0.01589  -0.1524  0.3333  1.0000  -2.7446   0.0000   0.0000   0.0000   0.3498
   7.000   1.4213   0.02611   0.01691  -0.1504  0.3105  1.0000  -2.8889   0.0000   0.0000   0.0000   0.3467
   7.250   1.4387   0.02704   0.01779  -0.1483  0.2886  1.0000  -3.0323   0.0000   0.0000   0.0000   0.3435
   7.500   1.4554   0.02797   0.01866  -0.1460  0.2683  1.0000  -3.1972   0.0000   0.0000   0.0000   0.3405
   7.750   1.4697   0.02886   0.01959  -0.1434  0.2486  1.0000  -3.3573   0.0000   0.0000   0.0000   0.3374
   8.000   1.4832   0.02976   0.02051  -0.1408  0.2301  1.0000  -3.5173   0.0000   0.0000   0.0000   0.3343
   8.250   1.4978   0.03075   0.02144  -0.1384  0.2143  1.0000  -3.6851   0.0000   0.0000   0.0000   0.3314
   8.500   1.5118   0.03179   0.02261  -0.1359  0.1992  1.0000  -3.8465   0.0000   0.0000   0.0000   0.3285
   8.750   1.5262   0.03293   0.02382  -0.1334  0.1858  1.0000  -4.0111   0.0000   0.0000   0.0000   0.3257
   9.000   1.5409   0.03417   0.02512  -0.1311  0.1738  1.0000  -4.1756   0.0000   0.0000   0.0000   0.3229
   9.250   1.5546   0.03550   0.02653  -0.1286  0.1623  1.0000  -4.3354   0.0000   0.0000   0.0000   0.3202
   9.500   1.5658   0.03688   0.02805  -0.1259  0.1508  1.0000  -4.4855   0.0000   0.0000   0.0000   0.3175
   9.750   1.5734   0.03827   0.02950  -0.1227  0.1394  1.0000  -4.6222   0.0000   0.0000   0.0000   0.3146
  10.000   1.5796   0.03981   0.03111  -0.1194  0.1284  1.0000  -4.7494   0.0000   0.0000   0.0000   0.3118
  10.250   1.5868   0.04164   0.03305  -0.1163  0.1179  1.0000  -4.8685   0.0000   0.0000   0.0000   0.3092
  10.500   1.5899   0.04355   0.03510  -0.1129  0.1078  1.0000  -4.9677   0.0000   0.0000   0.0000   0.3064
  10.750   1.5906   0.04567   0.03741  -0.1093  0.0985  1.0000  -5.0482   0.0000   0.0000   0.0000   0.3038
  11.000   1.5925   0.04823   0.04021  -0.1061  0.0901  1.0000  -5.1130   0.0000   0.0000   0.0000   0.3013
  11.250   1.5952   0.05108   0.04323  -0.1032  0.0830  1.0000  -5.1715   0.0000   0.0000   0.0000   0.2989
  11.500   1.6039   0.05380   0.04587  -0.1012  0.0767  1.0000  -5.2671   0.0000   0.0000   0.0000   0.2969
  11.750   1.5985   0.05747   0.05004  -0.0980  0.0730  1.0000  -5.2615   0.0000   0.0000   0.0000   0.2946
  12.000   1.5969   0.06090   0.05378  -0.0954  0.0698  1.0000  -5.2935   0.0000   0.0000   0.0000   0.2927
  12.250   1.6082   0.06426   0.05706  -0.0942  0.0665  1.0000  -5.3952   0.0000   0.0000   0.0000   0.2911
  12.500   1.5916   0.06854   0.06181  -0.0914  0.0655  1.0000  -5.3597   0.0000   0.0000   0.0000   0.2895
  12.750   1.5736   0.07326   0.06695  -0.0895  0.0646  1.0000  -5.3188   0.0000   0.0000   0.0000   0.2885
  13.000   1.5537   0.07843   0.07250  -0.0883  0.0639  1.0000  -5.2705   0.0000   0.0000   0.0000   0.2881
  13.250   1.5319   0.08414   0.07855  -0.0882  0.0634  1.0000  -5.2107   0.0000   0.0000   0.0000   0.2884
  13.500   1.5080   0.09054   0.08526  -0.0892  0.0632  1.0000  -5.1390   0.0000   0.0000   0.0000   0.2895
  13.750   1.4817   0.09780   0.09282  -0.0916  0.0633  1.0000  -5.0420   0.0000   0.0000   0.0000   0.2917
  14.000   1.4532   0.10609   0.10138  -0.0955  0.0637  1.0000  -4.9162   0.0000   0.0000   0.0000   0.2952
  14.250   1.4235   0.11550   0.11102  -0.1010  0.0645  1.0000  -4.7642   0.0000   0.0000   0.0000   0.3001
  14.500   1.3939   0.12594   0.12161  -0.1080  0.0653  1.0000  -4.5914   0.0000   0.0000   0.0000   0.3062
  14.750   1.3659   0.13715   0.13295  -0.1158  0.0661  1.0000  -4.3958   0.0000   0.0000   0.0000   0.3133
  15.250   1.2499   0.18827   0.18390  -0.1531  0.0756  1.0000  -2.9875   0.0000   0.0000   0.0000   0.3523
  15.500   1.2202   0.21185   0.20739  -0.1692  0.1097  1.0000  -2.2958   0.0000   0.0000   0.0000   0.3692


