xflr5 v6.61

 Calculated polar for: E63_15_00

 1 1 Reynolds number fixed          Mach number fixed         

 xtrf =   1.000 (top)        1.000 (bottom)
 Mach =   0.200     Re =     0.080 e 6     Ncrit =   9.000

  alpha     CL        CD       CDp       Cm    Top Xtr Bot Xtr   Cpmin    Chinge    XCp    
 ------- -------- --------- --------- -------- ------- ------- -------- --------- ---------
 -20.000  -0.4750   0.24176   0.23454  -0.0084  1.0000  0.0700  -1.3229   0.0000   0.0000   0.0000   0.1969
 -19.500  -0.4603   0.23685   0.22967  -0.0109  1.0000  0.0734  -1.3230   0.0000   0.0000   0.0000   0.1915
 -19.000  -0.4522   0.23426   0.22713  -0.0147  1.0000  0.0754  -1.3946   0.0000   0.0000   0.0000   0.1834
 -18.500  -0.4410   0.22920   0.22213  -0.0173  1.0000  0.0761  -1.4253   0.0000   0.0000   0.0000   0.1772
 -18.000  -0.4181   0.22083   0.21377  -0.0174  1.0000  0.0779  -1.3459   0.0000   0.0000   0.0000   0.1746
 -17.500  -0.4020   0.21543   0.20841  -0.0187  1.0000  0.0806  -1.3184   0.0000   0.0000   0.0000   0.1699
 -17.000  -0.3887   0.21036   0.20340  -0.0206  1.0000  0.0839  -1.3182   0.0000   0.0000   0.0000   0.1639
 -16.500  -0.3851   0.20758   0.20068  -0.0240  1.0000  0.0862  -1.3920   0.0000   0.0000   0.0000   0.1557
 -16.000  -0.3694   0.20038   0.19355  -0.0248  1.0000  0.0873  -1.3706   0.0000   0.0000   0.0000   0.1507
 -15.500  -0.3504   0.19400   0.18722  -0.0248  1.0000  0.0902  -1.3083   0.0000   0.0000   0.0000   0.1471
 -15.000  -0.3388   0.18890   0.18218  -0.0259  1.0000  0.0945  -1.3035   0.0000   0.0000   0.0000   0.1417
 -14.500  -0.3468   0.18716   0.18054  -0.0295  1.0000  0.0970  -1.4217   0.0000   0.0000   0.0000   0.1352
 -14.000  -0.3193   0.17773   0.17114  -0.0279  1.0000  0.0998  -1.3191   0.0000   0.0000   0.0000   0.1318
 -13.500  -0.3097   0.17259   0.16606  -0.0285  1.0000  0.1056  -1.3259   0.0000   0.0000   0.0000   0.1279
 -13.000  -0.3059   0.16695   0.16052  -0.0295  1.0000  0.1093  -1.4014   0.0000   0.0000   0.0000   0.1244
 -12.500  -0.2995   0.16204   0.15568  -0.0296  1.0000  0.1176  -1.4501   0.0000   0.0000   0.0000   0.1226
 -12.000  -0.2880   0.15564   0.14935  -0.0288  1.0000  0.1231  -1.4678   0.0000   0.0000   0.0000   0.1216
 -11.500  -0.2845   0.15082   0.14460  -0.0287  1.0000  0.1322  -1.4937   0.0000   0.0000   0.0000   0.1220
 -11.000  -0.2982   0.14863   0.14251  -0.0296  1.0000  0.1402  -1.5711   0.0000   0.0000   0.0000   0.1262
 -10.500  -0.2723   0.14152   0.13546  -0.0268  1.0000  0.1472  -1.4582   0.0000   0.0000   0.0000   0.1263
  -9.750  -0.2758   0.13491   0.12899  -0.0257  1.0000  0.1532  -1.4666   0.0000   0.0000   0.0000   0.1339
  -9.500  -0.2697   0.13246   0.12659  -0.0245  1.0000  0.1555  -1.4306   0.0000   0.0000   0.0000   0.1366
  -9.250  -0.2697   0.13048   0.12466  -0.0237  1.0000  0.1585  -1.4193   0.0000   0.0000   0.0000   0.1404
  -9.000  -0.2861   0.12974   0.12400  -0.0238  1.0000  0.1616  -1.4719   0.0000   0.0000   0.0000   0.1470
  -8.750  -0.2941   0.12775   0.12209  -0.0232  1.0000  0.1627  -1.4904   0.0000   0.0000   0.0000   0.1523
  -8.500  -0.2791   0.12439   0.11872  -0.0213  1.0000  0.1645  -1.4162   0.0000   0.0000   0.0000   0.1548
  -8.250  -0.2759   0.12231   0.11669  -0.0197  1.0000  0.1672  -1.3833   0.0000   0.0000   0.0000   0.1599
  -8.000  -0.2817   0.12076   0.11521  -0.0187  1.0000  0.1706  -1.3843   0.0000   0.0000   0.0000   0.1662
  -7.500  -0.3036   0.11753   0.11214  -0.0168  1.0000  0.1743  -1.4216   0.0000   0.0000   0.0000   0.1797
  -7.250  -0.2595   0.11789   0.11305  -0.0113  1.0000  0.1771  -1.1789   0.0000   0.0000   0.0000   0.1944
  -7.000  -0.2985   0.11359   0.10831  -0.0130  1.0000  0.1797  -1.3479   0.0000   0.0000   0.0000   0.1921
  -6.750  -0.2967   0.11581   0.11111  -0.0098  1.0000  0.1839  -1.2542   0.0000   0.0000   0.0000   0.2072
  -6.250  -0.3228   0.10902   0.10397  -0.0081  1.0000  0.1883  -1.3404   0.0000   0.0000   0.0000   0.2133
  -6.000  -0.3339   0.10789   0.10292  -0.0062  1.0000  0.1922  -1.3416   0.0000   0.0000   0.0000   0.2207
  -5.750  -0.3744   0.10797   0.10311  -0.0040  1.0000  0.1947  -1.4297   0.0000   0.0000   0.0000   0.2299
  -5.500  -0.3813   0.10593   0.10115  -0.0019  1.0000  0.1963  -1.4176   0.0000   0.0000   0.0000   0.2361
  -5.250  -0.3716   0.10388   0.09915   0.0002  0.9999  0.1992  -1.3526   0.0000   0.0000   0.0000   0.2420
  -5.000  -0.3631   0.10046   0.09573  -0.0114  0.9880  0.2066  -1.4110   0.0000   0.0000   0.0000   0.2101
  -4.500  -0.3136   0.09287   0.08810  -0.0233  0.9665  0.2176  -1.3997   0.0000   0.0000   0.0000   0.1668
  -4.250  -0.2928   0.07345   0.06827  -0.0540  0.9555  0.1621  -1.7697   0.0000   0.0000   0.0000   0.0549
  -4.000  -0.2578   0.06403   0.05863  -0.0654  0.9472  0.1485  -1.8688   0.0000   0.0000   0.0000  -0.0160
  -3.750  -0.1878   0.04824   0.04172  -0.0918  0.9429  0.1527  -2.0771   0.0000   0.0000   0.0000  -0.2564
  -3.500  -0.1425   0.04606   0.03928  -0.0972  0.9331  0.1636  -2.0012   0.0000   0.0000   0.0000  -0.4542
  -3.250  -0.0988   0.04459   0.03762  -0.1015  0.9230  0.1747  -1.9098   0.0000   0.0000   0.0000  -0.8057
  -3.000  -0.0562   0.04353   0.03643  -0.1049  0.9126  0.1863  -1.8109   0.0000   0.0000   0.0000  -1.6610
  -2.750  -0.0072   0.04111   0.03355  -0.1104  0.9031  0.1960  -1.7602   0.0000   0.0000   0.0000  -15.3692
  -2.500   0.0367   0.04001   0.03229  -0.1136  0.8927  0.2070  -1.6754   0.0000   0.0000   0.0000   3.4015
  -2.250   0.0821   0.03870   0.03073  -0.1171  0.8823  0.2174  -1.5938   0.0000   0.0000   0.0000   1.6987
  -2.000   0.1249   0.03769   0.02965  -0.1196  0.8717  0.2261  -1.5038   0.0000   0.0000   0.0000   1.2205
  -1.750   0.1687   0.03672   0.02849  -0.1222  0.8611  0.2381  -1.4130   0.0000   0.0000   0.0000   0.9826
  -1.500   0.2120   0.03575   0.02742  -0.1246  0.8504  0.2490  -1.3212   0.0000   0.0000   0.0000   0.8427
  -1.250   0.2556   0.03477   0.02632  -0.1268  0.8397  0.2609  -1.2296   0.0000   0.0000   0.0000   0.7492
  -1.000   0.2976   0.03390   0.02547  -0.1285  0.8290  0.2736  -1.1343   0.0000   0.0000   0.0000   0.6833
  -0.750   0.3410   0.03290   0.02446  -0.1303  0.8184  0.2866  -1.0405   0.0000   0.0000   0.0000   0.6324
  -0.500   0.3853   0.03184   0.02336  -0.1320  0.8079  0.3030  -0.9467   0.0000   0.0000   0.0000   0.5922
  -0.250   0.4297   0.03073   0.02232  -0.1335  0.7977  0.3217  -0.8768   0.0000   0.0000   0.0000   0.5595
   0.000   0.4896   0.02892   0.02050  -0.1371  0.7923  0.3473  -0.9371   0.0000   0.0000   0.0000   0.5280
   0.250   0.5291   0.02794   0.01958  -0.1378  0.7793  0.3672  -0.9826   0.0000   0.0000   0.0000   0.5078
   0.500   0.5838   0.02644   0.01814  -0.1407  0.7699  0.3949  -1.0416   0.0000   0.0000   0.0000   0.4879
   0.750   0.6248   0.02558   0.01736  -0.1416  0.7552  0.4230  -1.0898   0.0000   0.0000   0.0000   0.4732
   1.000   0.6778   0.02446   0.01635  -0.1445  0.7418  0.4611  -1.1531   0.0000   0.0000   0.0000   0.4592
   1.250   0.7362   0.02334   0.01535  -0.1482  0.7277  0.5103  -1.2230   0.0000   0.0000   0.0000   0.4470
   1.500   0.7737   0.02285   0.01494  -0.1486  0.7087  0.5575  -1.2743   0.0000   0.0000   0.0000   0.4374
   1.750   0.8122   0.02235   0.01455  -0.1491  0.6896  0.6132  -1.3269   0.0000   0.0000   0.0000   0.4285
   2.000   0.8472   0.02192   0.01424  -0.1488  0.6705  0.6805  -1.3782   0.0000   0.0000   0.0000   0.4202
   2.250   0.8728   0.02153   0.01402  -0.1467  0.6517  0.7653  -1.4253   0.0000   0.0000   0.0000   0.4122
   2.500   0.8932   0.02094   0.01365  -0.1436  0.6323  1.0000  -1.4670   0.0000   0.0000   0.0000   0.4046
   2.750   0.9332   0.02124   0.01354  -0.1458  0.6108  1.0000  -1.5271   0.0000   0.0000   0.0000   0.3997
   3.000   0.9653   0.02160   0.01362  -0.1461  0.5906  1.0000  -1.5803   0.0000   0.0000   0.0000   0.3944
   3.250   0.9960   0.02201   0.01376  -0.1460  0.5713  1.0000  -1.6328   0.0000   0.0000   0.0000   0.3893
   3.500   1.0265   0.02244   0.01393  -0.1459  0.5529  1.0000  -1.6857   0.0000   0.0000   0.0000   0.3845
   3.750   1.0501   0.02297   0.01430  -0.1447  0.5347  1.0000  -1.7309   0.0000   0.0000   0.0000   0.3798
   4.000   1.0783   0.02348   0.01459  -0.1442  0.5179  1.0000  -1.7818   0.0000   0.0000   0.0000   0.3754
   4.250   1.1020   0.02406   0.01504  -0.1430  0.5014  1.0000  -1.8274   0.0000   0.0000   0.0000   0.3710
   4.500   1.1305   0.02462   0.01538  -0.1426  0.4861  1.0000  -1.8790   0.0000   0.0000   0.0000   0.3671
   4.750   1.1512   0.02528   0.01596  -0.1409  0.4709  1.0000  -1.9222   0.0000   0.0000   0.0000   0.3630
   5.000   1.1761   0.02591   0.01645  -0.1399  0.4567  1.0000  -1.9774   0.0000   0.0000   0.0000   0.3592
   5.250   1.2030   0.02654   0.01689  -0.1393  0.4433  1.0000  -2.0359   0.0000   0.0000   0.0000   0.3557
   5.500   1.2252   0.02725   0.01756  -0.1380  0.4304  1.0000  -2.0878   0.0000   0.0000   0.0000   0.3521
   5.750   1.2468   0.02800   0.01825  -0.1365  0.4180  1.0000  -2.1390   0.0000   0.0000   0.0000   0.3486
   6.000   1.2692   0.02878   0.01895  -0.1352  0.4064  1.0000  -2.1914   0.0000   0.0000   0.0000   0.3453
   6.250   1.2917   0.02958   0.01968  -0.1340  0.3954  1.0000  -2.2440   0.0000   0.0000   0.0000   0.3421
   6.500   1.3136   0.03038   0.02041  -0.1327  0.3846  1.0000  -2.2962   0.0000   0.0000   0.0000   0.3390
   6.750   1.3354   0.03118   0.02115  -0.1313  0.3742  1.0000  -2.3486   0.0000   0.0000   0.0000   0.3360
   7.000   1.3580   0.03199   0.02188  -0.1301  0.3643  1.0000  -2.4053   0.0000   0.0000   0.0000   0.3331
   7.250   1.3837   0.03281   0.02266  -0.1295  0.3551  1.0000  -2.4687   0.0000   0.0000   0.0000   0.3304
   7.500   1.3986   0.03382   0.02374  -0.1271  0.3463  1.0000  -2.5148   0.0000   0.0000   0.0000   0.3274
   7.750   1.4146   0.03493   0.02491  -0.1250  0.3383  1.0000  -2.5619   0.0000   0.0000   0.0000   0.3245
   8.000   1.4371   0.03597   0.02592  -0.1239  0.3308  1.0000  -2.6193   0.0000   0.0000   0.0000   0.3220
   8.250   1.4605   0.03697   0.02687  -0.1230  0.3235  1.0000  -2.6813   0.0000   0.0000   0.0000   0.3196
   8.500   1.4687   0.03831   0.02836  -0.1198  0.3164  1.0000  -2.7207   0.0000   0.0000   0.0000   0.3165
   8.750   1.4909   0.03937   0.02938  -0.1188  0.3097  1.0000  -2.7846   0.0000   0.0000   0.0000   0.3142
   9.000   1.5039   0.04058   0.03066  -0.1164  0.3030  1.0000  -2.8332   0.0000   0.0000   0.0000   0.3115
   9.250   1.5133   0.04199   0.03218  -0.1136  0.2970  1.0000  -2.8750   0.0000   0.0000   0.0000   0.3088
   9.500   1.5374   0.04301   0.03314  -0.1128  0.2908  1.0000  -2.9432   0.0000   0.0000   0.0000   0.3067
   9.750   1.5324   0.04479   0.03515  -0.1081  0.2857  1.0000  -2.9598   0.0000   0.0000   0.0000   0.3035
  10.000   1.5586   0.04579   0.03607  -0.1077  0.2798  1.0000  -3.0321   0.0000   0.0000   0.0000   0.3016
  10.250   1.5459   0.04784   0.03838  -0.1022  0.2757  1.0000  -3.0346   0.0000   0.0000   0.0000   0.2982
  10.500   1.5496   0.04956   0.04028  -0.0990  0.2712  1.0000  -3.0655   0.0000   0.0000   0.0000   0.2956
  10.750   1.5663   0.05111   0.04184  -0.0977  0.2669  1.0000  -3.1186   0.0000   0.0000   0.0000   0.2936
  11.000   1.5313   0.05431   0.04540  -0.0906  0.2641  1.0000  -3.0800   0.0000   0.0000   0.0000   0.2901
  11.250   1.5237   0.05674   0.04798  -0.0870  0.2604  1.0000  -3.0939   0.0000   0.0000   0.0000   0.2876
  11.500   1.5444   0.05812   0.04933  -0.0862  0.2562  1.0000  -3.1628   0.0000   0.0000   0.0000   0.2858
  11.750   1.4769   0.06403   0.05568  -0.0790  0.2547  1.0000  -3.0542   0.0000   0.0000   0.0000   0.2831
  12.000   0.9810   0.13903   0.13175  -0.1045  0.2576  1.0000  -1.7440   0.0000   0.0000   0.0000   0.3380
  13.000   0.8943   0.17398   0.16698  -0.1254  0.3053  1.0000  -1.3481   0.0000   0.0000   0.0000   0.3720
  13.250   0.9260   0.17740   0.17039  -0.1244  0.3009  1.0000  -1.4184   0.0000   0.0000   0.0000   0.3656
  13.500   0.9112   0.17985   0.17285  -0.1272  0.2936  1.0000  -1.3756   0.0000   0.0000   0.0000   0.3705
  13.750   0.9364   0.18334   0.17641  -0.1267  0.2902  1.0000  -1.4413   0.0000   0.0000   0.0000   0.3658
  14.000   0.9248   0.18607   0.17914  -0.1296  0.2847  1.0000  -1.4037   0.0000   0.0000   0.0000   0.3703
  14.250   0.9417   0.18909   0.18216  -0.1298  0.2804  1.0000  -1.4473   0.0000   0.0000   0.0000   0.3675
  14.500   0.9459   0.19246   0.18555  -0.1315  0.2773  1.0000  -1.4507   0.0000   0.0000   0.0000   0.3683
  14.750   0.9527   0.19495   0.18804  -0.1327  0.2705  1.0000  -1.4647   0.0000   0.0000   0.0000   0.3681
  15.000   0.9667   0.19851   0.19160  -0.1333  0.2671  1.0000  -1.4970   0.0000   0.0000   0.0000   0.3662
  15.500   0.9977   0.20532   0.19845  -0.1341  0.2572  1.0000  -1.5725   0.0000   0.0000   0.0000   0.3617
  16.500   1.0086   0.21532   0.20848  -0.1418  0.2379  1.0000  -1.5482   0.0000   0.0000   0.0000   0.3661
  17.000   1.0236   0.22084   0.21403  -0.1448  0.2276  1.0000  -1.5601   0.0000   0.0000   0.0000   0.3659
  17.500   1.0366   0.22670   0.21992  -0.1483  0.2198  1.0000  -1.5555   0.0000   0.0000   0.0000   0.3666
  18.000   1.0738   0.23492   0.22823  -0.1481  0.2138  1.0000  -1.6386   0.0000   0.0000   0.0000   0.3603
  18.500   1.0783   0.23858   0.23191  -0.1528  0.2040  1.0000  -1.5985   0.0000   0.0000   0.0000   0.3630
  19.000   1.0872   0.24349   0.23685  -0.1572  0.1949  1.0000  -1.5647   0.0000   0.0000   0.0000   0.3649
  19.500   1.1010   0.24941   0.24281  -0.1610  0.1897  1.0000  -1.6060   0.0000   0.0000   0.0000   0.3654


