xflr5 v6.61

 Calculated polar for: E63_7_00

 1 1 Reynolds number fixed          Mach number fixed         

 xtrf =   1.000 (top)        1.000 (bottom)
 Mach =   0.200     Re =     0.025 e 6     Ncrit =   9.000

  alpha     CL        CD       CDp       Cm    Top Xtr Bot Xtr   Cpmin    Chinge    XCp    
 ------- -------- --------- --------- -------- ------- ------- -------- --------- ---------
 -20.000  -0.6090   0.25600   0.24419   0.0078  1.0000  0.1090  -1.3237   0.0000   0.0000   0.0000   0.2519
 -19.500  -0.5919   0.24883   0.23703   0.0055  1.0000  0.1140  -1.2883   0.0000   0.0000   0.0000   0.2487
 -19.000  -0.5799   0.24610   0.23435   0.0023  1.0000  0.1180  -1.2891   0.0000   0.0000   0.0000   0.2439
 -18.500  -0.5630   0.23852   0.22681   0.0002  1.0000  0.1218  -1.2533   0.0000   0.0000   0.0000   0.2405
 -18.000  -0.5492   0.23401   0.22234  -0.0023  1.0000  0.1279  -1.2323   0.0000   0.0000   0.0000   0.2363
 -17.500  -0.5346   0.22821   0.21655  -0.0046  1.0000  0.1319  -1.2221   0.0000   0.0000   0.0000   0.2322
 -17.000  -0.5207   0.22324   0.21162  -0.0067  1.0000  0.1387  -1.2227   0.0000   0.0000   0.0000   0.2282
 -16.500  -0.5061   0.21715   0.20561  -0.0087  1.0000  0.1433  -1.2209   0.0000   0.0000   0.0000   0.2242
 -16.000  -0.4940   0.21290   0.20141  -0.0107  1.0000  0.1501  -1.2269   0.0000   0.0000   0.0000   0.2200
 -15.500  -0.4782   0.20596   0.19454  -0.0122  1.0000  0.1557  -1.2146   0.0000   0.0000   0.0000   0.2163
 -15.000  -0.4706   0.20339   0.19206  -0.0143  1.0000  0.1619  -1.2347   0.0000   0.0000   0.0000   0.2119
 -14.500  -0.4526   0.19526   0.18400  -0.0152  1.0000  0.1698  -1.2075   0.0000   0.0000   0.0000   0.2087
 -14.000  -0.4409   0.18990   0.17874  -0.0165  1.0000  0.1762  -1.2052   0.0000   0.0000   0.0000   0.2049
 -13.500  -0.4349   0.18691   0.17579  -0.0180  1.0000  0.1840  -1.2181   0.0000   0.0000   0.0000   0.2014
 -13.000  -0.4194   0.17969   0.16864  -0.0186  1.0000  0.1938  -1.1933   0.0000   0.0000   0.0000   0.1985
 -12.500  -0.4065   0.17342   0.16247  -0.0192  1.0000  0.2032  -1.1754   0.0000   0.0000   0.0000   0.1958
 -12.000  -0.3956   0.16774   0.15690  -0.0197  1.0000  0.2133  -1.1613   0.0000   0.0000   0.0000   0.1934
 -11.500  -0.3865   0.16251   0.15179  -0.0200  1.0000  0.2253  -1.1488   0.0000   0.0000   0.0000   0.1916
 -11.000  -0.3810   0.15813   0.14756  -0.0201  1.0000  0.2382  -1.1431   0.0000   0.0000   0.0000   0.1907
 -10.500  -0.3682   0.15139   0.14095  -0.0198  1.0000  0.2533  -1.1162   0.0000   0.0000   0.0000   0.1899
 -10.000  -0.3625   0.14671   0.13641  -0.0192  1.0000  0.2705  -1.1287   0.0000   0.0000   0.0000   0.1908
  -9.500  -0.3510   0.14032   0.13008  -0.0184  1.0000  0.2884  -1.1290   0.0000   0.0000   0.0000   0.1916
  -9.000  -0.3477   0.13577   0.12572  -0.0173  1.0000  0.3062  -1.1445   0.0000   0.0000   0.0000   0.1945
  -8.500  -0.3458   0.13148   0.12161  -0.0157  1.0000  0.3266  -1.1588   0.0000   0.0000   0.0000   0.1992
  -8.000  -0.3328   0.12463   0.11491  -0.0138  1.0000  0.3511  -1.1525   0.0000   0.0000   0.0000   0.2030
  -7.500  -0.3273   0.11941   0.10988  -0.0113  1.0000  0.3794  -1.1554   0.0000   0.0000   0.0000   0.2102
  -7.000  -0.3207   0.11389   0.10454  -0.0083  1.0000  0.4118  -1.1546   0.0000   0.0000   0.0000   0.2190
  -6.500  -0.3144   0.10833   0.09919  -0.0047  1.0000  0.4503  -1.1513   0.0000   0.0000   0.0000   0.2302
  -6.000  -0.3088   0.10294   0.09399  -0.0001  1.0000  0.5010  -1.1444   0.0000   0.0000   0.0000   0.2450
  -5.500  -0.2894   0.09561   0.08681   0.0045  1.0000  0.5764  -1.1182   0.0000   0.0000   0.0000   0.2610
  -5.000  -0.0255   0.06406   0.05421  -0.0317  1.0000  1.0000  -0.8917   0.0000   0.0000   0.0000  -1.0523
  -4.500  -0.0131   0.06025   0.05058  -0.0312  1.0000  1.0000  -0.8864   0.0000   0.0000   0.0000  -2.2350
  -4.000  -0.0019   0.05667   0.04719  -0.0303  1.0000  1.0000  -0.8874   0.0000   0.0000   0.0000  -16.3113
  -3.500  -0.0225   0.05517   0.04604  -0.0216  1.0000  0.9852  -0.9176   0.0000   0.0000   0.0000  -0.7494
  -3.000  -0.1041   0.05751   0.04897   0.0002  1.0000  0.9284  -0.9656   0.0000   0.0000   0.0000   0.2451
  -2.500  -0.1812   0.05927   0.05129   0.0176  1.0000  0.8648  -1.0270   0.0000   0.0000   0.0000   0.3441
  -1.500   0.0042   0.04962   0.04026  -0.0786  1.0000  0.2819  -1.3663   0.0000   0.0000   0.0000  18.8794
  -1.000   0.1375   0.04196   0.03146  -0.0993  1.0000  0.3164  -1.3855   0.0000   0.0000   0.0000   0.9753
  -0.500   0.2348   0.03769   0.02627  -0.1084  1.0000  0.3988  -1.2733   0.0000   0.0000   0.0000   0.7127
   0.000   0.3031   0.03490   0.02345  -0.1097  1.0000  0.5686  -1.0837   0.0000   0.0000   0.0000   0.6119
   1.000   0.4173   0.03362   0.02070  -0.1137  1.0000  1.0000  -0.6943   0.0000   0.0000   0.0000   0.5209
   1.500   0.4615   0.03555   0.02202  -0.1142  1.0000  1.0000  -0.5977   0.0000   0.0000   0.0000   0.4953
   2.000   0.5015   0.03781   0.02390  -0.1145  1.0000  1.0000  -0.6423   0.0000   0.0000   0.0000   0.4756
   2.500   0.5379   0.04047   0.02636  -0.1148  1.0000  1.0000  -0.6859   0.0000   0.0000   0.0000   0.4603
   3.000   0.5707   0.04360   0.02940  -0.1154  1.0000  1.0000  -0.7315   0.0000   0.0000   0.0000   0.4486
   3.500   0.5999   0.04727   0.03308  -0.1163  1.0000  1.0000  -0.7761   0.0000   0.0000   0.0000   0.4397
   4.000   0.6257   0.05154   0.03743  -0.1175  1.0000  1.0000  -0.8180   0.0000   0.0000   0.0000   0.4333
   4.500   0.6484   0.05642   0.04247  -0.1193  1.0000  1.0000  -0.8538   0.0000   0.0000   0.0000   0.4289
   5.000   0.7236   0.06348   0.04987  -0.1314  0.9533  1.0000  -0.9449   0.0000   0.0000   0.0000   0.4260
   5.500   0.8251   0.06907   0.05592  -0.1440  0.8689  1.0000  -1.0821   0.0000   0.0000   0.0000   0.4185
   6.000   0.9110   0.07342   0.06072  -0.1508  0.7913  1.0000  -1.2277   0.0000   0.0000   0.0000   0.4091
   6.500   0.9734   0.07764   0.06548  -0.1528  0.7213  1.0000  -1.3783   0.0000   0.0000   0.0000   0.4002
   7.000   1.0288   0.08205   0.07036  -0.1529  0.6567  1.0000  -1.5172   0.0000   0.0000   0.0000   0.3913
   7.500   1.0851   0.08629   0.07510  -0.1515  0.5955  1.0000  -1.7068   0.0000   0.0000   0.0000   0.3818
   8.000   1.1044   0.09354   0.08280  -0.1497  0.5513  1.0000  -1.8375   0.0000   0.0000   0.0000   0.3773
   8.500   1.1095   0.10260   0.09210  -0.1490  0.5185  1.0000  -1.9079   0.0000   0.0000   0.0000   0.3754
   9.000   1.1028   0.11308   0.10275  -0.1495  0.4960  1.0000  -1.9233   0.0000   0.0000   0.0000   0.3762
  11.500   1.0144   0.17089   0.16102  -0.1762  0.6628  1.0000  -1.5907   0.0000   0.0000   0.0000   0.4114
  12.000   1.0373   0.17958   0.16992  -0.1784  0.6284  1.0000  -1.6522   0.0000   0.0000   0.0000   0.4091
  12.500   1.0541   0.18652   0.17704  -0.1798  0.5904  1.0000  -1.7089   0.0000   0.0000   0.0000   0.4070
  13.000   1.0760   0.19526   0.18596  -0.1822  0.5611  1.0000  -1.7716   0.0000   0.0000   0.0000   0.4051
  13.500   1.0984   0.20337   0.19426  -0.1838  0.5217  1.0000  -1.8262   0.0000   0.0000   0.0000   0.4025
  14.000   1.1171   0.21172   0.20275  -0.1863  0.4958  1.0000  -1.8483   0.0000   0.0000   0.0000   0.4013
  14.500   1.1370   0.21982   0.21117  -0.1884  0.4630  1.0000  -1.8567   0.0000   0.0000   0.0000   0.3995
  15.000   1.1608   0.22952   0.22101  -0.1906  0.4320  1.0000  -1.8530   0.0000   0.0000   0.0000   0.3973
  15.500   1.1741   0.23590   0.22743  -0.1935  0.4083  1.0000  -1.8182   0.0000   0.0000   0.0000   0.3971
  16.000   1.1960   0.24462   0.23623  -0.1956  0.3766  1.0000  -1.8020   0.0000   0.0000   0.0000   0.3951
  16.500   1.2133   0.25211   0.24377  -0.1986  0.3546  1.0000  -1.8081   0.0000   0.0000   0.0000   0.3943
  17.000   1.2294   0.25873   0.25043  -0.2017  0.3322  1.0000  -1.8196   0.0000   0.0000   0.0000   0.3939
  17.500   1.2474   0.26608   0.25785  -0.2049  0.3127  1.0000  -1.8345   0.0000   0.0000   0.0000   0.3932
  18.000   1.2642   0.27354   0.26534  -0.2087  0.2997  1.0000  -1.8391   0.0000   0.0000   0.0000   0.3931
  18.500   1.2778   0.27899   0.27084  -0.2130  0.2867  1.0000  -1.8492   0.0000   0.0000   0.0000   0.3938
  19.000   1.2939   0.28548   0.27738  -0.2172  0.2739  1.0000  -1.8883   0.0000   0.0000   0.0000   0.3939
  19.500   1.3108   0.29242   0.28449  -0.2212  0.2617  1.0000  -1.9537   0.0000   0.0000   0.0000   0.3938
  20.000   1.3277   0.29932   0.29146  -0.2254  0.2502  1.0000  -2.0142   0.0000   0.0000   0.0000   0.3938


