xflr5 v6.61

 Calculated polar for: E63_7_00

 1 1 Reynolds number fixed          Mach number fixed         

 xtrf =   1.000 (top)        1.000 (bottom)
 Mach =   0.200     Re =     0.025 e 6     Ncrit =   7.000

  alpha     CL        CD       CDp       Cm    Top Xtr Bot Xtr   Cpmin    Chinge    XCp    
 ------- -------- --------- --------- -------- ------- ------- -------- --------- ---------
 -22.500  -0.6812   0.27971   0.26778   0.0234  1.0000  0.0786  -1.3798   0.0000   0.0000   0.0000   0.2710
 -22.000  -0.6658   0.27412   0.26220   0.0202  1.0000  0.0818  -1.3652   0.0000   0.0000   0.0000   0.2675
 -21.500  -0.6514   0.27000   0.25809   0.0168  1.0000  0.0848  -1.3678   0.0000   0.0000   0.0000   0.2634
 -21.000  -0.6391   0.26810   0.25623   0.0129  1.0000  0.0863  -1.3883   0.0000   0.0000   0.0000   0.2585
 -20.500  -0.6213   0.25911   0.24721   0.0106  1.0000  0.0888  -1.3497   0.0000   0.0000   0.0000   0.2557
 -20.000  -0.6054   0.25322   0.24133   0.0080  1.0000  0.0927  -1.3255   0.0000   0.0000   0.0000   0.2521
 -19.500  -0.5920   0.24957   0.23772   0.0048  1.0000  0.0960  -1.3241   0.0000   0.0000   0.0000   0.2475
 -19.000  -0.5787   0.24530   0.23352   0.0017  1.0000  0.0977  -1.3203   0.0000   0.0000   0.0000   0.2428
 -18.500  -0.5608   0.23729   0.22552  -0.0001  1.0000  0.1026  -1.2698   0.0000   0.0000   0.0000   0.2399
 -18.000  -0.5487   0.23408   0.22236  -0.0031  1.0000  0.1070  -1.2647   0.0000   0.0000   0.0000   0.2349
 -17.500  -0.5326   0.22712   0.21540  -0.0051  1.0000  0.1104  -1.2466   0.0000   0.0000   0.0000   0.2312
 -17.000  -0.5182   0.22187   0.21019  -0.0072  1.0000  0.1163  -1.2449   0.0000   0.0000   0.0000   0.2271
 -16.500  -0.5078   0.21860   0.20702  -0.0099  1.0000  0.1192  -1.2701   0.0000   0.0000   0.0000   0.2220
 -16.000  -0.4897   0.21061   0.19906  -0.0111  1.0000  0.1254  -1.2421   0.0000   0.0000   0.0000   0.2188
 -15.500  -0.4819   0.20832   0.19686  -0.0137  1.0000  0.1293  -1.2723   0.0000   0.0000   0.0000   0.2136
 -15.000  -0.4631   0.19971   0.18831  -0.0146  1.0000  0.1353  -1.2392   0.0000   0.0000   0.0000   0.2105
 -14.500  -0.4563   0.19713   0.18582  -0.0168  1.0000  0.1401  -1.2646   0.0000   0.0000   0.0000   0.2056
 -14.000  -0.4382   0.18889   0.17766  -0.0175  1.0000  0.1468  -1.2311   0.0000   0.0000   0.0000   0.2025
 -13.500  -0.4322   0.18579   0.17462  -0.0193  1.0000  0.1517  -1.2521   0.0000   0.0000   0.0000   0.1981
 -13.000  -0.4165   0.17865   0.16754  -0.0199  1.0000  0.1601  -1.2231   0.0000   0.0000   0.0000   0.1951
 -12.500  -0.4044   0.17260   0.16159  -0.0207  1.0000  0.1664  -1.2091   0.0000   0.0000   0.0000   0.1919
 -12.000  -0.4024   0.17002   0.15917  -0.0220  1.0000  0.1732  -1.2302   0.0000   0.0000   0.0000   0.1888
 -11.500  -0.3894   0.16340   0.15264  -0.0221  1.0000  0.1836  -1.2030   0.0000   0.0000   0.0000   0.1866
 -11.000  -0.3799   0.15779   0.14715  -0.0223  1.0000  0.1944  -1.1850   0.0000   0.0000   0.0000   0.1850
 -10.500  -0.3732   0.15283   0.14234  -0.0223  1.0000  0.2057  -1.1730   0.0000   0.0000   0.0000   0.1840
 -10.000  -0.3637   0.14683   0.13650  -0.0220  1.0000  0.2182  -1.1776   0.0000   0.0000   0.0000   0.1836
  -9.500  -0.3518   0.14043   0.13022  -0.0212  1.0000  0.2328  -1.1745   0.0000   0.0000   0.0000   0.1838
  -9.000  -0.3469   0.13560   0.12547  -0.0204  1.0000  0.2474  -1.1877   0.0000   0.0000   0.0000   0.1855
  -8.500  -0.3483   0.13191   0.12198  -0.0194  1.0000  0.2607  -1.2131   0.0000   0.0000   0.0000   0.1891
  -8.000  -0.3353   0.12508   0.11531  -0.0178  1.0000  0.2781  -1.2045   0.0000   0.0000   0.0000   0.1918
  -7.500  -0.3385   0.12128   0.11175  -0.0158  1.0000  0.2946  -1.2257   0.0000   0.0000   0.0000   0.1987
  -7.000  -0.3384   0.11675   0.10743  -0.0130  1.0000  0.3153  -1.2345   0.0000   0.0000   0.0000   0.2071
  -6.500  -0.3401   0.11227   0.10318  -0.0096  1.0000  0.3375  -1.2426   0.0000   0.0000   0.0000   0.2175
  -6.000  -0.3310   0.10607   0.09718  -0.0062  1.0000  0.3654  -1.2307   0.0000   0.0000   0.0000   0.2272
  -5.500  -0.3335   0.10150   0.09286  -0.0017  1.0000  0.3964  -1.2329   0.0000   0.0000   0.0000   0.2413
  -5.000  -0.3392   0.09743   0.08904   0.0033  1.0000  0.4362  -1.2364   0.0000   0.0000   0.0000   0.2563
  -3.500  -0.2009   0.06864   0.06028   0.0138  1.0000  0.8161  -1.0399   0.0000   0.0000   0.0000   0.3148
  -2.500  -0.1297   0.06043   0.05143  -0.0631  1.0000  0.1724  -1.5768   0.0000   0.0000   0.0000  -0.2413
  -2.000  -0.0259   0.05149   0.04180  -0.0818  1.0000  0.1713  -1.5401   0.0000   0.0000   0.0000  -2.9249
  -1.500   0.0849   0.04408   0.03345  -0.0985  1.0000  0.1912  -1.5430   0.0000   0.0000   0.0000   1.4165
  -1.000   0.1940   0.03869   0.02660  -0.1113  1.0000  0.2396  -1.5072   0.0000   0.0000   0.0000   0.8256
  -0.500   0.2665   0.03619   0.02354  -0.1150  1.0000  0.3279  -1.3275   0.0000   0.0000   0.0000   0.6819
   0.000   0.3289   0.03418   0.02190  -0.1157  1.0000  0.5051  -1.0909   0.0000   0.0000   0.0000   0.6016
   0.500   0.3642   0.03194   0.02024  -0.1120  1.0000  1.0000  -0.9410   0.0000   0.0000   0.0000   0.5565
   1.000   0.4173   0.03362   0.02070  -0.1137  1.0000  1.0000  -0.6943   0.0000   0.0000   0.0000   0.5209
   1.500   0.4615   0.03555   0.02202  -0.1142  1.0000  1.0000  -0.5977   0.0000   0.0000   0.0000   0.4953
   2.000   0.5015   0.03781   0.02390  -0.1145  1.0000  1.0000  -0.6423   0.0000   0.0000   0.0000   0.4756
   2.500   0.5379   0.04047   0.02636  -0.1148  1.0000  1.0000  -0.6859   0.0000   0.0000   0.0000   0.4603
   3.000   0.5707   0.04360   0.02940  -0.1154  1.0000  1.0000  -0.7315   0.0000   0.0000   0.0000   0.4486
   3.500   0.6351   0.04784   0.03366  -0.1224  0.9743  1.0000  -0.8094   0.0000   0.0000   0.0000   0.4386
   4.000   0.7312   0.05136   0.03735  -0.1332  0.9165  1.0000  -0.9275   0.0000   0.0000   0.0000   0.4276
   4.500   0.8279   0.05373   0.03999  -0.1416  0.8570  1.0000  -1.0665   0.0000   0.0000   0.0000   0.4160
   5.000   0.9105   0.05528   0.04199  -0.1458  0.7941  1.0000  -1.2078   0.0000   0.0000   0.0000   0.4046
   5.500   0.9935   0.05592   0.04320  -0.1477  0.7298  1.0000  -1.3923   0.0000   0.0000   0.0000   0.3926
   6.000   1.0869   0.05463   0.04254  -0.1473  0.6634  1.0000  -1.6381   0.0000   0.0000   0.0000   0.3790
   6.500   1.1833   0.05262   0.04129  -0.1452  0.5900  1.0000  -1.9935   0.0000   0.0000   0.0000   0.3655
   7.500   1.3340   0.05347   0.04270  -0.1378  0.4412  1.0000  -2.7839   0.0000   0.0000   0.0000   0.3447
   8.000   1.3701   0.05789   0.04764  -0.1331  0.3854  1.0000  -3.0734   0.0000   0.0000   0.0000   0.3379
   8.500   1.3917   0.06371   0.05386  -0.1281  0.3407  1.0000  -3.2917   0.0000   0.0000   0.0000   0.3322
   9.000   1.3953   0.07110   0.06171  -0.1228  0.3073  1.0000  -3.4183   0.0000   0.0000   0.0000   0.3275
   9.500   1.3938   0.07875   0.06972  -0.1175  0.2777  1.0000  -3.5192   0.0000   0.0000   0.0000   0.3233
  10.000   1.3203   0.09284   0.08407  -0.1147  0.2769  1.0000  -3.2754   0.0000   0.0000   0.0000   0.3254
  10.500   1.2456   0.11184   0.10304  -0.1207  0.2778  1.0000  -2.9542   0.0000   0.0000   0.0000   0.3350
  11.000   1.1917   0.13104   0.12208  -0.1306  0.2750  1.0000  -2.6726   0.0000   0.0000   0.0000   0.3473
  11.500   1.1877   0.14211   0.13327  -0.1333  0.2581  1.0000  -2.6649   0.0000   0.0000   0.0000   0.3494
  12.000   1.1690   0.15597   0.14710  -0.1403  0.2542  1.0000  -2.5328   0.0000   0.0000   0.0000   0.3567
  12.500   1.1655   0.16673   0.15791  -0.1448  0.2413  1.0000  -2.4874   0.0000   0.0000   0.0000   0.3603
  13.000   1.1732   0.17783   0.16913  -0.1489  0.2351  1.0000  -2.4608   0.0000   0.0000   0.0000   0.3624
  13.500   1.1660   0.19029   0.18159  -0.1571  0.2440  1.0000  -2.3208   0.0000   0.0000   0.0000   0.3697
  14.000   1.1687   0.20019   0.19154  -0.1629  0.2413  1.0000  -2.2431   0.0000   0.0000   0.0000   0.3736
  14.500   0.9054   0.20606   0.19823  -0.1486  0.3832  1.0000  -1.4307   0.0000   0.0000   0.0000   0.3992
  15.000   0.9113   0.21292   0.20525  -0.1499  0.3603  1.0000  -1.4141   0.0000   0.0000   0.0000   0.3989
  15.500   0.9170   0.21997   0.21259  -0.1513  0.3386  1.0000  -1.3826   0.0000   0.0000   0.0000   0.3987
  16.000   0.9289   0.22909   0.22184  -0.1529  0.3223  1.0000  -1.3539   0.0000   0.0000   0.0000   0.3976
  16.500   0.9321   0.23547   0.22832  -0.1544  0.2996  1.0000  -1.3089   0.0000   0.0000   0.0000   0.3979
  17.000   0.9339   0.24175   0.23469  -0.1564  0.2836  1.0000  -1.2726   0.0000   0.0000   0.0000   0.3990
  17.500   0.9451   0.25070   0.24375  -0.1580  0.2676  1.0000  -1.2810   0.0000   0.0000   0.0000   0.3979
  18.000   0.9453   0.25651   0.24964  -0.1603  0.2523  1.0000  -1.2534   0.0000   0.0000   0.0000   0.3995
  18.500   0.9513   0.26415   0.25738  -0.1624  0.2397  1.0000  -1.2411   0.0000   0.0000   0.0000   0.3998
  19.000   0.9564   0.27192   0.26525  -0.1648  0.2309  1.0000  -1.2265   0.0000   0.0000   0.0000   0.4005
  19.500   0.9631   0.28021   0.27363  -0.1671  0.2223  1.0000  -1.2404   0.0000   0.0000   0.0000   0.4008
  20.000   0.9715   0.28919   0.28272  -0.1691  0.2132  1.0000  -1.2804   0.0000   0.0000   0.0000   0.4005


