xflr5 v6.61

 Calculated polar for: E63_16_00

 1 1 Reynolds number fixed          Mach number fixed         

 xtrf =   1.000 (top)        1.000 (bottom)
 Mach =   0.200     Re =     0.080 e 6     Ncrit =   7.000

  alpha     CL        CD       CDp       Cm    Top Xtr Bot Xtr   Cpmin    Chinge    XCp    
 ------- -------- --------- --------- -------- ------- ------- -------- --------- ---------
 -30.000  -0.7573   0.33759   0.33005   0.0545  1.0000  0.0439  -1.5457   0.0000   0.0000   0.0000   0.2680
 -29.500  -0.7440   0.33350   0.32593   0.0502  1.0000  0.0450  -1.5495   0.0000   0.0000   0.0000   0.2646
 -29.000  -0.7312   0.33014   0.32256   0.0456  1.0000  0.0456  -1.5647   0.0000   0.0000   0.0000   0.2605
 -28.500  -0.7200   0.32852   0.32094   0.0407  1.0000  0.0459  -1.5944   0.0000   0.0000   0.0000   0.2558
 -28.000  -0.7081   0.32525   0.31770   0.0363  1.0000  0.0462  -1.6139   0.0000   0.0000   0.0000   0.2516
 -27.500  -0.6889   0.31524   0.30768   0.0344  1.0000  0.0470  -1.5356   0.0000   0.0000   0.0000   0.2509
 -27.000  -0.6730   0.30999   0.30242   0.0314  1.0000  0.0480  -1.5001   0.0000   0.0000   0.0000   0.2485
 -26.500  -0.6575   0.30526   0.29770   0.0281  1.0000  0.0492  -1.4794   0.0000   0.0000   0.0000   0.2455
 -26.000  -0.6422   0.30057   0.29301   0.0247  1.0000  0.0506  -1.4661   0.0000   0.0000   0.0000   0.2421
 -25.500  -0.6270   0.29582   0.28828   0.0213  1.0000  0.0521  -1.4584   0.0000   0.0000   0.0000   0.2383
 -25.000  -0.6121   0.29110   0.28357   0.0178  1.0000  0.0538  -1.4592   0.0000   0.0000   0.0000   0.2341
 -24.500  -0.5981   0.28686   0.27932   0.0139  1.0000  0.0550  -1.4798   0.0000   0.0000   0.0000   0.2290
 -24.000  -0.5862   0.28381   0.27629   0.0096  1.0000  0.0556  -1.5188   0.0000   0.0000   0.0000   0.2231
 -23.500  -0.5766   0.28197   0.27448   0.0053  1.0000  0.0558  -1.5674   0.0000   0.0000   0.0000   0.2167
 -23.000  -0.5541   0.27159   0.26413   0.0042  1.0000  0.0566  -1.4773   0.0000   0.0000   0.0000   0.2152
 -22.500  -0.5361   0.26580   0.25837   0.0022  1.0000  0.0581  -1.4177   0.0000   0.0000   0.0000   0.2122
 -22.000  -0.5195   0.26088   0.25347  -0.0002  1.0000  0.0606  -1.3777   0.0000   0.0000   0.0000   0.2082
 -21.000  -0.4931   0.25233   0.24495  -0.0069  1.0000  0.0654  -1.4254   0.0000   0.0000   0.0000   0.1958
 -20.500  -0.4847   0.24960   0.24226  -0.0107  1.0000  0.0658  -1.4915   0.0000   0.0000   0.0000   0.1885
 -20.000  -0.4637   0.24101   0.23373  -0.0118  1.0000  0.0665  -1.4355   0.0000   0.0000   0.0000   0.1852
 -19.500  -0.4449   0.23499   0.22774  -0.0130  1.0000  0.0681  -1.3827   0.0000   0.0000   0.0000   0.1815
 -19.000  -0.4289   0.22982   0.22261  -0.0148  1.0000  0.0702  -1.3589   0.0000   0.0000   0.0000   0.1765
 -18.500  -0.4146   0.22472   0.21756  -0.0169  1.0000  0.0728  -1.3548   0.0000   0.0000   0.0000   0.1706
 -18.000  -0.4049   0.22034   0.21323  -0.0199  1.0000  0.0751  -1.3959   0.0000   0.0000   0.0000   0.1629
 -17.500  -0.4019   0.21746   0.21039  -0.0234  1.0000  0.0757  -1.4762   0.0000   0.0000   0.0000   0.1548
 -17.000  -0.3780   0.20863   0.20162  -0.0232  1.0000  0.0770  -1.3903   0.0000   0.0000   0.0000   0.1512
 -16.500  -0.3608   0.20304   0.19608  -0.0237  1.0000  0.0796  -1.3412   0.0000   0.0000   0.0000   0.1467
 -16.000  -0.3484   0.19782   0.19091  -0.0251  1.0000  0.0834  -1.3367   0.0000   0.0000   0.0000   0.1408
 -15.500  -0.3497   0.19397   0.18714  -0.0285  1.0000  0.0863  -1.4492   0.0000   0.0000   0.0000   0.1329
 -15.000  -0.3291   0.18641   0.17965  -0.0279  1.0000  0.0885  -1.4150   0.0000   0.0000   0.0000   0.1291
 -14.500  -0.3184   0.18124   0.17455  -0.0286  1.0000  0.0952  -1.4480   0.0000   0.0000   0.0000   0.1244
 -14.000  -0.3133   0.17523   0.16860  -0.0298  1.0000  0.0986  -1.5329   0.0000   0.0000   0.0000   0.1198
 -13.500  -0.3112   0.17141   0.16482  -0.0310  1.0000  0.1074  -1.5856   0.0000   0.0000   0.0000   0.1167
 -13.000  -0.2907   0.16552   0.15899  -0.0295  1.0000  0.1158  -1.5025   0.0000   0.0000   0.0000   0.1144
 -12.500  -0.2883   0.16067   0.15422  -0.0302  1.0000  0.1202  -1.5231   0.0000   0.0000   0.0000   0.1126
 -12.000  -0.2750   0.15584   0.14945  -0.0291  1.0000  0.1258  -1.4642   0.0000   0.0000   0.0000   0.1116
 -11.500  -0.2858   0.15250   0.14619  -0.0304  1.0000  0.1292  -1.5268   0.0000   0.0000   0.0000   0.1138
 -11.000  -0.2760   0.14657   0.14035  -0.0293  1.0000  0.1306  -1.4823   0.0000   0.0000   0.0000   0.1145
 -10.500  -0.2627   0.14157   0.13543  -0.0274  1.0000  0.1337  -1.4061   0.0000   0.0000   0.0000   0.1169
 -10.000  -0.2640   0.13750   0.13146  -0.0265  1.0000  0.1382  -1.3935   0.0000   0.0000   0.0000   0.1227
  -9.500  -0.2946   0.13480   0.12889  -0.0272  1.0000  0.1404  -1.4999   0.0000   0.0000   0.0000   0.1347
  -9.000  -0.2708   0.12873   0.12292  -0.0236  1.0000  0.1425  -1.3689   0.0000   0.0000   0.0000   0.1394
  -8.500  -0.2705   0.12513   0.11940  -0.0210  1.0000  0.1479  -1.3218   0.0000   0.0000   0.0000   0.1505
  -7.000  -0.3356   0.10500   0.09956  -0.0268  0.9931  0.1185  -1.7117   0.0000   0.0000   0.0000   0.1542
  -6.500  -0.3410   0.09190   0.08642  -0.0385  0.9769  0.1076  -1.9629   0.0000   0.0000   0.0000   0.1211
  -6.000  -0.3269   0.07987   0.07435  -0.0517  0.9583  0.1070  -2.1103   0.0000   0.0000   0.0000   0.0758
  -5.500  -0.3037   0.06185   0.05606  -0.0749  0.9388  0.1107  -2.3497   0.0000   0.0000   0.0000  -0.0137
  -5.000  -0.2406   0.04585   0.03901  -0.0991  0.9231  0.1254  -2.4627   0.0000   0.0000   0.0000  -0.1828
  -4.500  -0.1622   0.04117   0.03372  -0.1084  0.9080  0.1422  -2.3074   0.0000   0.0000   0.0000  -0.4459
  -4.000  -0.0869   0.03828   0.03049  -0.1137  0.8915  0.1549  -2.1479   0.0000   0.0000   0.0000  -1.1023
  -3.500  -0.0114   0.03592   0.02777  -0.1181  0.8745  0.1694  -1.9746   0.0000   0.0000   0.0000  -10.4399
  -3.000   0.0714   0.03318   0.02447  -0.1233  0.8586  0.1843  -1.8002   0.0000   0.0000   0.0000   2.0145
  -2.500   0.1434   0.03171   0.02300  -0.1253  0.8394  0.1986  -1.6077   0.0000   0.0000   0.0000   1.1382
  -2.000   0.2293   0.02955   0.02055  -0.1292  0.8249  0.2166  -1.4093   0.0000   0.0000   0.0000   0.8199
  -1.500   0.3021   0.02795   0.01898  -0.1306  0.8051  0.2339  -1.2247   0.0000   0.0000   0.0000   0.6849
  -1.000   0.3802   0.02627   0.01726  -0.1327  0.7850  0.2556  -1.0392   0.0000   0.0000   0.0000   0.5992
  -0.500   0.4629   0.02468   0.01566  -0.1354  0.7630  0.2848  -0.9517   0.0000   0.0000   0.0000   0.5410
   0.000   0.5531   0.02311   0.01406  -0.1394  0.7382  0.3168  -1.0498   0.0000   0.0000   0.0000   0.4993
   0.500   0.6330   0.02219   0.01317  -0.1419  0.7060  0.3542  -1.1446   0.0000   0.0000   0.0000   0.4704
   1.000   0.7047   0.02175   0.01272  -0.1431  0.6700  0.4029  -1.2353   0.0000   0.0000   0.0000   0.4485
   1.500   0.7680   0.02158   0.01259  -0.1429  0.6330  0.4613  -1.3277   0.0000   0.0000   0.0000   0.4306
   2.000   0.8291   0.02158   0.01259  -0.1423  0.5971  0.5354  -1.4200   0.0000   0.0000   0.0000   0.4154
   2.500   0.8806   0.02171   0.01285  -0.1399  0.5627  0.6316  -1.5113   0.0000   0.0000   0.0000   0.4019
   3.000   0.9187   0.02170   0.01314  -0.1346  0.5315  0.7853  -1.5945   0.0000   0.0000   0.0000   0.3887
   3.500   0.9683   0.02203   0.01328  -0.1323  0.5003  1.0000  -1.6888   0.0000   0.0000   0.0000   0.3781
   4.000   1.0193   0.02299   0.01384  -0.1308  0.4714  1.0000  -1.7853   0.0000   0.0000   0.0000   0.3691
   4.500   1.0683   0.02401   0.01454  -0.1290  0.4451  1.0000  -1.8810   0.0000   0.0000   0.0000   0.3608
   5.000   1.1171   0.02510   0.01531  -0.1271  0.4213  1.0000  -1.9776   0.0000   0.0000   0.0000   0.3531
   5.500   1.1630   0.02628   0.01626  -0.1248  0.3992  1.0000  -2.0734   0.0000   0.0000   0.0000   0.3459
   6.000   1.2046   0.02754   0.01739  -0.1218  0.3786  1.0000  -2.1761   0.0000   0.0000   0.0000   0.3389
   6.500   1.2440   0.02889   0.01864  -0.1186  0.3599  1.0000  -2.2775   0.0000   0.0000   0.0000   0.3324
   7.000   1.2878   0.03028   0.01984  -0.1161  0.3433  1.0000  -2.3863   0.0000   0.0000   0.0000   0.3264
   7.500   1.3203   0.03181   0.02136  -0.1119  0.3269  1.0000  -2.4801   0.0000   0.0000   0.0000   0.3203
   8.000   1.3600   0.03331   0.02279  -0.1090  0.3123  1.0000  -2.5875   0.0000   0.0000   0.0000   0.3148
   8.500   1.3932   0.03511   0.02460  -0.1052  0.2992  1.0000  -2.6906   0.0000   0.0000   0.0000   0.3094
   9.000   1.4241   0.03711   0.02665  -0.1013  0.2875  1.0000  -2.7895   0.0000   0.0000   0.0000   0.3042
   9.500   1.4532   0.03923   0.02882  -0.0974  0.2767  1.0000  -2.8860   0.0000   0.0000   0.0000   0.2993
  10.000   1.4794   0.04145   0.03109  -0.0933  0.2664  1.0000  -2.9883   0.0000   0.0000   0.0000   0.2944
  10.500   1.5077   0.04370   0.03335  -0.0896  0.2568  1.0000  -3.0956   0.0000   0.0000   0.0000   0.2899
  11.000   1.5118   0.04688   0.03687  -0.0837  0.2481  1.0000  -3.1582   0.0000   0.0000   0.0000   0.2849
  11.500   1.5066   0.05084   0.04114  -0.0777  0.2403  1.0000  -3.2016   0.0000   0.0000   0.0000   0.2802
  12.000   1.5152   0.05452   0.04497  -0.0736  0.2331  1.0000  -3.2691   0.0000   0.0000   0.0000   0.2763
  12.500   1.5025   0.05981   0.05055  -0.0691  0.2267  1.0000  -3.2911   0.0000   0.0000   0.0000   0.2727
  13.000   1.4439   0.06954   0.06079  -0.0651  0.2215  1.0000  -3.2097   0.0000   0.0000   0.0000   0.2708
  13.500   1.2393   0.10143   0.09351  -0.0729  0.2137  1.0000  -2.7381   0.0000   0.0000   0.0000   0.2837
  14.000   1.0218   0.15249   0.14496  -0.1004  0.1935  1.0000  -1.9808   0.0000   0.0000   0.0000   0.3245
  15.000   1.0257   0.17024   0.16280  -0.1084  0.1821  1.0000  -1.9437   0.0000   0.0000   0.0000   0.3306
  15.500   1.0069   0.18320   0.17584  -0.1163  0.1779  1.0000  -1.8359   0.0000   0.0000   0.0000   0.3401
  16.000   1.0072   0.19243   0.18513  -0.1216  0.1765  1.0000  -1.7986   0.0000   0.0000   0.0000   0.3447
  16.500   1.0447   0.19515   0.18786  -0.1206  0.1709  1.0000  -1.9362   0.0000   0.0000   0.0000   0.3382
  17.000   0.7732   0.20486   0.19908  -0.1145  0.2028  1.0000  -1.1156   0.0000   0.0000   0.0000   0.3766
  17.500   0.7802   0.20947   0.20376  -0.1166  0.1927  1.0000  -1.1116   0.0000   0.0000   0.0000   0.3772
  18.000   0.7760   0.21486   0.20923  -0.1202  0.1851  1.0000  -1.0522   0.0000   0.0000   0.0000   0.3821
  18.500   0.7944   0.22096   0.21537  -0.1213  0.1812  1.0000  -1.0764   0.0000   0.0000   0.0000   0.3789
  19.000   0.7979   0.22588   0.22037  -0.1240  0.1722  1.0000  -1.0414   0.0000   0.0000   0.0000   0.3810
  19.500   0.8004   0.23164   0.22623  -0.1270  0.1643  1.0000  -0.9937   0.0000   0.0000   0.0000   0.3836
  20.000   0.8241   0.23784   0.23249  -0.1274  0.1602  1.0000  -1.0509   0.0000   0.0000   0.0000   0.3782


