xflr5 v6.61

 Calculated polar for: E63_8_00

 1 1 Reynolds number fixed          Mach number fixed         

 xtrf =   1.000 (top)        1.000 (bottom)
 Mach =   0.200     Re =     0.050 e 6     Ncrit =   9.000

  alpha     CL        CD       CDp       Cm    Top Xtr Bot Xtr   Cpmin    Chinge    XCp    
 ------- -------- --------- --------- -------- ------- ------- -------- --------- ---------
 -17.000  -0.4969   0.21646   0.20807  -0.0096  1.0000  0.0676  -1.3034   0.0000   0.0000   0.0000   0.2195
 -16.500  -0.4815   0.21039   0.20203  -0.0112  1.0000  0.0705  -1.2782   0.0000   0.0000   0.0000   0.2157
 -16.000  -0.4682   0.20542   0.19710  -0.0134  1.0000  0.0737  -1.2795   0.0000   0.0000   0.0000   0.2108
 -15.500  -0.4612   0.20355   0.19531  -0.0165  1.0000  0.0755  -1.3304   0.0000   0.0000   0.0000   0.2041
 -15.000  -0.4423   0.19432   0.18613  -0.0170  1.0000  0.0781  -1.2689   0.0000   0.0000   0.0000   0.2015
 -14.500  -0.4283   0.18851   0.18037  -0.0182  1.0000  0.0826  -1.2394   0.0000   0.0000   0.0000   0.1976
 -14.000  -0.4213   0.18545   0.17739  -0.0206  1.0000  0.0859  -1.2689   0.0000   0.0000   0.0000   0.1917
 -13.500  -0.4070   0.17826   0.17023  -0.0214  1.0000  0.0881  -1.2369   0.0000   0.0000   0.0000   0.1881
 -13.000  -0.3930   0.17199   0.16401  -0.0220  1.0000  0.0926  -1.1950   0.0000   0.0000   0.0000   0.1850
 -12.500  -0.3879   0.16858   0.16069  -0.0238  1.0000  0.0965  -1.2196   0.0000   0.0000   0.0000   0.1799
 -12.000  -0.3748   0.16156   0.15377  -0.0242  1.0000  0.0992  -1.2158   0.0000   0.0000   0.0000   0.1770
 -11.500  -0.3635   0.15586   0.14814  -0.0245  1.0000  0.1047  -1.2147   0.0000   0.0000   0.0000   0.1743
 -11.000  -0.3687   0.15452   0.14693  -0.0265  1.0000  0.1077  -1.3019   0.0000   0.0000   0.0000   0.1704
 -10.500  -0.3463   0.14490   0.13737  -0.0251  1.0000  0.1133  -1.2422   0.0000   0.0000   0.0000   0.1696
 -10.000  -0.3488   0.14219   0.13480  -0.0263  1.0000  0.1182  -1.3041   0.0000   0.0000   0.0000   0.1675
  -9.750  -0.3422   0.13832   0.13099  -0.0259  1.0000  0.1199  -1.2985   0.0000   0.0000   0.0000   0.1672
  -9.500  -0.3332   0.13455   0.12725  -0.0251  1.0000  0.1234  -1.2744   0.0000   0.0000   0.0000   0.1675
  -9.250  -0.3320   0.13245   0.12522  -0.0251  1.0000  0.1271  -1.2872   0.0000   0.0000   0.0000   0.1676
  -8.750  -0.3303   0.12776   0.12062  -0.0248  1.0000  0.1314  -1.3162   0.0000   0.0000   0.0000   0.1685
  -8.500  -0.3243   0.12466   0.11757  -0.0239  1.0000  0.1354  -1.3014   0.0000   0.0000   0.0000   0.1698
  -8.250  -0.3286   0.12346   0.11646  -0.0239  1.0000  0.1391  -1.3298   0.0000   0.0000   0.0000   0.1713
  -8.000  -0.3420   0.12372   0.11685  -0.0240  1.0000  0.1403  -1.3884   0.0000   0.0000   0.0000   0.1745
  -7.750  -0.3220   0.11778   0.11092  -0.0221  1.0000  0.1469  -1.3186   0.0000   0.0000   0.0000   0.1755
  -7.500  -0.3320   0.11727   0.11052  -0.0217  1.0000  0.1505  -1.3579   0.0000   0.0000   0.0000   0.1794
  -7.250  -0.3244   0.11351   0.10682  -0.0204  1.0000  0.1549  -1.3339   0.0000   0.0000   0.0000   0.1820
  -7.000  -0.3288   0.11203   0.10544  -0.0192  1.0000  0.1602  -1.3460   0.0000   0.0000   0.0000   0.1867
  -6.750  -0.3474   0.11238   0.10594  -0.0178  1.0000  0.1620  -1.3987   0.0000   0.0000   0.0000   0.1944
  -6.500  -0.3313   0.10751   0.10110  -0.0163  1.0000  0.1689  -1.3460   0.0000   0.0000   0.0000   0.1965
  -6.250  -0.3475   0.10731   0.10103  -0.0145  1.0000  0.1723  -1.3850   0.0000   0.0000   0.0000   0.2043
  -6.000  -0.3441   0.10412   0.09792  -0.0129  1.0000  0.1763  -1.3701   0.0000   0.0000   0.0000   0.2088
  -5.750  -0.3478   0.10238   0.09627  -0.0119  1.0000  0.1821  -1.3773   0.0000   0.0000   0.0000   0.2122
  -5.500  -0.3525   0.10043   0.09443  -0.0119  1.0000  0.1855  -1.3975   0.0000   0.0000   0.0000   0.2129
  -5.250  -0.3486   0.09765   0.09171  -0.0102  1.0000  0.1919  -1.3775   0.0000   0.0000   0.0000   0.2174
  -5.000  -0.3515   0.09564   0.08980  -0.0113  1.0000  0.1965  -1.3996   0.0000   0.0000   0.0000   0.2148
  -4.750  -0.3479   0.09304   0.08727  -0.0103  1.0000  0.2040  -1.3844   0.0000   0.0000   0.0000   0.2174
  -4.500  -0.3450   0.09029   0.08460  -0.0102  1.0000  0.2095  -1.3800   0.0000   0.0000   0.0000   0.2177
  -4.250  -0.3411   0.08802   0.08239  -0.0131  1.0000  0.2179  -1.3942   0.0000   0.0000   0.0000   0.2088
  -4.000  -0.3330   0.08555   0.07997  -0.0160  1.0000  0.2281  -1.3953   0.0000   0.0000   0.0000   0.1991
  -3.750  -0.3278   0.08237   0.07685  -0.0121  1.0000  0.2354  -1.3542   0.0000   0.0000   0.0000   0.2104
  -3.500  -0.3188   0.07955   0.07402  -0.0132  1.0000  0.2456  -1.3388   0.0000   0.0000   0.0000   0.2060
  -3.250  -0.3021   0.07673   0.07122  -0.0189  1.0000  0.2612  -1.3354   0.0000   0.0000   0.0000   0.1850
  -3.000  -0.2914   0.07373   0.06826  -0.0185  1.0000  0.2732  -1.3042   0.0000   0.0000   0.0000   0.1838
  -2.750  -0.2795   0.07089   0.06546  -0.0183  1.0000  0.2869  -1.2696   0.0000   0.0000   0.0000   0.1820
  -2.500  -0.2608   0.06798   0.06256  -0.0211  1.0000  0.3068  -1.2457   0.0000   0.0000   0.0000   0.1663
  -2.000  -0.0908   0.05239   0.04611  -0.0668  1.0000  0.1990  -1.4050   0.0000   0.0000   0.0000  -0.4922
  -1.750   0.0703   0.03843   0.03032  -0.1021  1.0000  0.1342  -1.6828   0.0000   0.0000   0.0000   1.7094
  -1.500   0.1075   0.03703   0.02870  -0.1054  1.0000  0.1648  -1.6069   0.0000   0.0000   0.0000   1.2349
  -1.250   0.1572   0.03461   0.02565  -0.1106  1.0000  0.1856  -1.5710   0.0000   0.0000   0.0000   0.9561
  -1.000   0.1952   0.03329   0.02398  -0.1131  1.0000  0.2073  -1.4790   0.0000   0.0000   0.0000   0.8313
  -0.750   0.2322   0.03223   0.02257  -0.1153  1.0000  0.2282  -1.3721   0.0000   0.0000   0.0000   0.7477
  -0.500   0.2632   0.03175   0.02201  -0.1165  1.0000  0.2610  -1.2758   0.0000   0.0000   0.0000   0.6930
  -0.250   0.2923   0.03150   0.02180  -0.1173  1.0000  0.3055  -1.1694   0.0000   0.0000   0.0000   0.6512
   0.000   0.3195   0.03138   0.02175  -0.1176  1.0000  0.3618  -1.0603   0.0000   0.0000   0.0000   0.6176
   0.250   0.3465   0.03136   0.02187  -0.1178  1.0000  0.4366  -0.9468   0.0000   0.0000   0.0000   0.5894
   0.500   0.3732   0.03125   0.02218  -0.1179  1.0000  0.5415  -0.8306   0.0000   0.0000   0.0000   0.5649
   0.750   0.3875   0.03023   0.02229  -0.1144  1.0000  0.7985  -0.7452   0.0000   0.0000   0.0000   0.5439
   1.000   0.4026   0.03096   0.02254  -0.1147  1.0000  1.0000  -0.6679   0.0000   0.0000   0.0000   0.5331
   1.250   0.4236   0.03217   0.02342  -0.1153  1.0000  1.0000  -0.6001   0.0000   0.0000   0.0000   0.5201
   1.500   0.4448   0.03351   0.02454  -0.1161  0.9985  1.0000  -0.6212   0.0000   0.0000   0.0000   0.5086
   1.750   0.5045   0.03523   0.02596  -0.1233  0.9772  1.0000  -0.6727   0.0000   0.0000   0.0000   0.4919
   2.000   0.5559   0.03634   0.02688  -0.1288  0.9554  1.0000  -0.7206   0.0000   0.0000   0.0000   0.4788
   2.250   0.6067   0.03718   0.02759  -0.1336  0.9341  1.0000  -0.7721   0.0000   0.0000   0.0000   0.4672
   2.500   0.6570   0.03778   0.02809  -0.1380  0.9127  1.0000  -0.8285   0.0000   0.0000   0.0000   0.4567
   2.750   0.7072   0.03812   0.02838  -0.1418  0.8910  1.0000  -0.8896   0.0000   0.0000   0.0000   0.4470
   3.000   0.7570   0.03819   0.02844  -0.1452  0.8692  1.0000  -0.9559   0.0000   0.0000   0.0000   0.4380
   3.250   0.8067   0.03799   0.02828  -0.1481  0.8473  1.0000  -1.0237   0.0000   0.0000   0.0000   0.4296
   3.500   0.8567   0.03750   0.02784  -0.1506  0.8254  1.0000  -1.0969   0.0000   0.0000   0.0000   0.4215
   3.750   0.9081   0.03664   0.02706  -0.1527  0.8036  1.0000  -1.1783   0.0000   0.0000   0.0000   0.4136
   4.000   0.9615   0.03529   0.02585  -0.1544  0.7820  1.0000  -1.2675   0.0000   0.0000   0.0000   0.4057
   4.250   1.0207   0.03338   0.02407  -0.1563  0.7600  1.0000  -1.3723   0.0000   0.0000   0.0000   0.3980
   4.500   1.0728   0.03188   0.02273  -0.1574  0.7327  1.0000  -1.4710   0.0000   0.0000   0.0000   0.3913
   4.750   1.1397   0.02973   0.02068  -0.1601  0.7032  1.0000  -1.6133   0.0000   0.0000   0.0000   0.3847
   5.000   1.1907   0.02864   0.01960  -0.1610  0.6665  1.0000  -1.7501   0.0000   0.0000   0.0000   0.3791
   5.250   1.2354   0.02817   0.01911  -0.1612  0.6264  1.0000  -1.8768   0.0000   0.0000   0.0000   0.3741
   5.500   1.2716   0.02833   0.01911  -0.1606  0.5861  1.0000  -1.9889   0.0000   0.0000   0.0000   0.3695
   5.750   1.2987   0.02903   0.01968  -0.1590  0.5478  1.0000  -2.0830   0.0000   0.0000   0.0000   0.3654
   6.000   1.3257   0.02987   0.02037  -0.1576  0.5118  1.0000  -2.1775   0.0000   0.0000   0.0000   0.3614
   6.250   1.3507   0.03091   0.02128  -0.1560  0.4786  1.0000  -2.3204   0.0000   0.0000   0.0000   0.3577
   6.500   1.3737   0.03210   0.02238  -0.1542  0.4479  1.0000  -2.4649   0.0000   0.0000   0.0000   0.3542
   6.750   1.3985   0.03335   0.02351  -0.1528  0.4197  1.0000  -2.6170   0.0000   0.0000   0.0000   0.3508
   7.000   1.4185   0.03478   0.02510  -0.1508  0.3934  1.0000  -2.7540   0.0000   0.0000   0.0000   0.3475
   7.250   1.4405   0.03628   0.02658  -0.1492  0.3693  1.0000  -2.8988   0.0000   0.0000   0.0000   0.3444
   7.500   1.4615   0.03788   0.02820  -0.1474  0.3472  1.0000  -3.0404   0.0000   0.0000   0.0000   0.3413
   7.750   1.4807   0.03963   0.03003  -0.1455  0.3269  1.0000  -3.1791   0.0000   0.0000   0.0000   0.3384
   8.000   1.5008   0.04151   0.03199  -0.1438  0.3085  1.0000  -3.3386   0.0000   0.0000   0.0000   0.3355
   8.250   1.5226   0.04329   0.03377  -0.1422  0.2901  1.0000  -3.5102   0.0000   0.0000   0.0000   0.3328
   8.500   1.5331   0.04539   0.03614  -0.1392  0.2735  1.0000  -3.6316   0.0000   0.0000   0.0000   0.3298
   8.750   1.5528   0.04720   0.03793  -0.1374  0.2563  1.0000  -3.7987   0.0000   0.0000   0.0000   0.3271
   9.000   1.5600   0.04953   0.04058  -0.1341  0.2416  1.0000  -3.9044   0.0000   0.0000   0.0000   0.3243
   9.250   1.5781   0.05108   0.04204  -0.1321  0.2241  1.0000  -4.0738   0.0000   0.0000   0.0000   0.3216
   9.500   1.5800   0.05347   0.04476  -0.1283  0.2106  1.0000  -4.1590   0.0000   0.0000   0.0000   0.3187
   9.750   1.5843   0.05592   0.04754  -0.1249  0.1977  1.0000  -4.2522   0.0000   0.0000   0.0000   0.3160
  10.000   1.6016   0.05735   0.04883  -0.1229  0.1813  1.0000  -4.4201   0.0000   0.0000   0.0000   0.3134
  10.250   1.5986   0.05964   0.05137  -0.1188  0.1698  1.0000  -4.4884   0.0000   0.0000   0.0000   0.3106
  10.500   1.5957   0.06189   0.05381  -0.1148  0.1588  1.0000  -4.5585   0.0000   0.0000   0.0000   0.3079
  10.750   1.5998   0.06475   0.05680  -0.1119  0.1492  1.0000  -4.6357   0.0000   0.0000   0.0000   0.3055
  11.000   1.5729   0.06890   0.06147  -0.1062  0.1471  1.0000  -4.5716   0.0000   0.0000   0.0000   0.3028
  11.250   1.5463   0.07317   0.06613  -0.1014  0.1453  1.0000  -4.5129   0.0000   0.0000   0.0000   0.3006
  11.500   1.5196   0.07787   0.07115  -0.0977  0.1437  1.0000  -4.4527   0.0000   0.0000   0.0000   0.2989
  11.750   1.4871   0.08349   0.07707  -0.0952  0.1436  1.0000  -4.3644   0.0000   0.0000   0.0000   0.2983
  12.000   1.4469   0.09062   0.08448  -0.0946  0.1454  1.0000  -4.2342   0.0000   0.0000   0.0000   0.2994
  12.250   1.4077   0.09899   0.09304  -0.0962  0.1475  1.0000  -4.0900   0.0000   0.0000   0.0000   0.3021
  12.500   1.3733   0.10826   0.10243  -0.0997  0.1491  1.0000  -3.9437   0.0000   0.0000   0.0000   0.3060
  14.500   1.1542   0.20879   0.20251  -0.1729  0.2756  1.0000  -2.0017   0.0000   0.0000   0.0000   0.3829
  14.750   1.1628   0.21294   0.20671  -0.1742  0.2658  1.0000  -2.0090   0.0000   0.0000   0.0000   0.3825
  15.000   1.1830   0.21819   0.21204  -0.1732  0.2462  1.0000  -2.0611   0.0000   0.0000   0.0000   0.3787
  15.500   1.1861   0.22353   0.21739  -0.1775  0.2224  1.0000  -2.0060   0.0000   0.0000   0.0000   0.3811
  16.000   1.1967   0.23095   0.22482  -0.1819  0.2083  1.0000  -1.9540   0.0000   0.0000   0.0000   0.3826
  16.500   1.2104   0.23872   0.23262  -0.1862  0.1975  1.0000  -1.9155   0.0000   0.0000   0.0000   0.3836
  17.000   1.2250   0.24649   0.24041  -0.1904  0.1887  1.0000  -1.8854   0.0000   0.0000   0.0000   0.3843
  17.500   1.2448   0.25530   0.24927  -0.1937  0.1806  1.0000  -1.9090   0.0000   0.0000   0.0000   0.3835
  18.000   1.2626   0.26317   0.25720  -0.1973  0.1714  1.0000  -1.9389   0.0000   0.0000   0.0000   0.3833
  18.500   1.2696   0.26803   0.26212  -0.2038  0.1643  1.0000  -1.8979   0.0000   0.0000   0.0000   0.3866
  19.000   1.2856   0.27543   0.26955  -0.2082  0.1576  1.0000  -1.9076   0.0000   0.0000   0.0000   0.3869
  19.500   1.3043   0.28336   0.27753  -0.2117  0.1485  1.0000  -1.9379   0.0000   0.0000   0.0000   0.3863
  20.000   1.3225   0.29093   0.28518  -0.2153  0.1395  1.0000  -1.9980   0.0000   0.0000   0.0000   0.3857


