xflr5 v6.61

 Calculated polar for: E63_14_00

 1 1 Reynolds number fixed          Mach number fixed         

 xtrf =   1.000 (top)        1.000 (bottom)
 Mach =   0.200     Re =     0.080 e 6     Ncrit =   9.000

  alpha     CL        CD       CDp       Cm    Top Xtr Bot Xtr   Cpmin    Chinge    XCp    
 ------- -------- --------- --------- -------- ------- ------- -------- --------- ---------
 -20.000  -0.4944   0.24461   0.23744  -0.0081  1.0000  0.0654  -1.4110   0.0000   0.0000   0.0000   0.2023
 -19.000  -0.4627   0.23219   0.22511  -0.0120  1.0000  0.0674  -1.3628   0.0000   0.0000   0.0000   0.1934
 -18.500  -0.4458   0.22669   0.21965  -0.0135  1.0000  0.0704  -1.3133   0.0000   0.0000   0.0000   0.1894
 -18.000  -0.4329   0.22211   0.21511  -0.0160  1.0000  0.0744  -1.3128   0.0000   0.0000   0.0000   0.1832
 -17.500  -0.4337   0.22229   0.21533  -0.0205  1.0000  0.0757  -1.4347   0.0000   0.0000   0.0000   0.1742
 -17.000  -0.4073   0.21123   0.20432  -0.0201  1.0000  0.0771  -1.3465   0.0000   0.0000   0.0000   0.1717
 -16.500  -0.3902   0.20534   0.19847  -0.0208  1.0000  0.0796  -1.3088   0.0000   0.0000   0.0000   0.1677
 -16.000  -0.3767   0.20012   0.19330  -0.0223  1.0000  0.0829  -1.3041   0.0000   0.0000   0.0000   0.1624
 -15.500  -0.3709   0.19643   0.18968  -0.0249  1.0000  0.0859  -1.3601   0.0000   0.0000   0.0000   0.1551
 -15.000  -0.3643   0.19152   0.18485  -0.0269  1.0000  0.0869  -1.3994   0.0000   0.0000   0.0000   0.1492
 -14.500  -0.3421   0.18383   0.17722  -0.0261  1.0000  0.0894  -1.3155   0.0000   0.0000   0.0000   0.1464
 -14.000  -0.3299   0.17856   0.17197  -0.0267  1.0000  0.0933  -1.2994   0.0000   0.0000   0.0000   0.1421
 -13.500  -0.3322   0.17542   0.16893  -0.0293  1.0000  0.0968  -1.3794   0.0000   0.0000   0.0000   0.1363
 -13.000  -0.3167   0.16801   0.16159  -0.0289  1.0000  0.0986  -1.3437   0.0000   0.0000   0.0000   0.1331
 -12.500  -0.3027   0.16229   0.15593  -0.0283  1.0000  0.1029  -1.3030   0.0000   0.0000   0.0000   0.1310
 -12.000  -0.3137   0.15952   0.15328  -0.0307  1.0000  0.1076  -1.4094   0.0000   0.0000   0.0000   0.1289
 -11.500  -0.2913   0.15143   0.14525  -0.0286  1.0000  0.1114  -1.3363   0.0000   0.0000   0.0000   0.1277
 -11.000  -0.3007   0.14793   0.14187  -0.0298  1.0000  0.1183  -1.4489   0.0000   0.0000   0.0000   0.1288
 -10.500  -0.2833   0.14073   0.13474  -0.0277  1.0000  0.1248  -1.4393   0.0000   0.0000   0.0000   0.1302
 -10.000  -0.2882   0.13568   0.12979  -0.0275  1.0000  0.1315  -1.5257   0.0000   0.0000   0.0000   0.1340
  -9.750  -0.2859   0.13370   0.12786  -0.0266  1.0000  0.1386  -1.5241   0.0000   0.0000   0.0000   0.1369
  -9.500  -0.3119   0.13381   0.12806  -0.0278  1.0000  0.1403  -1.6426   0.0000   0.0000   0.0000   0.1429
  -9.250  -0.2820   0.12894   0.12319  -0.0247  1.0000  0.1479  -1.5173   0.0000   0.0000   0.0000   0.1432
  -9.000  -0.3018   0.12847   0.12280  -0.0253  1.0000  0.1509  -1.5983   0.0000   0.0000   0.0000   0.1491
  -8.750  -0.2833   0.12453   0.11888  -0.0230  1.0000  0.1553  -1.5165   0.0000   0.0000   0.0000   0.1511
  -8.500  -0.2877   0.12295   0.11736  -0.0221  1.0000  0.1601  -1.5239   0.0000   0.0000   0.0000   0.1562
  -8.250  -0.3134   0.12282   0.11734  -0.0223  1.0000  0.1620  -1.6126   0.0000   0.0000   0.0000   0.1639
  -8.000  -0.2929   0.11864   0.11314  -0.0200  1.0000  0.1649  -1.5228   0.0000   0.0000   0.0000   0.1663
  -7.750  -0.2914   0.11660   0.11115  -0.0185  1.0000  0.1679  -1.4995   0.0000   0.0000   0.0000   0.1717
  -7.500  -0.3027   0.11535   0.10998  -0.0175  1.0000  0.1716  -1.5233   0.0000   0.0000   0.0000   0.1783
  -7.250  -0.3421   0.11596   0.11072  -0.0171  1.0000  0.1732  -1.6412   0.0000   0.0000   0.0000   0.1884
  -7.000  -0.3166   0.11152   0.10630  -0.0148  1.0000  0.1750  -1.5347   0.0000   0.0000   0.0000   0.1909
  -6.750  -0.3136   0.10947   0.10429  -0.0129  1.0000  0.1777  -1.4981   0.0000   0.0000   0.0000   0.1971
  -6.500  -0.3223   0.10807   0.10296  -0.0112  1.0000  0.1810  -1.5010   0.0000   0.0000   0.0000   0.2043
  -6.250  -0.3570   0.10809   0.10310  -0.0095  1.0000  0.1837  -1.5853   0.0000   0.0000   0.0000   0.2139
  -6.000  -0.3757   0.10667   0.10179  -0.0073  1.0000  0.1847  -1.6152   0.0000   0.0000   0.0000   0.2219
  -5.750  -0.3581   0.10365   0.09878  -0.0053  1.0000  0.1871  -1.5303   0.0000   0.0000   0.0000   0.2265
  -5.500  -0.3651   0.10223   0.09743  -0.0029  1.0000  0.1898  -1.5172   0.0000   0.0000   0.0000   0.2338
  -5.250  -0.3856   0.10120   0.09649  -0.0015  1.0000  0.1933  -1.5519   0.0000   0.0000   0.0000   0.2388
  -5.000  -0.4069   0.09912   0.09450  -0.0037  1.0000  0.1957  -1.6204   0.0000   0.0000   0.0000   0.2340
  -4.750  -0.4004   0.09705   0.09247  -0.0003  1.0000  0.1977  -1.5554   0.0000   0.0000   0.0000   0.2427
  -4.000  -0.3051   0.08640   0.08174  -0.0209  0.9693  0.2224  -1.3606   0.0000   0.0000   0.0000   0.1741
  -3.750  -0.2141   0.04937   0.04306  -0.0856  0.9656  0.1399  -2.0394   0.0000   0.0000   0.0000  -0.1635
  -3.500  -0.1684   0.04673   0.04027  -0.0912  0.9565  0.1436  -1.9788   0.0000   0.0000   0.0000  -0.3077
  -3.250  -0.1068   0.04187   0.03466  -0.1017  0.9497  0.1529  -1.9690   0.0000   0.0000   0.0000  -0.7274
  -3.000  -0.0615   0.04088   0.03349  -0.1057  0.9398  0.1645  -1.8723   0.0000   0.0000   0.0000  -1.5099
  -2.750  -0.0172   0.04011   0.03262  -0.1093  0.9297  0.1771  -1.7702   0.0000   0.0000   0.0000  -6.2387
  -2.500   0.0290   0.03926   0.03161  -0.1131  0.9197  0.1919  -1.6675   0.0000   0.0000   0.0000   4.2132
  -2.250   0.0786   0.03784   0.02987  -0.1175  0.9103  0.2044  -1.5849   0.0000   0.0000   0.0000   1.7669
  -2.000   0.1240   0.03694   0.02880  -0.1208  0.8999  0.2181  -1.4996   0.0000   0.0000   0.0000   1.2365
  -1.750   0.1689   0.03597   0.02769  -0.1237  0.8894  0.2295  -1.4135   0.0000   0.0000   0.0000   0.9902
  -1.500   0.2123   0.03525   0.02695  -0.1261  0.8787  0.2427  -1.3197   0.0000   0.0000   0.0000   0.8489
  -1.250   0.2564   0.03443   0.02605  -0.1286  0.8680  0.2568  -1.2277   0.0000   0.0000   0.0000   0.7544
  -1.000   0.3012   0.03354   0.02502  -0.1311  0.8574  0.2725  -1.1369   0.0000   0.0000   0.0000   0.6867
  -0.750   0.3441   0.03274   0.02430  -0.1329  0.8466  0.2883  -1.0420   0.0000   0.0000   0.0000   0.6368
  -0.500   0.3885   0.03180   0.02329  -0.1350  0.8358  0.3061  -0.9499   0.0000   0.0000   0.0000   0.5971
  -0.250   0.4327   0.03086   0.02238  -0.1367  0.8251  0.3274  -0.8556   0.0000   0.0000   0.0000   0.5649
   0.000   0.4766   0.02983   0.02145  -0.1382  0.8144  0.3510  -0.8765   0.0000   0.0000   0.0000   0.5384
   0.250   0.5212   0.02866   0.02037  -0.1397  0.8038  0.3765  -0.9254   0.0000   0.0000   0.0000   0.5157
   0.500   0.5678   0.02741   0.01919  -0.1413  0.7932  0.4058  -0.9768   0.0000   0.0000   0.0000   0.4962
   0.750   0.6158   0.02614   0.01806  -0.1431  0.7823  0.4429  -1.0303   0.0000   0.0000   0.0000   0.4793
   1.000   0.6672   0.02482   0.01690  -0.1455  0.7710  0.4891  -1.0906   0.0000   0.0000   0.0000   0.4645
   1.250   0.7079   0.02398   0.01621  -0.1462  0.7551  0.5375  -1.1436   0.0000   0.0000   0.0000   0.4527
   1.500   0.7610   0.02280   0.01524  -0.1489  0.7406  0.6067  -1.2096   0.0000   0.0000   0.0000   0.4413
   1.750   0.8017   0.02194   0.01460  -0.1493  0.7231  0.6889  -1.2700   0.0000   0.0000   0.0000   0.4316
   2.250   0.8747   0.02031   0.01316  -0.1490  0.6845  1.0000  -1.3839   0.0000   0.0000   0.0000   0.4150
   2.500   0.9172   0.02036   0.01286  -0.1510  0.6619  1.0000  -1.4466   0.0000   0.0000   0.0000   0.4089
   2.750   0.9514   0.02057   0.01279  -0.1514  0.6392  1.0000  -1.5017   0.0000   0.0000   0.0000   0.4031
   3.000   0.9830   0.02087   0.01285  -0.1513  0.6169  1.0000  -1.5547   0.0000   0.0000   0.0000   0.3975
   3.250   1.0135   0.02123   0.01296  -0.1511  0.5953  1.0000  -1.6069   0.0000   0.0000   0.0000   0.3923
   3.500   1.0428   0.02165   0.01315  -0.1507  0.5745  1.0000  -1.6582   0.0000   0.0000   0.0000   0.3874
   3.750   1.0681   0.02215   0.01347  -0.1496  0.5541  1.0000  -1.7052   0.0000   0.0000   0.0000   0.3827
   4.000   1.0930   0.02268   0.01386  -0.1486  0.5347  1.0000  -1.7518   0.0000   0.0000   0.0000   0.3781
   4.250   1.1195   0.02323   0.01422  -0.1478  0.5166  1.0000  -1.8005   0.0000   0.0000   0.0000   0.3738
   4.500   1.1456   0.02381   0.01461  -0.1469  0.4991  1.0000  -1.8489   0.0000   0.0000   0.0000   0.3697
   4.750   1.1685   0.02444   0.01512  -0.1456  0.4822  1.0000  -1.8998   0.0000   0.0000   0.0000   0.3657
   5.000   1.1941   0.02504   0.01555  -0.1446  0.4661  1.0000  -1.9564   0.0000   0.0000   0.0000   0.3619
   5.250   1.2159   0.02569   0.01610  -0.1431  0.4504  1.0000  -2.0080   0.0000   0.0000   0.0000   0.3581
   5.500   1.2386   0.02635   0.01668  -0.1418  0.4355  1.0000  -2.0611   0.0000   0.0000   0.0000   0.3545
   5.750   1.2640   0.02701   0.01718  -0.1409  0.4218  1.0000  -2.1183   0.0000   0.0000   0.0000   0.3512
   6.000   1.2866   0.02775   0.01783  -0.1396  0.4088  1.0000  -2.1713   0.0000   0.0000   0.0000   0.3479
   6.250   1.3081   0.02855   0.01859  -0.1382  0.3965  1.0000  -2.2241   0.0000   0.0000   0.0000   0.3446
   6.500   1.3303   0.02937   0.01937  -0.1369  0.3850  1.0000  -2.2809   0.0000   0.0000   0.0000   0.3415
   6.750   1.3526   0.03022   0.02016  -0.1356  0.3741  1.0000  -2.3379   0.0000   0.0000   0.0000   0.3385
   7.000   1.3753   0.03109   0.02098  -0.1345  0.3638  1.0000  -2.3958   0.0000   0.0000   0.0000   0.3356
   7.250   1.3998   0.03200   0.02189  -0.1336  0.3542  1.0000  -2.4567   0.0000   0.0000   0.0000   0.3329
   7.500   1.4225   0.03295   0.02281  -0.1325  0.3450  1.0000  -2.5200   0.0000   0.0000   0.0000   0.3303
   7.750   1.4389   0.03404   0.02399  -0.1304  0.3362  1.0000  -2.5724   0.0000   0.0000   0.0000   0.3274
   8.000   1.4569   0.03515   0.02515  -0.1286  0.3278  1.0000  -2.6278   0.0000   0.0000   0.0000   0.3246
   8.250   1.4784   0.03619   0.02617  -0.1274  0.3197  1.0000  -2.6899   0.0000   0.0000   0.0000   0.3221
   8.500   1.5057   0.03710   0.02694  -0.1270  0.3115  1.0000  -2.7632   0.0000   0.0000   0.0000   0.3199
   8.750   1.5123   0.03838   0.02843  -0.1235  0.3038  1.0000  -2.8000   0.0000   0.0000   0.0000   0.3168
   9.000   1.5275   0.03962   0.02973  -0.1214  0.2966  1.0000  -2.8516   0.0000   0.0000   0.0000   0.3143
   9.250   1.5563   0.04057   0.03054  -0.1213  0.2896  1.0000  -2.9281   0.0000   0.0000   0.0000   0.3123
   9.500   1.5552   0.04221   0.03247  -0.1169  0.2834  1.0000  -2.9500   0.0000   0.0000   0.0000   0.3092
   9.750   1.5781   0.04347   0.03369  -0.1161  0.2776  1.0000  -3.0184   0.0000   0.0000   0.0000   0.3071
  10.000   1.5784   0.04524   0.03577  -0.1121  0.2722  1.0000  -3.0578   0.0000   0.0000   0.0000   0.3042
  10.250   1.5999   0.04655   0.03705  -0.1111  0.2667  1.0000  -3.1450   0.0000   0.0000   0.0000   0.3022
  10.500   1.5883   0.04857   0.03936  -0.1057  0.2622  1.0000  -3.1615   0.0000   0.0000   0.0000   0.2989
  10.750   1.6195   0.04961   0.04028  -0.1061  0.2566  1.0000  -3.2716   0.0000   0.0000   0.0000   0.2974
  11.000   1.5905   0.05228   0.04334  -0.0989  0.2533  1.0000  -3.2495   0.0000   0.0000   0.0000   0.2937
  11.250   1.5965   0.05406   0.04521  -0.0962  0.2489  1.0000  -3.3038   0.0000   0.0000   0.0000   0.2914
  11.500   1.6051   0.05602   0.04723  -0.0941  0.2452  1.0000  -3.3628   0.0000   0.0000   0.0000   0.2893
  11.750   1.5606   0.06012   0.05172  -0.0872  0.2431  1.0000  -3.3012   0.0000   0.0000   0.0000   0.2862
  12.000   1.5141   0.06519   0.05714  -0.0819  0.2411  1.0000  -3.2307   0.0000   0.0000   0.0000   0.2840
  12.250   1.5045   0.06845   0.06052  -0.0797  0.2378  1.0000  -3.2448   0.0000   0.0000   0.0000   0.2824
  12.500   1.4209   0.07851   0.07096  -0.0771  0.2370  1.0000  -3.0705   0.0000   0.0000   0.0000   0.2834
  13.750   0.7813   0.17860   0.17276  -0.1149  0.2789  1.0000  -1.1180   0.0000   0.0000   0.0000   0.3809
  14.000   0.7635   0.17947   0.17370  -0.1168  0.2709  1.0000  -1.0648   0.0000   0.0000   0.0000   0.3867
  14.250   0.7713   0.18246   0.17670  -0.1174  0.2666  1.0000  -1.0796   0.0000   0.0000   0.0000   0.3855
  14.500   0.7745   0.18456   0.17884  -0.1181  0.2593  1.0000  -1.0824   0.0000   0.0000   0.0000   0.3855
  14.750   0.7860   0.18807   0.18242  -0.1185  0.2566  1.0000  -1.1047   0.0000   0.0000   0.0000   0.3834
  15.000   0.7793   0.18981   0.18421  -0.1202  0.2496  1.0000  -1.0745   0.0000   0.0000   0.0000   0.3866
  15.500   1.0125   0.20470   0.19804  -0.1429  0.2502  1.0000  -1.5507   0.0000   0.0000   0.0000   0.3692
  17.000   1.0592   0.22285   0.21628  -0.1516  0.2217  1.0000  -1.5715   0.0000   0.0000   0.0000   0.3683
  17.500   1.0829   0.22946   0.22293  -0.1533  0.2130  1.0000  -1.6002   0.0000   0.0000   0.0000   0.3657
  18.000   1.1085   0.23609   0.22967  -0.1548  0.2032  1.0000  -1.6560   0.0000   0.0000   0.0000   0.3626
  18.500   1.1080   0.24019   0.23378  -0.1608  0.1946  1.0000  -1.6415   0.0000   0.0000   0.0000   0.3672
  19.000   1.1200   0.24629   0.23992  -0.1650  0.1891  1.0000  -1.6769   0.0000   0.0000   0.0000   0.3683
  20.000   1.1493   0.25781   0.25153  -0.1726  0.1771  1.0000  -1.7719   0.0000   0.0000   0.0000   0.3689


