xflr5 v6.61

 Calculated polar for: E63_12_00

 1 1 Reynolds number fixed          Mach number fixed         

 xtrf =   1.000 (top)        1.000 (bottom)
 Mach =   0.200     Re =     0.090 e 6     Ncrit =   7.000

  alpha     CL        CD       CDp       Cm    Top Xtr Bot Xtr   Cpmin    Chinge    XCp    
 ------- -------- --------- --------- -------- ------- ------- -------- --------- ---------
 -29.500  -0.8062   0.34705   0.34037   0.0597  1.0000  0.0284  -1.7318   0.0000   0.0000   0.0000   0.2853
 -29.000  -0.7901   0.33543   0.32871   0.0573  1.0000  0.0289  -1.6431   0.0000   0.0000   0.0000   0.2847
 -28.500  -0.7761   0.32968   0.32294   0.0539  1.0000  0.0296  -1.5905   0.0000   0.0000   0.0000   0.2827
 -28.000  -0.7621   0.32478   0.31804   0.0503  1.0000  0.0304  -1.5520   0.0000   0.0000   0.0000   0.2802
 -27.500  -0.7479   0.32002   0.31326   0.0465  1.0000  0.0313  -1.5199   0.0000   0.0000   0.0000   0.2774
 -27.000  -0.7335   0.31523   0.30845   0.0428  1.0000  0.0324  -1.4892   0.0000   0.0000   0.0000   0.2744
 -26.500  -0.7190   0.31040   0.30361   0.0390  1.0000  0.0338  -1.4610   0.0000   0.0000   0.0000   0.2713
 -26.000  -0.7044   0.30550   0.29871   0.0352  1.0000  0.0351  -1.4605   0.0000   0.0000   0.0000   0.2679
 -25.500  -0.6897   0.30066   0.29386   0.0314  1.0000  0.0360  -1.4708   0.0000   0.0000   0.0000   0.2642
 -25.000  -0.6751   0.29614   0.28934   0.0275  1.0000  0.0367  -1.4898   0.0000   0.0000   0.0000   0.2600
 -24.500  -0.6610   0.29214   0.28535   0.0234  1.0000  0.0370  -1.5148   0.0000   0.0000   0.0000   0.2555
 -24.000  -0.6478   0.28875   0.28194   0.0193  1.0000  0.0372  -1.5431   0.0000   0.0000   0.0000   0.2506
 -23.500  -0.6355   0.28583   0.27903   0.0152  1.0000  0.0373  -1.5733   0.0000   0.0000   0.0000   0.2455
 -23.000  -0.6181   0.27737   0.27061   0.0128  1.0000  0.0377  -1.5277   0.0000   0.0000   0.0000   0.2428
 -22.500  -0.6002   0.26973   0.26298   0.0110  1.0000  0.0384  -1.4451   0.0000   0.0000   0.0000   0.2409
 -22.000  -0.5841   0.26429   0.25755   0.0084  1.0000  0.0395  -1.3960   0.0000   0.0000   0.0000   0.2376
 -21.500  -0.5683   0.25907   0.25235   0.0057  1.0000  0.0408  -1.3606   0.0000   0.0000   0.0000   0.2338
 -21.000  -0.5529   0.25388   0.24715   0.0029  1.0000  0.0424  -1.3504   0.0000   0.0000   0.0000   0.2296
 -20.500  -0.5380   0.24894   0.24223  -0.0002  1.0000  0.0447  -1.3737   0.0000   0.0000   0.0000   0.2245
 -20.000  -0.5265   0.24586   0.23918  -0.0043  1.0000  0.0458  -1.4538   0.0000   0.0000   0.0000   0.2173
 -19.500  -0.5180   0.24376   0.23713  -0.0082  1.0000  0.0460  -1.5356   0.0000   0.0000   0.0000   0.2103
 -19.000  -0.4967   0.23357   0.22697  -0.0090  1.0000  0.0467  -1.4676   0.0000   0.0000   0.0000   0.2081
 -18.500  -0.4788   0.22693   0.22036  -0.0102  1.0000  0.0479  -1.4059   0.0000   0.0000   0.0000   0.2053
 -18.000  -0.4632   0.22147   0.21493  -0.0119  1.0000  0.0495  -1.3783   0.0000   0.0000   0.0000   0.2012
 -17.500  -0.4485   0.21611   0.20959  -0.0139  1.0000  0.0514  -1.3666   0.0000   0.0000   0.0000   0.1964
 -17.000  -0.4348   0.21081   0.20432  -0.0160  1.0000  0.0537  -1.3716   0.0000   0.0000   0.0000   0.1909
 -16.500  -0.4247   0.20646   0.20002  -0.0190  1.0000  0.0553  -1.4220   0.0000   0.0000   0.0000   0.1836
 -16.000  -0.4203   0.20354   0.19716  -0.0223  1.0000  0.0558  -1.5030   0.0000   0.0000   0.0000   0.1760
 -15.500  -0.4006   0.19476   0.18844  -0.0224  1.0000  0.0566  -1.4341   0.0000   0.0000   0.0000   0.1729
 -15.000  -0.3833   0.18842   0.18215  -0.0226  1.0000  0.0584  -1.3597   0.0000   0.0000   0.0000   0.1702
 -14.500  -0.3702   0.18299   0.17677  -0.0235  1.0000  0.0610  -1.3306   0.0000   0.0000   0.0000   0.1658
 -14.000  -0.3632   0.17842   0.17226  -0.0257  1.0000  0.0650  -1.3671   0.0000   0.0000   0.0000   0.1593
 -13.500  -0.3596   0.17353   0.16744  -0.0278  1.0000  0.0662  -1.4283   0.0000   0.0000   0.0000   0.1534
 -13.000  -0.3394   0.16651   0.16046  -0.0266  1.0000  0.0689  -1.3415   0.0000   0.0000   0.0000   0.1523
 -12.500  -0.3293   0.16118   0.15519  -0.0271  1.0000  0.0719  -1.3449   0.0000   0.0000   0.0000   0.1489
 -12.000  -0.3274   0.15665   0.15074  -0.0287  1.0000  0.0750  -1.4154   0.0000   0.0000   0.0000   0.1442
 -11.500  -0.3377   0.15358   0.14778  -0.0312  1.0000  0.0757  -1.5466   0.0000   0.0000   0.0000   0.1411
 -11.000  -0.3147   0.14496   0.13922  -0.0291  1.0000  0.0771  -1.4539   0.0000   0.0000   0.0000   0.1404
 -10.500  -0.3034   0.13940   0.13374  -0.0280  1.0000  0.0794  -1.4125   0.0000   0.0000   0.0000   0.1410
 -10.000  -0.2987   0.13432   0.12875  -0.0276  1.0000  0.0824  -1.4169   0.0000   0.0000   0.0000   0.1418
  -9.500  -0.3045   0.12978   0.12432  -0.0281  1.0000  0.0854  -1.4868   0.0000   0.0000   0.0000   0.1431
  -9.000  -0.3201   0.12568   0.12035  -0.0288  1.0000  0.0862  -1.6018   0.0000   0.0000   0.0000   0.1468
  -8.500  -0.3308   0.12070   0.11550  -0.0285  1.0000  0.0864  -1.6799   0.0000   0.0000   0.0000   0.1520
  -8.000  -0.3326   0.11032   0.10516  -0.0275  1.0000  0.0654  -1.8458   0.0000   0.0000   0.0000   0.1555
  -7.500  -0.3289   0.10515   0.10009  -0.0242  1.0000  0.0623  -1.8122   0.0000   0.0000   0.0000   0.1654
  -7.000  -0.3496   0.09956   0.09465  -0.0222  1.0000  0.0599  -1.9386   0.0000   0.0000   0.0000   0.1767
  -6.500  -0.3844   0.09426   0.08953  -0.0191  1.0000  0.0586  -2.1113   0.0000   0.0000   0.0000   0.1918
  -6.000  -0.4081   0.08816   0.08357  -0.0187  1.0000  0.0589  -2.2517   0.0000   0.0000   0.0000   0.1966
  -5.500  -0.3709   0.07286   0.06817  -0.0417  0.9876  0.0636  -2.5661   0.0000   0.0000   0.0000   0.1291
  -5.000  -0.2576   0.03790   0.03137  -0.0986  0.9812  0.0689  -3.2243   0.0000   0.0000   0.0000  -0.1461
  -4.500  -0.1668   0.03347   0.02601  -0.1096  0.9719  0.0786  -2.9131   0.0000   0.0000   0.0000  -0.4258
  -4.000  -0.0852   0.03268   0.02483  -0.1160  0.9598  0.0958  -2.5110   0.0000   0.0000   0.0000  -1.1431
  -3.500  -0.0033   0.03032   0.02191  -0.1220  0.9472  0.1080  -2.1875   0.0000   0.0000   0.0000  -37.6591
  -3.000   0.0782   0.02868   0.02008  -0.1270  0.9340  0.1222  -1.8496   0.0000   0.0000   0.0000   1.8994
  -2.500   0.1627   0.02768   0.01892  -0.1321  0.9208  0.1489  -1.6144   0.0000   0.0000   0.0000   1.0715
  -2.000   0.2363   0.02689   0.01812  -0.1350  0.9029  0.1785  -1.4049   0.0000   0.0000   0.0000   0.8263
  -1.500   0.3158   0.02583   0.01705  -0.1386  0.8867  0.2103  -1.1942   0.0000   0.0000   0.0000   0.6910
  -1.000   0.3944   0.02468   0.01597  -0.1416  0.8693  0.2465  -1.0133   0.0000   0.0000   0.0000   0.6096
  -0.500   0.4689   0.02352   0.01494  -0.1436  0.8501  0.2877  -0.8392   0.0000   0.0000   0.0000   0.5557
   0.000   0.5467   0.02216   0.01378  -0.1458  0.8316  0.3444  -0.8416   0.0000   0.0000   0.0000   0.5152
   0.500   0.6274   0.02065   0.01256  -0.1483  0.8107  0.4204  -0.9321   0.0000   0.0000   0.0000   0.4839
   1.000   0.7082   0.01921   0.01151  -0.1506  0.7848  0.5446  -1.0278   0.0000   0.0000   0.0000   0.4595
   1.500   0.7774   0.01778   0.01071  -0.1501  0.7529  0.7629  -1.1220   0.0000   0.0000   0.0000   0.4394
   2.000   0.8507   0.01701   0.00978  -0.1511  0.7121  1.0000  -1.2307   0.0000   0.0000   0.0000   0.4233
   2.500   0.9245   0.01715   0.00947  -0.1530  0.6642  1.0000  -1.3444   0.0000   0.0000   0.0000   0.4105
   3.000   0.9860   0.01764   0.00956  -0.1527  0.6138  1.0000  -1.4483   0.0000   0.0000   0.0000   0.3993
   3.500   1.0409   0.01837   0.00988  -0.1514  0.5654  1.0000  -1.5524   0.0000   0.0000   0.0000   0.3891
   4.000   1.0911   0.01925   0.01042  -0.1493  0.5205  1.0000  -1.6614   0.0000   0.0000   0.0000   0.3799
   4.500   1.1378   0.02024   0.01111  -0.1468  0.4789  1.0000  -1.7681   0.0000   0.0000   0.0000   0.3714
   5.000   1.1833   0.02132   0.01191  -0.1441  0.4415  1.0000  -1.8783   0.0000   0.0000   0.0000   0.3635
   5.500   1.2269   0.02249   0.01289  -0.1412  0.4074  1.0000  -1.9923   0.0000   0.0000   0.0000   0.3561
   6.000   1.2701   0.02373   0.01391  -0.1383  0.3770  1.0000  -2.1114   0.0000   0.0000   0.0000   0.3492
   6.500   1.3113   0.02505   0.01514  -0.1352  0.3494  1.0000  -2.2340   0.0000   0.0000   0.0000   0.3427
   7.000   1.3530   0.02647   0.01644  -0.1322  0.3255  1.0000  -2.3588   0.0000   0.0000   0.0000   0.3366
   7.500   1.3923   0.02795   0.01795  -0.1289  0.3036  1.0000  -2.4815   0.0000   0.0000   0.0000   0.3307
   8.000   1.4298   0.02954   0.01952  -0.1254  0.2839  1.0000  -2.6292   0.0000   0.0000   0.0000   0.3251
   8.500   1.4679   0.03123   0.02115  -0.1221  0.2665  1.0000  -2.7987   0.0000   0.0000   0.0000   0.3198
   9.000   1.5021   0.03308   0.02310  -0.1183  0.2505  1.0000  -2.9612   0.0000   0.0000   0.0000   0.3146
   9.500   1.5380   0.03500   0.02501  -0.1150  0.2363  1.0000  -3.1313   0.0000   0.0000   0.0000   0.3097
  10.000   1.5702   0.03715   0.02734  -0.1112  0.2235  1.0000  -3.2937   0.0000   0.0000   0.0000   0.3050
  10.500   1.5962   0.03950   0.02988  -0.1067  0.2116  1.0000  -3.4440   0.0000   0.0000   0.0000   0.3002
  11.000   1.6208   0.04203   0.03259  -0.1024  0.2010  1.0000  -3.5925   0.0000   0.0000   0.0000   0.2956
  11.500   1.6413   0.04469   0.03543  -0.0977  0.1910  1.0000  -3.7341   0.0000   0.0000   0.0000   0.2911
  12.000   1.6525   0.04749   0.03845  -0.0925  0.1808  1.0000  -3.8842   0.0000   0.0000   0.0000   0.2865
  12.500   1.6570   0.05064   0.04180  -0.0871  0.1711  1.0000  -4.0584   0.0000   0.0000   0.0000   0.2822
  13.000   1.6456   0.05515   0.04674  -0.0816  0.1625  1.0000  -4.1741   0.0000   0.0000   0.0000   0.2783
  13.500   1.6338   0.06033   0.05227  -0.0775  0.1544  1.0000  -4.2861   0.0000   0.0000   0.0000   0.2751
  14.000   1.6248   0.06575   0.05794  -0.0748  0.1468  1.0000  -4.4079   0.0000   0.0000   0.0000   0.2726
  14.500   1.6154   0.07175   0.06422  -0.0732  0.1399  1.0000  -4.5239   0.0000   0.0000   0.0000   0.2708
  15.000   1.5762   0.08234   0.07536  -0.0740  0.1348  1.0000  -4.5002   0.0000   0.0000   0.0000   0.2713
  15.500   1.5654   0.09001   0.08323  -0.0751  0.1292  1.0000  -4.5923   0.0000   0.0000   0.0000   0.2712
  16.000   1.4797   0.11076   0.10463  -0.0848  0.1260  1.0000  -4.3068   0.0000   0.0000   0.0000   0.2796
  16.500   1.2112   0.18381   0.17806  -0.1334  0.1191  1.0000  -2.6656   0.0000   0.0000   0.0000   0.3346
  17.000   1.1930   0.19943   0.19371  -0.1438  0.1130  1.0000  -2.4910   0.0000   0.0000   0.0000   0.3446
  17.500   1.2160   0.20254   0.19689  -0.1448  0.1064  1.0000  -2.6644   0.0000   0.0000   0.0000   0.3419
  18.000   1.2051   0.21649   0.21088  -0.1547  0.1016  1.0000  -2.5023   0.0000   0.0000   0.0000   0.3507
  18.500   1.2222   0.22136   0.21580  -0.1574  0.0952  1.0000  -2.6128   0.0000   0.0000   0.0000   0.3499
  19.000   1.2372   0.22649   0.22104  -0.1608  0.0881  1.0000  -2.7057   0.0000   0.0000   0.0000   0.3499
  19.500   1.2381   0.23681   0.23141  -0.1684  0.0836  1.0000  -2.6151   0.0000   0.0000   0.0000   0.3551
  20.000   1.2455   0.24524   0.23991  -0.1744  0.0801  1.0000  -2.5804   0.0000   0.0000   0.0000   0.3582


