xflr5 v6.61

 Calculated polar for: E63_10_00

 1 1 Reynolds number fixed          Mach number fixed         

 xtrf =   1.000 (top)        1.000 (bottom)
 Mach =   0.200     Re =     0.100 e 6     Ncrit =   9.000

  alpha     CL        CD       CDp       Cm    Top Xtr Bot Xtr   Cpmin    Chinge    XCp    
 ------- -------- --------- --------- -------- ------- ------- -------- --------- ---------
 -20.000  -0.3678   0.21490   0.20955  -0.0154  1.0000  0.0395  -0.9239   0.0000   0.0000   0.0000   0.1966
 -19.500  -0.3596   0.21099   0.20564  -0.0167  1.0000  0.0408  -0.9133   0.0000   0.0000   0.0000   0.1923
 -19.000  -0.3518   0.20721   0.20186  -0.0179  1.0000  0.0423  -0.9093   0.0000   0.0000   0.0000   0.1878
 -18.500  -0.3446   0.20359   0.19822  -0.0192  1.0000  0.0439  -0.9131   0.0000   0.0000   0.0000   0.1830
 -18.000  -0.3393   0.20084   0.19547  -0.0209  1.0000  0.0453  -0.9409   0.0000   0.0000   0.0000   0.1773
 -17.500  -0.3397   0.20051   0.19515  -0.0230  1.0000  0.0459  -1.0045   0.0000   0.0000   0.0000   0.1713
 -17.000  -0.3382   0.19839   0.19306  -0.0245  1.0000  0.0462  -1.0703   0.0000   0.0000   0.0000   0.1666
 -16.500  -0.3186   0.18910   0.18379  -0.0235  1.0000  0.0480  -0.9685   0.0000   0.0000   0.0000   0.1652
 -16.000  -0.3110   0.18555   0.18024  -0.0239  1.0000  0.0504  -0.9641   0.0000   0.0000   0.0000   0.1621
 -15.500  -0.3056   0.18248   0.17719  -0.0246  1.0000  0.0530  -0.9895   0.0000   0.0000   0.0000   0.1584
 -15.000  -0.3040   0.18037   0.17510  -0.0259  1.0000  0.0551  -1.0568   0.0000   0.0000   0.0000   0.1537
 -13.500  -0.3891   0.17587   0.17014  -0.0253  1.0000  0.0562  -1.4798   0.0000   0.0000   0.0000   0.1714
 -13.000  -0.3676   0.16723   0.16153  -0.0240  1.0000  0.0581  -1.3692   0.0000   0.0000   0.0000   0.1709
 -12.500  -0.3559   0.16167   0.15602  -0.0244  1.0000  0.0608  -1.3482   0.0000   0.0000   0.0000   0.1680
 -12.000  -0.3477   0.15650   0.15091  -0.0254  1.0000  0.0639  -1.3663   0.0000   0.0000   0.0000   0.1640
 -11.500  -0.3533   0.15396   0.14848  -0.0281  1.0000  0.0656  -1.4896   0.0000   0.0000   0.0000   0.1583
 -11.000  -0.3375   0.14584   0.14042  -0.0272  1.0000  0.0669  -1.4329   0.0000   0.0000   0.0000   0.1575
 -10.500  -0.3245   0.13989   0.13454  -0.0261  1.0000  0.0698  -1.3688   0.0000   0.0000   0.0000   0.1579
 -10.000  -0.3204   0.13507   0.12981  -0.0263  1.0000  0.0737  -1.3814   0.0000   0.0000   0.0000   0.1568
  -9.750  -0.3271   0.13397   0.12877  -0.0274  1.0000  0.0752  -1.4503   0.0000   0.0000   0.0000   0.1556
  -9.500  -0.3399   0.13362   0.12850  -0.0287  1.0000  0.0756  -1.5425   0.0000   0.0000   0.0000   0.1557
  -9.250  -0.3293   0.12875   0.12368  -0.0275  1.0000  0.0764  -1.4947   0.0000   0.0000   0.0000   0.1566
  -9.000  -0.3146   0.12461   0.11954  -0.0254  1.0000  0.0783  -1.3973   0.0000   0.0000   0.0000   0.1592
  -8.750  -0.3107   0.12218   0.11713  -0.0245  1.0000  0.0811  -1.3685   0.0000   0.0000   0.0000   0.1614
  -8.500  -0.3128   0.12024   0.11524  -0.0243  1.0000  0.0843  -1.3836   0.0000   0.0000   0.0000   0.1629
  -8.250  -0.3269   0.11966   0.11475  -0.0251  1.0000  0.0860  -1.4686   0.0000   0.0000   0.0000   0.1647
  -8.000  -0.3457   0.11942   0.11466  -0.0256  1.0000  0.0864  -1.5652   0.0000   0.0000   0.0000   0.1684
  -7.750  -0.3167   0.11316   0.10835  -0.0223  1.0000  0.0891  -1.4055   0.0000   0.0000   0.0000   0.1714
  -7.500  -0.3153   0.11090   0.10614  -0.0210  1.0000  0.0912  -1.3967   0.0000   0.0000   0.0000   0.1755
  -7.250  -0.3185   0.10896   0.10426  -0.0200  1.0000  0.0934  -1.4114   0.0000   0.0000   0.0000   0.1797
  -7.000  -0.3288   0.10761   0.10299  -0.0192  1.0000  0.0956  -1.4568   0.0000   0.0000   0.0000   0.1846
  -6.750  -0.3517   0.10741   0.10291  -0.0182  1.0000  0.0966  -1.5416   0.0000   0.0000   0.0000   0.1922
  -6.500  -0.3765   0.10720   0.10281  -0.0175  1.0000  0.0970  -1.6339   0.0000   0.0000   0.0000   0.1981
  -6.250  -0.3676   0.10313   0.09879  -0.0146  1.0000  0.0980  -1.5841   0.0000   0.0000   0.0000   0.2049
  -6.000  -0.3586   0.10013   0.09582  -0.0121  1.0000  0.0997  -1.5278   0.0000   0.0000   0.0000   0.2110
  -5.750  -0.3621   0.09823   0.09398  -0.0103  1.0000  0.1015  -1.5224   0.0000   0.0000   0.0000   0.2167
  -5.500  -0.3669   0.09628   0.09209  -0.0096  1.0000  0.1038  -1.5357   0.0000   0.0000   0.0000   0.2192
  -5.250  -0.3763   0.09428   0.09016  -0.0136  1.0000  0.1070  -1.6201   0.0000   0.0000   0.0000   0.2095
  -5.000  -0.3763   0.09079   0.08673  -0.0186  1.0000  0.1083  -1.6895   0.0000   0.0000   0.0000   0.1965
  -4.750  -0.3731   0.08831   0.08430  -0.0143  1.0000  0.1095  -1.6293   0.0000   0.0000   0.0000   0.2078
  -4.500  -0.3690   0.08597   0.08200  -0.0129  1.0000  0.1115  -1.5975   0.0000   0.0000   0.0000   0.2112
  -4.250  -0.3442   0.08044   0.07641  -0.0314  1.0000  0.1188  -1.7404   0.0000   0.0000   0.0000   0.1549
  -4.000  -0.3429   0.07805   0.07408  -0.0266  1.0000  0.1196  -1.6783   0.0000   0.0000   0.0000   0.1688
  -3.500  -0.1520   0.03798   0.03206  -0.0916  1.0000  0.0665  -2.5989   0.0000   0.0000   0.0000  -0.3636
  -3.250  -0.1232   0.03633   0.03036  -0.0936  1.0000  0.0696  -2.4849   0.0000   0.0000   0.0000  -0.5225
  -3.000  -0.0565   0.03145   0.02446  -0.1037  0.9984  0.0793  -2.4597   0.0000   0.0000   0.0000  -1.6118
  -2.750   0.0028   0.02920   0.02140  -0.1104  0.9941  0.0879  -2.3612   0.0000   0.0000   0.0000  39.5299
  -2.500   0.0550   0.02843   0.02024  -0.1151  0.9886  0.0964  -2.2039   0.0000   0.0000   0.0000   2.3684
  -2.250   0.1021   0.02823   0.01993  -0.1191  0.9809  0.1088  -2.0097   0.0000   0.0000   0.0000   1.4288
  -2.000   0.1466   0.02839   0.02014  -0.1226  0.9723  0.1255  -1.8016   0.0000   0.0000   0.0000   1.0936
  -1.750   0.1910   0.02820   0.01992  -0.1259  0.9638  0.1444  -1.6157   0.0000   0.0000   0.0000   0.9140
  -1.500   0.2359   0.02768   0.01931  -0.1291  0.9555  0.1646  -1.4484   0.0000   0.0000   0.0000   0.8003
  -1.250   0.2799   0.02744   0.01910  -0.1321  0.9467  0.1924  -1.2692   0.0000   0.0000   0.0000   0.7240
  -1.000   0.3242   0.02722   0.01896  -0.1352  0.9377  0.2255  -1.0880   0.0000   0.0000   0.0000   0.6680
  -0.750   0.3703   0.02684   0.01865  -0.1383  0.9293  0.2592  -0.9694   0.0000   0.0000   0.0000   0.6240
  -0.500   0.4169   0.02637   0.01828  -0.1414  0.9208  0.2955  -0.8612   0.0000   0.0000   0.0000   0.5892
  -0.250   0.4595   0.02588   0.01794  -0.1438  0.9108  0.3351  -0.7588   0.0000   0.0000   0.0000   0.5624
   0.000   0.5020   0.02533   0.01757  -0.1460  0.9007  0.3823  -0.7052   0.0000   0.0000   0.0000   0.5399
   0.250   0.5448   0.02470   0.01721  -0.1481  0.8906  0.4437  -0.7478   0.0000   0.0000   0.0000   0.5206
   0.500   0.5872   0.02394   0.01678  -0.1500  0.8804  0.5318  -0.7924   0.0000   0.0000   0.0000   0.5037
   0.750   0.6261   0.02291   0.01629  -0.1506  0.8702  0.6779  -0.8360   0.0000   0.0000   0.0000   0.4886
   1.000   0.6536   0.02154   0.01533  -0.1485  0.8589  1.0000  -0.8727   0.0000   0.0000   0.0000   0.4748
   1.250   0.6998   0.02088   0.01446  -0.1507  0.8482  1.0000  -0.9249   0.0000   0.0000   0.0000   0.4628
   1.500   0.7451   0.02012   0.01355  -0.1526  0.8376  1.0000  -0.9826   0.0000   0.0000   0.0000   0.4519
   1.750   0.7916   0.01930   0.01263  -0.1547  0.8265  1.0000  -1.0426   0.0000   0.0000   0.0000   0.4421
   2.000   0.8409   0.01843   0.01167  -0.1572  0.8147  1.0000  -1.1073   0.0000   0.0000   0.0000   0.4334
   2.250   0.8838   0.01782   0.01100  -0.1587  0.7975  1.0000  -1.1689   0.0000   0.0000   0.0000   0.4257
   2.500   0.9362   0.01710   0.01020  -0.1619  0.7797  1.0000  -1.2431   0.0000   0.0000   0.0000   0.4188
   2.750   0.9796   0.01671   0.00971  -0.1635  0.7556  1.0000  -1.3107   0.0000   0.0000   0.0000   0.4125
   3.000   1.0227   0.01647   0.00933  -0.1652  0.7285  1.0000  -1.3824   0.0000   0.0000   0.0000   0.4068
   3.250   1.0585   0.01649   0.00919  -0.1657  0.6978  1.0000  -1.4478   0.0000   0.0000   0.0000   0.4015
   3.500   1.0908   0.01667   0.00919  -0.1656  0.6657  1.0000  -1.5101   0.0000   0.0000   0.0000   0.3964
   3.750   1.1197   0.01699   0.00932  -0.1649  0.6333  1.0000  -1.5733   0.0000   0.0000   0.0000   0.3916
   4.000   1.1462   0.01740   0.00952  -0.1638  0.6014  1.0000  -1.6341   0.0000   0.0000   0.0000   0.3870
   4.250   1.1708   0.01788   0.00980  -0.1625  0.5702  1.0000  -1.6944   0.0000   0.0000   0.0000   0.3825
   4.500   1.1947   0.01842   0.01012  -0.1611  0.5408  1.0000  -1.7578   0.0000   0.0000   0.0000   0.3782
   4.750   1.2167   0.01901   0.01054  -0.1594  0.5122  1.0000  -1.8189   0.0000   0.0000   0.0000   0.3741
   5.000   1.2395   0.01964   0.01102  -0.1580  0.4862  1.0000  -1.8817   0.0000   0.0000   0.0000   0.3701
   5.250   1.2608   0.02029   0.01155  -0.1563  0.4609  1.0000  -1.9424   0.0000   0.0000   0.0000   0.3663
   5.500   1.2824   0.02097   0.01208  -0.1547  0.4375  1.0000  -2.0039   0.0000   0.0000   0.0000   0.3627
   5.750   1.3039   0.02168   0.01266  -0.1531  0.4156  1.0000  -2.0840   0.0000   0.0000   0.0000   0.3591
   6.000   1.3257   0.02242   0.01328  -0.1516  0.3952  1.0000  -2.1703   0.0000   0.0000   0.0000   0.3557
   6.250   1.3479   0.02318   0.01390  -0.1502  0.3764  1.0000  -2.2585   0.0000   0.0000   0.0000   0.3525
   6.500   1.3687   0.02395   0.01462  -0.1486  0.3582  1.0000  -2.3441   0.0000   0.0000   0.0000   0.3492
   6.750   1.3904   0.02477   0.01535  -0.1472  0.3416  1.0000  -2.4324   0.0000   0.0000   0.0000   0.3462
   7.000   1.4116   0.02560   0.01623  -0.1457  0.3258  1.0000  -2.5203   0.0000   0.0000   0.0000   0.3432
   7.250   1.4349   0.02649   0.01700  -0.1446  0.3116  1.0000  -2.6136   0.0000   0.0000   0.0000   0.3404
   7.500   1.4546   0.02737   0.01792  -0.1429  0.2975  1.0000  -2.6990   0.0000   0.0000   0.0000   0.3374
   7.750   1.4753   0.02828   0.01884  -0.1414  0.2845  1.0000  -2.7873   0.0000   0.0000   0.0000   0.3347
   8.000   1.4964   0.02924   0.01980  -0.1399  0.2725  1.0000  -2.8768   0.0000   0.0000   0.0000   0.3320
   8.250   1.5169   0.03021   0.02077  -0.1384  0.2611  1.0000  -2.9660   0.0000   0.0000   0.0000   0.3293
   8.500   1.5359   0.03116   0.02173  -0.1367  0.2498  1.0000  -3.0928   0.0000   0.0000   0.0000   0.3267
   8.750   1.5535   0.03211   0.02271  -0.1348  0.2390  1.0000  -3.2275   0.0000   0.0000   0.0000   0.3240
   9.000   1.5692   0.03303   0.02367  -0.1325  0.2284  1.0000  -3.3589   0.0000   0.0000   0.0000   0.3213
   9.250   1.5828   0.03393   0.02462  -0.1300  0.2181  1.0000  -3.4864   0.0000   0.0000   0.0000   0.3186
   9.500   1.5941   0.03481   0.02563  -0.1271  0.2082  1.0000  -3.6093   0.0000   0.0000   0.0000   0.3158
   9.750   1.6036   0.03569   0.02655  -0.1240  0.1991  1.0000  -3.7284   0.0000   0.0000   0.0000   0.3130
  10.000   1.6146   0.03661   0.02748  -0.1212  0.1907  1.0000  -3.8540   0.0000   0.0000   0.0000   0.3103
  10.250   1.6239   0.03762   0.02857  -0.1181  0.1829  1.0000  -3.9728   0.0000   0.0000   0.0000   0.3076
  10.500   1.6306   0.03883   0.02997  -0.1149  0.1756  1.0000  -4.0805   0.0000   0.0000   0.0000   0.3049
  10.750   1.6422   0.04002   0.03119  -0.1124  0.1689  1.0000  -4.2097   0.0000   0.0000   0.0000   0.3024
  11.000   1.6496   0.04131   0.03263  -0.1094  0.1624  1.0000  -4.3374   0.0000   0.0000   0.0000   0.2999
  11.250   1.6578   0.04283   0.03431  -0.1067  0.1566  1.0000  -4.4662   0.0000   0.0000   0.0000   0.2975
  11.500   1.6679   0.04423   0.03580  -0.1044  0.1509  1.0000  -4.6074   0.0000   0.0000   0.0000   0.2952
  11.750   1.6718   0.04606   0.03787  -0.1014  0.1457  1.0000  -4.7172   0.0000   0.0000   0.0000   0.2929
  12.000   1.6798   0.04763   0.03952  -0.0990  0.1405  1.0000  -4.8503   0.0000   0.0000   0.0000   0.2907
  12.250   1.6814   0.04974   0.04187  -0.0961  0.1357  1.0000  -4.9500   0.0000   0.0000   0.0000   0.2885
  12.500   1.6832   0.05174   0.04404  -0.0935  0.1310  1.0000  -5.0542   0.0000   0.0000   0.0000   0.2864
  12.750   1.6866   0.05387   0.04628  -0.0912  0.1264  1.0000  -5.1649   0.0000   0.0000   0.0000   0.2844
  13.000   1.6786   0.05657   0.04927  -0.0882  0.1222  1.0000  -5.2222   0.0000   0.0000   0.0000   0.2824
  13.250   1.6861   0.05830   0.05094  -0.0866  0.1173  1.0000  -5.3605   0.0000   0.0000   0.0000   0.2807
  13.500   1.6685   0.06203   0.05509  -0.0839  0.1138  1.0000  -5.3660   0.0000   0.0000   0.0000   0.2792
  13.750   1.6638   0.06486   0.05806  -0.0822  0.1099  1.0000  -5.4389   0.0000   0.0000   0.0000   0.2778
  14.000   1.6635   0.06776   0.06108  -0.0809  0.1062  1.0000  -5.5264   0.0000   0.0000   0.0000   0.2765
  14.250   1.6422   0.07271   0.06642  -0.0799  0.1038  1.0000  -5.5011   0.0000   0.0000   0.0000   0.2760
  14.500   1.6277   0.07721   0.07116  -0.0795  0.1010  1.0000  -5.5103   0.0000   0.0000   0.0000   0.2757
  14.750   1.6354   0.07927   0.07312  -0.0788  0.0966  1.0000  -5.6426   0.0000   0.0000   0.0000   0.2744
  15.000   1.6063   0.08594   0.08019  -0.0799  0.0952  1.0000  -5.5627   0.0000   0.0000   0.0000   0.2755
  15.500   1.5459   0.10164   0.09654  -0.0856  0.0931  1.0000  -5.3611   0.0000   0.0000   0.0000   0.2801
  16.000   1.3990   0.13923   0.13479  -0.1104  0.0984  1.0000  -4.4810   0.0000   0.0000   0.0000   0.3034
  16.500   1.2248   0.20332   0.19864  -0.1561  0.1015  1.0000  -2.7339   0.0000   0.0000   0.0000   0.3541
  17.000   1.2381   0.21060   0.20599  -0.1596  0.0957  1.0000  -2.7928   0.0000   0.0000   0.0000   0.3545
  17.500   1.2304   0.22469   0.22010  -0.1699  0.0922  1.0000  -2.5498   0.0000   0.0000   0.0000   0.3632
  18.000   1.2430   0.23351   0.22898  -0.1744  0.0883  1.0000  -2.4987   0.0000   0.0000   0.0000   0.3646
  19.000   0.9528   0.25320   0.24962  -0.1574  0.1084  1.0000  -1.3801   0.0000   0.0000   0.0000   0.3915
  19.500   0.9498   0.26210   0.25855  -0.1618  0.1052  1.0000  -1.2850   0.0000   0.0000   0.0000   0.3959
  20.000   0.9555   0.26973   0.26624  -0.1644  0.0994  1.0000  -1.2627   0.0000   0.0000   0.0000   0.3967


