xflr5 v6.61

 Calculated polar for: E63_7_00

 1 1 Reynolds number fixed          Mach number fixed         

 xtrf =   1.000 (top)        1.000 (bottom)
 Mach =   0.200     Re =     0.060 e 6     Ncrit =   7.000

  alpha     CL        CD       CDp       Cm    Top Xtr Bot Xtr   Cpmin    Chinge    XCp    
 ------- -------- --------- --------- -------- ------- ------- -------- --------- ---------
 -20.000  -0.4079   0.21867   0.21194  -0.0112  1.0000  0.0387  -0.9352   0.0000   0.0000   0.0000   0.2170
 -19.500  -0.3995   0.21424   0.20750  -0.0124  1.0000  0.0404  -0.9143   0.0000   0.0000   0.0000   0.2133
 -19.000  -0.3918   0.21032   0.20357  -0.0139  1.0000  0.0424  -0.9069   0.0000   0.0000   0.0000   0.2092
 -18.500  -0.3848   0.20682   0.20003  -0.0154  1.0000  0.0442  -0.9099   0.0000   0.0000   0.0000   0.2046
 -18.000  -0.3794   0.20430   0.19750  -0.0171  1.0000  0.0454  -0.9295   0.0000   0.0000   0.0000   0.1996
 -17.500  -0.3772   0.20340   0.19661  -0.0190  1.0000  0.0459  -0.9770   0.0000   0.0000   0.0000   0.1944
 -17.000  -0.3688   0.19813   0.19136  -0.0200  1.0000  0.0465  -0.9887   0.0000   0.0000   0.0000   0.1907
 -16.500  -0.3578   0.19198   0.18521  -0.0203  1.0000  0.0483  -0.9548   0.0000   0.0000   0.0000   0.1882
 -16.000  -0.3508   0.18826   0.18150  -0.0210  1.0000  0.0502  -0.9611   0.0000   0.0000   0.0000   0.1849
 -15.500  -0.3452   0.18504   0.17828  -0.0219  1.0000  0.0524  -0.9814   0.0000   0.0000   0.0000   0.1814
 -15.000  -0.3407   0.18214   0.17539  -0.0230  1.0000  0.0544  -1.0177   0.0000   0.0000   0.0000   0.1773
 -14.500  -0.3405   0.18031   0.17353  -0.0245  1.0000  0.0555  -1.0834   0.0000   0.0000   0.0000   0.1731
 -14.000  -0.3447   0.17934   0.17258  -0.0260  1.0000  0.0559  -1.1660   0.0000   0.0000   0.0000   0.1697
 -13.500  -0.3251   0.16932   0.16260  -0.0249  1.0000  0.0582  -1.0686   0.0000   0.0000   0.0000   0.1682
 -13.000  -0.3187   0.16456   0.15787  -0.0252  1.0000  0.0608  -1.0622   0.0000   0.0000   0.0000   0.1658
 -12.500  -0.3144   0.16017   0.15351  -0.0258  1.0000  0.0636  -1.0772   0.0000   0.0000   0.0000   0.1630
 -12.000  -0.3159   0.15719   0.15058  -0.0270  1.0000  0.0654  -1.1365   0.0000   0.0000   0.0000   0.1596
 -11.500  -0.3069   0.15062   0.14409  -0.0267  1.0000  0.0673  -1.1094   0.0000   0.0000   0.0000   0.1580
 -11.000  -0.2987   0.14503   0.13854  -0.0263  1.0000  0.0716  -1.0731   0.0000   0.0000   0.0000   0.1571
  -9.000  -0.3377   0.12719   0.12053  -0.0247  1.0000  0.0808  -1.2366   0.0000   0.0000   0.0000   0.1714
  -8.500  -0.3378   0.12336   0.11684  -0.0248  1.0000  0.0852  -1.2831   0.0000   0.0000   0.0000   0.1714
  -8.000  -0.3545   0.12236   0.11606  -0.0254  1.0000  0.0865  -1.3995   0.0000   0.0000   0.0000   0.1742
  -7.500  -0.3305   0.11307   0.10682  -0.0223  1.0000  0.0917  -1.3039   0.0000   0.0000   0.0000   0.1781
  -7.000  -0.3419   0.11040   0.10434  -0.0209  1.0000  0.0961  -1.3668   0.0000   0.0000   0.0000   0.1852
  -5.000  -0.3456   0.09185   0.08642  -0.0155  1.0000  0.1137  -1.4396   0.0000   0.0000   0.0000   0.2025
  -4.500  -0.3334   0.08631   0.08100  -0.0206  1.0000  0.1204  -1.4849   0.0000   0.0000   0.0000   0.1859
  -4.000  -0.3074   0.08014   0.07489  -0.0279  1.0000  0.1303  -1.5082   0.0000   0.0000   0.0000   0.1567
  -3.500  -0.2775   0.07368   0.06841  -0.0324  1.0000  0.1420  -1.4832   0.0000   0.0000   0.0000   0.1309
  -2.000   0.0728   0.03652   0.02893  -0.1049  1.0000  0.0697  -1.8869   0.0000   0.0000   0.0000   1.6991
  -1.500   0.1827   0.03028   0.02112  -0.1173  1.0000  0.0734  -1.8445   0.0000   0.0000   0.0000   0.8945
  -1.000   0.2541   0.02815   0.01844  -0.1209  1.0000  0.1023  -1.6970   0.0000   0.0000   0.0000   0.7272
  -0.500   0.3163   0.02751   0.01773  -0.1231  1.0000  0.1752  -1.4504   0.0000   0.0000   0.0000   0.6395
   0.000   0.3792   0.02726   0.01780  -0.1255  0.9986  0.3190  -1.1242   0.0000   0.0000   0.0000   0.5805
   0.500   0.4560   0.02617   0.01823  -0.1291  0.9799  1.0000  -0.7649   0.0000   0.0000   0.0000   0.5321
   1.000   0.5437   0.02717   0.01850  -0.1360  0.9550  1.0000  -0.6374   0.0000   0.0000   0.0000   0.4985
   1.500   0.6322   0.02773   0.01867  -0.1423  0.9296  1.0000  -0.7247   0.0000   0.0000   0.0000   0.4729
   2.000   0.7157   0.02783   0.01860  -0.1470  0.9012  1.0000  -0.8221   0.0000   0.0000   0.0000   0.4528
   2.500   0.7974   0.02749   0.01823  -0.1507  0.8703  1.0000  -0.9365   0.0000   0.0000   0.0000   0.4358
   3.000   0.8803   0.02659   0.01742  -0.1535  0.8381  1.0000  -1.0636   0.0000   0.0000   0.0000   0.4207
   3.500   0.9660   0.02507   0.01609  -0.1557  0.8046  1.0000  -1.2160   0.0000   0.0000   0.0000   0.4070
   4.000   1.0532   0.02342   0.01463  -0.1577  0.7607  1.0000  -1.3917   0.0000   0.0000   0.0000   0.3950
   4.500   1.1369   0.02232   0.01366  -0.1591  0.6961  1.0000  -1.6288   0.0000   0.0000   0.0000   0.3846
   5.000   1.2062   0.02238   0.01354  -0.1585  0.6097  1.0000  -1.8478   0.0000   0.0000   0.0000   0.3754
   5.500   1.2595   0.02351   0.01441  -0.1559  0.5203  1.0000  -2.1521   0.0000   0.0000   0.0000   0.3672
   6.000   1.3036   0.02525   0.01584  -0.1524  0.4397  1.0000  -2.4594   0.0000   0.0000   0.0000   0.3597
   6.500   1.3444   0.02734   0.01769  -0.1488  0.3700  1.0000  -2.7923   0.0000   0.0000   0.0000   0.3527
   7.000   1.3844   0.02971   0.01986  -0.1453  0.3118  1.0000  -3.1545   0.0000   0.0000   0.0000   0.3463
   7.500   1.4218   0.03231   0.02262  -0.1415  0.2613  1.0000  -3.5094   0.0000   0.0000   0.0000   0.3402
   8.000   1.4451   0.03473   0.02499  -0.1358  0.2143  1.0000  -3.8292   0.0000   0.0000   0.0000   0.3339
   8.500   1.4614   0.03732   0.02772  -0.1295  0.1728  1.0000  -4.1184   0.0000   0.0000   0.0000   0.3278
   9.000   1.4784   0.04058   0.03114  -0.1235  0.1399  1.0000  -4.3860   0.0000   0.0000   0.0000   0.3220
   9.500   1.4907   0.04466   0.03547  -0.1172  0.1107  1.0000  -4.5956   0.0000   0.0000   0.0000   0.3163
  10.000   1.4985   0.04948   0.04051  -0.1110  0.0885  1.0000  -4.7568   0.0000   0.0000   0.0000   0.3110
  10.500   1.5126   0.05569   0.04721  -0.1061  0.0744  1.0000  -4.8727   0.0000   0.0000   0.0000   0.3063
  11.000   1.5253   0.06244   0.05433  -0.1018  0.0667  1.0000  -5.0401   0.0000   0.0000   0.0000   0.3021
  11.500   1.5071   0.07131   0.06415  -0.0965  0.0639  1.0000  -5.0273   0.0000   0.0000   0.0000   0.2987
  12.000   1.4741   0.08143   0.07503  -0.0934  0.0627  1.0000  -4.9566   0.0000   0.0000   0.0000   0.2973
  12.500   1.4289   0.09382   0.08805  -0.0945  0.0625  1.0000  -4.8080   0.0000   0.0000   0.0000   0.2993
  13.000   1.3743   0.10994   0.10468  -0.1020  0.0633  1.0000  -4.5525   0.0000   0.0000   0.0000   0.3066
  13.500   1.3173   0.13108   0.12611  -0.1164  0.0649  1.0000  -4.1613   0.0000   0.0000   0.0000   0.3202
  14.000   1.2746   0.15446   0.14945  -0.1326  0.0661  1.0000  -3.6925   0.0000   0.0000   0.0000   0.3357
  15.500   1.2355   0.21039   0.20511  -0.1696  0.0734  1.0000  -2.5768   0.0000   0.0000   0.0000   0.3681
  16.000   1.2475   0.22086   0.21560  -0.1750  0.0755  1.0000  -2.5211   0.0000   0.0000   0.0000   0.3704
  16.500   1.2593   0.23095   0.22570  -0.1808  0.0760  1.0000  -2.4647   0.0000   0.0000   0.0000   0.3728
  17.000   1.2585   0.24689   0.24162  -0.1940  0.1138  1.0000  -2.0637   0.0000   0.0000   0.0000   0.3831
  17.500   1.2738   0.25477   0.24954  -0.1987  0.1101  1.0000  -2.0644   0.0000   0.0000   0.0000   0.3841
  18.000   1.3013   0.26607   0.26099  -0.1998  0.1074  1.0000  -2.2361   0.0000   0.0000   0.0000   0.3807
  18.500   1.3026   0.27056   0.26544  -0.2092  0.1053  1.0000  -2.1401   0.0000   0.0000   0.0000   0.3868
  19.000   1.3171   0.27748   0.27240  -0.2144  0.1000  1.0000  -2.1931   0.0000   0.0000   0.0000   0.3880
  19.500   1.3414   0.28846   0.28346  -0.2161  0.0969  1.0000  -2.3679   0.0000   0.0000   0.0000   0.3853
  20.000   1.3464   0.29188   0.28685  -0.2251  0.0932  1.0000  -2.2972   0.0000   0.0000   0.0000   0.3905


