xflr5 v6.61

 Calculated polar for: E63_4_27

 1 1 Reynolds number fixed          Mach number fixed         

 xtrf =   1.000 (top)        1.000 (bottom)
 Mach =   0.200     Re =     0.125 e 6     Ncrit =   9.000

  alpha     CL        CD       CDp       Cm    Top Xtr Bot Xtr   Cpmin    Chinge    XCp    
 ------- -------- --------- --------- -------- ------- ------- -------- --------- ---------
 -14.500  -0.4831   0.18454   0.17951  -0.0092  1.0000  0.0175  -1.2885   0.0000   0.0000   0.0000   0.2278
 -14.000  -0.4706   0.17866   0.17365  -0.0106  1.0000  0.0185  -1.2720   0.0000   0.0000   0.0000   0.2243
 -13.500  -0.4583   0.17288   0.16787  -0.0121  1.0000  0.0195  -1.2788   0.0000   0.0000   0.0000   0.2205
 -13.000  -0.4465   0.16717   0.16219  -0.0136  1.0000  0.0205  -1.2964   0.0000   0.0000   0.0000   0.2166
 -12.500  -0.4350   0.16173   0.15679  -0.0151  1.0000  0.0215  -1.3318   0.0000   0.0000   0.0000   0.2124
 -12.000  -0.4251   0.15719   0.15229  -0.0170  1.0000  0.0220  -1.3977   0.0000   0.0000   0.0000   0.2073
 -11.500  -0.4183   0.15348   0.14865  -0.0191  1.0000  0.0221  -1.4751   0.0000   0.0000   0.0000   0.2019
 -11.000  -0.4059   0.14563   0.14084  -0.0190  1.0000  0.0226  -1.4210   0.0000   0.0000   0.0000   0.2006
 -10.500  -0.3949   0.13890   0.13415  -0.0188  1.0000  0.0236  -1.3321   0.0000   0.0000   0.0000   0.2000
 -10.000  -0.3858   0.13344   0.12874  -0.0192  1.0000  0.0247  -1.2972   0.0000   0.0000   0.0000   0.1980
  -9.750  -0.3816   0.13081   0.12614  -0.0193  1.0000  0.0253  -1.2858   0.0000   0.0000   0.0000   0.1970
  -9.500  -0.3776   0.12826   0.12363  -0.0195  1.0000  0.0259  -1.2777   0.0000   0.0000   0.0000   0.1960
  -9.250  -0.3739   0.12583   0.12118  -0.0197  1.0000  0.0266  -1.2756   0.0000   0.0000   0.0000   0.1950
  -9.000  -0.3707   0.12367   0.11906  -0.0200  1.0000  0.0272  -1.2810   0.0000   0.0000   0.0000   0.1939
  -8.750  -0.3688   0.12201   0.11744  -0.0204  1.0000  0.0276  -1.3010   0.0000   0.0000   0.0000   0.1925
  -8.500  -0.3689   0.12081   0.11630  -0.0209  1.0000  0.0279  -1.3318   0.0000   0.0000   0.0000   0.1915
  -8.250  -0.3708   0.11982   0.11537  -0.0211  1.0000  0.0281  -1.3650   0.0000   0.0000   0.0000   0.1913
  -8.000  -0.3741   0.11888   0.11449  -0.0210  1.0000  0.0282  -1.3972   0.0000   0.0000   0.0000   0.1922
  -7.750  -0.3787   0.11792   0.11360  -0.0205  1.0000  0.0282  -1.4380   0.0000   0.0000   0.0000   0.1945
  -7.500  -0.3842   0.11689   0.11265  -0.0195  1.0000  0.0283  -1.4806   0.0000   0.0000   0.0000   0.1979
  -7.250  -0.3611   0.10755   0.10327  -0.0179  1.0000  0.0294  -1.3174   0.0000   0.0000   0.0000   0.1988
  -7.000  -0.3597   0.10491   0.10067  -0.0166  1.0000  0.0301  -1.2901   0.0000   0.0000   0.0000   0.2022
  -6.750  -0.3607   0.10279   0.09860  -0.0153  1.0000  0.0307  -1.2816   0.0000   0.0000   0.0000   0.2061
  -6.500  -0.3635   0.10093   0.09680  -0.0137  1.0000  0.0313  -1.2819   0.0000   0.0000   0.0000   0.2108
  -6.250  -0.3672   0.09918   0.09511  -0.0121  1.0000  0.0319  -1.2873   0.0000   0.0000   0.0000   0.2157
  -6.000  -0.3678   0.09713   0.09312  -0.0114  1.0000  0.0327  -1.2932   0.0000   0.0000   0.0000   0.2178
  -5.750  -0.3666   0.09491   0.09095  -0.0112  1.0000  0.0335  -1.3016   0.0000   0.0000   0.0000   0.2181
  -5.500  -0.3640   0.09259   0.08869  -0.0116  1.0000  0.0344  -1.3138   0.0000   0.0000   0.0000   0.2168
  -5.250  -0.3592   0.09020   0.08634  -0.0128  1.0000  0.0354  -1.3341   0.0000   0.0000   0.0000   0.2131
  -5.000  -0.3497   0.08787   0.08404  -0.0162  1.0000  0.0365  -1.3807   0.0000   0.0000   0.0000   0.2025
  -4.750  -0.3281   0.08546   0.08165  -0.0249  1.0000  0.0372  -1.4823   0.0000   0.0000   0.0000   0.1726
  -4.250  -0.3127   0.07829   0.07456  -0.0250  1.0000  0.0384  -1.4312   0.0000   0.0000   0.0000   0.1686
  -4.000  -0.3040   0.07532   0.07160  -0.0248  1.0000  0.0403  -1.3701   0.0000   0.0000   0.0000   0.1670
  -3.750  -0.2834   0.07209   0.06833  -0.0291  1.0000  0.0433  -1.3603   0.0000   0.0000   0.0000   0.1456
  -3.250  -0.2265   0.06446   0.06066  -0.0416  1.0000  0.0490  -1.3637   0.0000   0.0000   0.0000   0.0643
  -3.000  -0.1446   0.05903   0.05497  -0.0631  1.0000  0.0562  -1.4774   0.0000   0.0000   0.0000  -0.1895
  -2.750  -0.1424   0.05600   0.05205  -0.0593  1.0000  0.0580  -1.3620   0.0000   0.0000   0.0000  -0.1696
  -2.500  -0.0724   0.05091   0.04672  -0.0746  1.0000  0.0666  -1.3975   0.0000   0.0000   0.0000  -0.7869
  -2.250  -0.0495   0.04804   0.04387  -0.0759  1.0000  0.0721  -1.3022   0.0000   0.0000   0.0000  -1.2943
  -2.000   0.0066   0.04398   0.03963  -0.0858  1.0000  0.0833  -1.2640   0.0000   0.0000   0.0000  13.2935
  -1.750   0.0679   0.03996   0.03533  -0.0964  1.0000  0.0993  -1.1997   0.0000   0.0000   0.0000   1.6768
  -0.750   0.3257   0.02549   0.01858  -0.1288  1.0000  0.0531  -1.2439   0.0000   0.0000   0.0000   0.6460
  -0.500   0.3731   0.02374   0.01631  -0.1323  1.0000  0.0502  -1.2662   0.0000   0.0000   0.0000   0.6048
  -0.250   0.4156   0.02249   0.01458  -0.1345  1.0000  0.0475  -1.3111   0.0000   0.0000   0.0000   0.5736
   0.000   0.4539   0.02162   0.01363  -0.1364  1.0000  0.0514  -1.2931   0.0000   0.0000   0.0000   0.5502
   0.250   0.4919   0.02109   0.01314  -0.1385  1.0000  0.0706  -1.2442   0.0000   0.0000   0.0000   0.5310
   0.500   0.5399   0.01860   0.01263  -0.1418  1.0000  1.0000  -1.1978   0.0000   0.0000   0.0000   0.5120
   0.750   0.5697   0.01924   0.01299  -0.1428  0.9971  1.0000  -0.9333   0.0000   0.0000   0.0000   0.4997
   1.000   0.6159   0.01978   0.01327  -0.1468  0.9884  1.0000  -0.5802   0.0000   0.0000   0.0000   0.4871
   1.250   0.6613   0.02014   0.01348  -0.1505  0.9791  1.0000  -0.6052   0.0000   0.0000   0.0000   0.4762
   1.500   0.7037   0.02031   0.01357  -0.1536  0.9681  1.0000  -0.6478   0.0000   0.0000   0.0000   0.4666
   1.750   0.7464   0.02037   0.01358  -0.1566  0.9575  1.0000  -0.6997   0.0000   0.0000   0.0000   0.4579
   2.000   0.7896   0.02030   0.01351  -0.1595  0.9469  1.0000  -0.7578   0.0000   0.0000   0.0000   0.4499
   2.250   0.8334   0.02009   0.01332  -0.1623  0.9358  1.0000  -0.8214   0.0000   0.0000   0.0000   0.4424
   2.500   0.8772   0.01974   0.01307  -0.1649  0.9245  1.0000  -0.8957   0.0000   0.0000   0.0000   0.4354
   2.750   0.9213   0.01927   0.01269  -0.1674  0.9131  1.0000  -0.9784   0.0000   0.0000   0.0000   0.4288
   3.000   0.9668   0.01858   0.01214  -0.1698  0.9012  1.0000  -1.0958   0.0000   0.0000   0.0000   0.4226
   3.250   1.0137   0.01766   0.01143  -0.1721  0.8891  1.0000  -1.2929   0.0000   0.0000   0.0000   0.4165
   3.500   1.0533   0.01675   0.01071  -0.1728  0.8715  1.0000  -1.5624   0.0000   0.0000   0.0000   0.4105
   3.750   1.0970   0.01572   0.00989  -0.1741  0.8518  1.0000  -1.8630   0.0000   0.0000   0.0000   0.4049
   4.000   1.1506   0.01439   0.00879  -0.1767  0.8120  1.0000  -2.2233   0.0000   0.0000   0.0000   0.3995
   4.250   1.2115   0.01358   0.00779  -0.1806  0.7093  1.0000  -2.6276   0.0000   0.0000   0.0000   0.3946
   4.500   1.2411   0.01427   0.00797  -0.1794  0.5903  1.0000  -2.8917   0.0000   0.0000   0.0000   0.3898
   4.750   1.2534   0.01568   0.00867  -0.1755  0.4561  1.0000  -3.0749   0.0000   0.0000   0.0000   0.3849
   5.000   1.2644   0.01721   0.00958  -0.1719  0.3391  1.0000  -3.2443   0.0000   0.0000   0.0000   0.3806
   5.250   1.2739   0.01923   0.01080  -0.1685  0.1996  1.0000  -3.4247   0.0000   0.0000   0.0000   0.3766
   5.500   1.2794   0.02263   0.01309  -0.1645  0.0686  1.0000  -3.4756   0.0000   0.0000   0.0000   0.3726
   5.750   1.2954   0.02449   0.01493  -0.1618  0.0522  1.0000  -3.6136   0.0000   0.0000   0.0000   0.3686
   6.000   1.3106   0.02652   0.01698  -0.1590  0.0466  1.0000  -3.7560   0.0000   0.0000   0.0000   0.3648
   6.250   1.3312   0.02851   0.01912  -0.1569  0.0433  1.0000  -4.0195   0.0000   0.0000   0.0000   0.3610
   6.500   1.3563   0.03090   0.02161  -0.1557  0.0411  1.0000  -4.3675   0.0000   0.0000   0.0000   0.3576
   6.750   1.3863   0.03388   0.02475  -0.1552  0.0398  1.0000  -4.7305   0.0000   0.0000   0.0000   0.3544
   7.000   1.4167   0.03749   0.02865  -0.1547  0.0391  1.0000  -5.0601   0.0000   0.0000   0.0000   0.3514
   7.250   1.4382   0.04138   0.03314  -0.1529  0.0370  1.0000  -5.2998   0.0000   0.0000   0.0000   0.3482
   7.500   1.4561   0.04532   0.03769  -0.1503  0.0367  1.0000  -5.4685   0.0000   0.0000   0.0000   0.3448
   7.750   1.4697   0.05026   0.04316  -0.1475  0.0372  1.0000  -5.5756   0.0000   0.0000   0.0000   0.3416
   8.000   1.4825   0.05575   0.04906  -0.1449  0.0383  1.0000  -5.6689   0.0000   0.0000   0.0000   0.3388
   8.250   1.4750   0.06097   0.05547  -0.1380  0.0428  1.0000  -5.3622   0.0000   0.0000   0.0000   0.3344
   8.500   1.4730   0.06710   0.06198  -0.1345  0.0457  1.0000  -5.3222   0.0000   0.0000   0.0000   0.3319


