xflr5 v6.61

 Calculated polar for: E63_15_00

 1 1 Reynolds number fixed          Mach number fixed         

 xtrf =   1.000 (top)        1.000 (bottom)
 Mach =   0.200     Re =     0.060 e 6     Ncrit =   7.000

  alpha     CL        CD       CDp       Cm    Top Xtr Bot Xtr   Cpmin    Chinge    XCp    
 ------- -------- --------- --------- -------- ------- ------- -------- --------- ---------
 -30.000  -0.7725   0.33934   0.33076   0.0567  1.0000  0.0483  -1.5501   0.0000   0.0000   0.0000   0.2731
 -29.500  -0.7586   0.33484   0.32623   0.0528  1.0000  0.0495  -1.5307   0.0000   0.0000   0.0000   0.2705
 -29.000  -0.7447   0.33039   0.32177   0.0490  1.0000  0.0509  -1.5154   0.0000   0.0000   0.0000   0.2677
 -28.500  -0.7306   0.32594   0.31731   0.0451  1.0000  0.0524  -1.5033   0.0000   0.0000   0.0000   0.2646
 -28.000  -0.7167   0.32172   0.31308   0.0410  1.0000  0.0541  -1.4986   0.0000   0.0000   0.0000   0.2612
 -27.500  -0.7037   0.31864   0.31000   0.0365  1.0000  0.0553  -1.5132   0.0000   0.0000   0.0000   0.2568
 -27.000  -0.6920   0.31697   0.30831   0.0318  1.0000  0.0557  -1.5361   0.0000   0.0000   0.0000   0.2519
 -26.500  -0.6791   0.31318   0.30456   0.0277  1.0000  0.0560  -1.5461   0.0000   0.0000   0.0000   0.2478
 -26.000  -0.6598   0.30331   0.29468   0.0257  1.0000  0.0569  -1.4817   0.0000   0.0000   0.0000   0.2465
 -25.500  -0.6435   0.29775   0.28913   0.0229  1.0000  0.0582  -1.4515   0.0000   0.0000   0.0000   0.2438
 -25.000  -0.6277   0.29281   0.28420   0.0197  1.0000  0.0598  -1.4350   0.0000   0.0000   0.0000   0.2404
 -24.500  -0.6123   0.28799   0.27936   0.0165  1.0000  0.0616  -1.4263   0.0000   0.0000   0.0000   0.2366
 -24.000  -0.5972   0.28329   0.27468   0.0131  1.0000  0.0636  -1.4265   0.0000   0.0000   0.0000   0.2323
 -23.500  -0.5834   0.27930   0.27072   0.0093  1.0000  0.0650  -1.4462   0.0000   0.0000   0.0000   0.2271
 -23.000  -0.5721   0.27682   0.26827   0.0052  1.0000  0.0657  -1.4857   0.0000   0.0000   0.0000   0.2210
 -22.500  -0.5558   0.27024   0.26173   0.0025  1.0000  0.0663  -1.4682   0.0000   0.0000   0.0000   0.2170
 -22.000  -0.5364   0.26304   0.25456   0.0010  1.0000  0.0681  -1.4019   0.0000   0.0000   0.0000   0.2145
 -21.500  -0.5200   0.25797   0.24951  -0.0015  1.0000  0.0712  -1.3701   0.0000   0.0000   0.0000   0.2104
 -21.000  -0.5061   0.25368   0.24523  -0.0046  1.0000  0.0745  -1.3729   0.0000   0.0000   0.0000   0.2047
 -20.500  -0.4974   0.25173   0.24333  -0.0086  1.0000  0.0756  -1.4176   0.0000   0.0000   0.0000   0.1973
 -20.000  -0.4794   0.24411   0.23576  -0.0104  1.0000  0.0765  -1.3912   0.0000   0.0000   0.0000   0.1932
 -19.500  -0.4602   0.23739   0.22908  -0.0117  1.0000  0.0785  -1.3466   0.0000   0.0000   0.0000   0.1897
 -19.000  -0.4442   0.23211   0.22384  -0.0136  1.0000  0.0810  -1.3325   0.0000   0.0000   0.0000   0.1848
 -18.500  -0.4302   0.22716   0.21894  -0.0158  1.0000  0.0840  -1.3381   0.0000   0.0000   0.0000   0.1790
 -18.000  -0.4210   0.22354   0.21537  -0.0189  1.0000  0.0860  -1.3832   0.0000   0.0000   0.0000   0.1716
 -17.500  -0.4108   0.21886   0.21075  -0.0213  1.0000  0.0868  -1.4122   0.0000   0.0000   0.0000   0.1651
 -17.000  -0.3890   0.21109   0.20302  -0.0215  1.0000  0.0891  -1.3421   0.0000   0.0000   0.0000   0.1616
 -16.500  -0.3742   0.20575   0.19774  -0.0227  1.0000  0.0924  -1.3234   0.0000   0.0000   0.0000   0.1563
 -15.000  -0.3388   0.18955   0.18176  -0.0268  1.0000  0.1003  -1.3328   0.0000   0.0000   0.0000   0.1390
 -14.500  -0.3280   0.18439   0.17668  -0.0278  1.0000  0.1053  -1.3336   0.0000   0.0000   0.0000   0.1339
 -14.000  -0.3296   0.18045   0.17285  -0.0301  1.0000  0.1081  -1.4151   0.0000   0.0000   0.0000   0.1285
 -13.500  -0.3079   0.17317   0.16560  -0.0290  1.0000  0.1141  -1.3757   0.0000   0.0000   0.0000   0.1252
 -13.000  -0.3019   0.16782   0.16034  -0.0297  1.0000  0.1214  -1.4316   0.0000   0.0000   0.0000   0.1219
 -12.500  -0.2942   0.16274   0.15535  -0.0296  1.0000  0.1323  -1.4580   0.0000   0.0000   0.0000   0.1201
 -12.000  -0.2855   0.15781   0.15050  -0.0292  1.0000  0.1442  -1.4601   0.0000   0.0000   0.0000   0.1194
 -11.500  -0.2876   0.15401   0.14679  -0.0296  1.0000  0.1505  -1.5023   0.0000   0.0000   0.0000   0.1201
 -11.000  -0.2776   0.14803   0.14088  -0.0288  1.0000  0.1534  -1.4804   0.0000   0.0000   0.0000   0.1199
 -10.500  -0.2705   0.14326   0.13620  -0.0278  1.0000  0.1591  -1.4531   0.0000   0.0000   0.0000   0.1219
 -10.000  -0.2841   0.14004   0.13311  -0.0279  1.0000  0.1626  -1.5070   0.0000   0.0000   0.0000   0.1288
  -9.500  -0.2657   0.13396   0.12711  -0.0255  1.0000  0.1670  -1.4188   0.0000   0.0000   0.0000   0.1311
  -9.000  -0.2784   0.13081   0.12410  -0.0246  1.0000  0.1725  -1.4461   0.0000   0.0000   0.0000   0.1411
  -8.500  -0.2743   0.12576   0.11914  -0.0224  1.0000  0.1755  -1.4038   0.0000   0.0000   0.0000   0.1489
  -8.000  -0.2863   0.12280   0.11632  -0.0203  1.0000  0.1834  -1.4055   0.0000   0.0000   0.0000   0.1619
  -7.500  -0.2815   0.11823   0.11189  -0.0171  1.0000  0.1886  -1.3445   0.0000   0.0000   0.0000   0.1729
  -7.000  -0.3096   0.11596   0.10980  -0.0147  1.0000  0.1946  -1.3881   0.0000   0.0000   0.0000   0.1889
  -6.500  -0.3185   0.11188   0.10589  -0.0114  1.0000  0.1967  -1.3668   0.0000   0.0000   0.0000   0.2018
  -5.500  -0.3850   0.09562   0.08977  -0.0192  0.9928  0.1410  -1.6949   0.0000   0.0000   0.0000   0.1904
  -5.000  -0.3510   0.08058   0.07455  -0.0400  0.9747  0.1285  -1.8929   0.0000   0.0000   0.0000   0.1252
  -4.500  -0.2913   0.05971   0.05304  -0.0716  0.9578  0.1305  -2.1643   0.0000   0.0000   0.0000  -0.0089
  -4.000  -0.2113   0.05355   0.04652  -0.0842  0.9412  0.1445  -2.0550   0.0000   0.0000   0.0000  -0.1645
  -3.500  -0.1239   0.04646   0.03865  -0.0982  0.9234  0.1642  -1.9653   0.0000   0.0000   0.0000  -0.5673
  -3.000  -0.0364   0.04230   0.03376  -0.1076  0.9053  0.1834  -1.8386   0.0000   0.0000   0.0000  -2.7822
  -2.500   0.0445   0.04018   0.03142  -0.1130  0.8857  0.2008  -1.6731   0.0000   0.0000   0.0000   2.8340
  -2.000   0.1270   0.03820   0.02914  -0.1181  0.8653  0.2219  -1.5008   0.0000   0.0000   0.0000   1.1925
  -1.500   0.2071   0.03643   0.02713  -0.1220  0.8437  0.2435  -1.3262   0.0000   0.0000   0.0000   0.8442
  -1.000   0.2852   0.03483   0.02538  -0.1250  0.8213  0.2670  -1.1515   0.0000   0.0000   0.0000   0.6899
  -0.500   0.3624   0.03335   0.02389  -0.1272  0.7987  0.2976  -0.9744   0.0000   0.0000   0.0000   0.6005
   0.000   0.4417   0.03164   0.02219  -0.1291  0.7765  0.3327  -0.8996   0.0000   0.0000   0.0000   0.5403
   0.500   0.5237   0.02985   0.02047  -0.1310  0.7532  0.3765  -0.9919   0.0000   0.0000   0.0000   0.4971
   1.000   0.6124   0.02800   0.01875  -0.1337  0.7287  0.4404  -1.0946   0.0000   0.0000   0.0000   0.4643
   1.500   0.6935   0.02665   0.01758  -0.1354  0.6983  0.5207  -1.2004   0.0000   0.0000   0.0000   0.4404
   2.000   0.7707   0.02553   0.01675  -0.1363  0.6651  0.6342  -1.3053   0.0000   0.0000   0.0000   0.4213
   2.500   0.8197   0.02448   0.01619  -0.1315  0.6315  0.8285  -1.3910   0.0000   0.0000   0.0000   0.4042
   3.000   0.8940   0.02452   0.01570  -0.1337  0.5932  1.0000  -1.5056   0.0000   0.0000   0.0000   0.3926
   3.500   0.9560   0.02526   0.01596  -0.1338  0.5563  1.0000  -1.6100   0.0000   0.0000   0.0000   0.3822
   4.000   1.0134   0.02617   0.01646  -0.1330  0.5220  1.0000  -1.7112   0.0000   0.0000   0.0000   0.3729
   4.500   1.0652   0.02728   0.01726  -0.1314  0.4902  1.0000  -1.8071   0.0000   0.0000   0.0000   0.3643
   5.000   1.1149   0.02853   0.01822  -0.1296  0.4611  1.0000  -1.9024   0.0000   0.0000   0.0000   0.3564
   5.500   1.1628   0.02989   0.01934  -0.1276  0.4345  1.0000  -2.0100   0.0000   0.0000   0.0000   0.3492
   6.000   1.2116   0.03132   0.02056  -0.1257  0.4104  1.0000  -2.1202   0.0000   0.0000   0.0000   0.3425
   6.500   1.2558   0.03293   0.02202  -0.1233  0.3883  1.0000  -2.2245   0.0000   0.0000   0.0000   0.3361
   7.000   1.2933   0.03479   0.02385  -0.1199  0.3682  1.0000  -2.3191   0.0000   0.0000   0.0000   0.3300
   7.500   1.3284   0.03680   0.02585  -0.1164  0.3499  1.0000  -2.4170   0.0000   0.0000   0.0000   0.3241
   8.000   1.3718   0.03860   0.02759  -0.1140  0.3330  1.0000  -2.5324   0.0000   0.0000   0.0000   0.3188
   8.500   1.3917   0.04110   0.03026  -0.1086  0.3180  1.0000  -2.6094   0.0000   0.0000   0.0000   0.3129
   9.000   1.4168   0.04377   0.03302  -0.1041  0.3051  1.0000  -2.7018   0.0000   0.0000   0.0000   0.3076
   9.500   1.4365   0.04672   0.03611  -0.0993  0.2935  1.0000  -2.7863   0.0000   0.0000   0.0000   0.3025
  10.000   1.4455   0.05012   0.03969  -0.0936  0.2827  1.0000  -2.8525   0.0000   0.0000   0.0000   0.2973
  10.500   1.4403   0.05437   0.04420  -0.0872  0.2731  1.0000  -2.8916   0.0000   0.0000   0.0000   0.2922
  11.000   1.4256   0.05966   0.04976  -0.0812  0.2647  1.0000  -2.9093   0.0000   0.0000   0.0000   0.2878
  11.500   1.4236   0.06465   0.05499  -0.0772  0.2564  1.0000  -2.9490   0.0000   0.0000   0.0000   0.2842
  13.000   1.0043   0.14862   0.14019  -0.1046  0.2257  1.0000  -1.8408   0.0000   0.0000   0.0000   0.3337
  13.500   0.9856   0.16111   0.15276  -0.1111  0.2198  1.0000  -1.7379   0.0000   0.0000   0.0000   0.3419
  14.000   0.9906   0.16984   0.16154  -0.1149  0.2164  1.0000  -1.7290   0.0000   0.0000   0.0000   0.3446
  15.000   0.9966   0.18675   0.17854  -0.1237  0.2097  1.0000  -1.6996   0.0000   0.0000   0.0000   0.3513
  15.500   1.0114   0.19513   0.18699  -0.1271  0.2131  1.0000  -1.7099   0.0000   0.0000   0.0000   0.3522
  17.000   1.0345   0.22230   0.21438  -0.1423  0.2353  1.0000  -1.6082   0.0000   0.0000   0.0000   0.3620
  17.500   1.0517   0.22778   0.21990  -0.1449  0.2248  1.0000  -1.6283   0.0000   0.0000   0.0000   0.3611
  18.500   1.0716   0.23876   0.23100  -0.1531  0.2124  1.0000  -1.5853   0.0000   0.0000   0.0000   0.3642
  19.000   1.0889   0.24422   0.23652  -0.1561  0.2044  1.0000  -1.5892   0.0000   0.0000   0.0000   0.3636
  19.500   1.0993   0.24920   0.24153  -0.1603  0.1961  1.0000  -1.6038   0.0000   0.0000   0.0000   0.3651
  20.000   1.1171   0.25520   0.24757  -0.1634  0.1906  1.0000  -1.6704   0.0000   0.0000   0.0000   0.3643


