xflr5 v6.61

 Calculated polar for: E63_15_00

 1 1 Reynolds number fixed          Mach number fixed         

 xtrf =   1.000 (top)        1.000 (bottom)
 Mach =   0.200     Re =     0.125 e 6     Ncrit =   9.000

  alpha     CL        CD       CDp       Cm    Top Xtr Bot Xtr   Cpmin    Chinge    XCp    
 ------- -------- --------- --------- -------- ------- ------- -------- --------- ---------
 -20.000  -0.4776   0.23999   0.23422  -0.0074  1.0000  0.0518  -1.3570   0.0000   0.0000   0.0000   0.1992
 -19.500  -0.4635   0.23486   0.22912  -0.0102  1.0000  0.0543  -1.3579   0.0000   0.0000   0.0000   0.1932
 -19.000  -0.4569   0.23191   0.22620  -0.0145  1.0000  0.0556  -1.4703   0.0000   0.0000   0.0000   0.1842
 -18.500  -0.4440   0.22545   0.21980  -0.0168  1.0000  0.0562  -1.4952   0.0000   0.0000   0.0000   0.1786
 -18.000  -0.4212   0.21829   0.21266  -0.0166  1.0000  0.0579  -1.3866   0.0000   0.0000   0.0000   0.1770
 -17.500  -0.4054   0.21316   0.20756  -0.0179  1.0000  0.0601  -1.3537   0.0000   0.0000   0.0000   0.1725
 -17.000  -0.3916   0.20791   0.20234  -0.0196  1.0000  0.0625  -1.3485   0.0000   0.0000   0.0000   0.1669
 -16.500  -0.3829   0.20314   0.19761  -0.0223  1.0000  0.0651  -1.4009   0.0000   0.0000   0.0000   0.1592
 -16.000  -0.3869   0.20070   0.19524  -0.0264  1.0000  0.0658  -1.5302   0.0000   0.0000   0.0000   0.1507
 -15.500  -0.3619   0.19144   0.18603  -0.0255  1.0000  0.0667  -1.4300   0.0000   0.0000   0.0000   0.1478
 -15.000  -0.3441   0.18576   0.18040  -0.0253  1.0000  0.0685  -1.3561   0.0000   0.0000   0.0000   0.1449
 -14.500  -0.3316   0.18055   0.17525  -0.0259  1.0000  0.0712  -1.3305   0.0000   0.0000   0.0000   0.1406
 -14.000  -0.3295   0.17579   0.17054  -0.0283  1.0000  0.0751  -1.3996   0.0000   0.0000   0.0000   0.1340
 -13.500  -0.3350   0.17070   0.16554  -0.0308  1.0000  0.0761  -1.5082   0.0000   0.0000   0.0000   0.1293
 -13.000  -0.3078   0.16353   0.15840  -0.0283  1.0000  0.0785  -1.3757   0.0000   0.0000   0.0000   0.1286
 -12.500  -0.2998   0.15835   0.15327  -0.0283  1.0000  0.0838  -1.4055   0.0000   0.0000   0.0000   0.1267
 -12.000  -0.3044   0.15204   0.14705  -0.0298  1.0000  0.0877  -1.5537   0.0000   0.0000   0.0000   0.1249
 -11.500  -0.2972   0.14720   0.14226  -0.0290  1.0000  0.0959  -1.5818   0.0000   0.0000   0.0000   0.1259
 -11.000  -0.2982   0.14130   0.13642  -0.0290  1.0000  0.0985  -1.6430   0.0000   0.0000   0.0000   0.1275
 -10.500  -0.2862   0.13667   0.13184  -0.0270  1.0000  0.1019  -1.5800   0.0000   0.0000   0.0000   0.1310
 -10.000  -0.2902   0.13224   0.12748  -0.0266  1.0000  0.1060  -1.6026   0.0000   0.0000   0.0000   0.1352
  -9.750  -0.3091   0.13053   0.12583  -0.0278  1.0000  0.1073  -1.6986   0.0000   0.0000   0.0000   0.1388
  -9.500  -0.3279   0.12853   0.12389  -0.0288  1.0000  0.1077  -1.7892   0.0000   0.0000   0.0000   0.1426
  -9.250  -0.3217   0.12535   0.12075  -0.0273  1.0000  0.1082  -1.7483   0.0000   0.0000   0.0000   0.1457
  -9.000  -0.2982   0.12280   0.11822  -0.0241  1.0000  0.1098  -1.6071   0.0000   0.0000   0.0000   0.1491
  -8.750  -0.2914   0.12132   0.11678  -0.0222  1.0000  0.1129  -1.5435   0.0000   0.0000   0.0000   0.1542
  -8.500  -0.2981   0.11961   0.11513  -0.0216  1.0000  0.1164  -1.5543   0.0000   0.0000   0.0000   0.1592
  -8.250  -0.3197   0.11788   0.11347  -0.0220  1.0000  0.1180  -1.6384   0.0000   0.0000   0.0000   0.1644
  -8.000  -0.3413   0.11592   0.11157  -0.0222  1.0000  0.1184  -1.7185   0.0000   0.0000   0.0000   0.1697
  -7.750  -0.3108   0.11377   0.10942  -0.0181  1.0000  0.1218  -1.5373   0.0000   0.0000   0.0000   0.1760
  -7.500  -0.3120   0.11243   0.10814  -0.0164  1.0000  0.1252  -1.5071   0.0000   0.0000   0.0000   0.1824
  -7.000  -0.4190   0.09376   0.08951  -0.0258  0.9970  0.0863  -2.2231   0.0000   0.0000   0.0000   0.1754
  -6.750  -0.4101   0.08803   0.08375  -0.0329  0.9892  0.0863  -2.2618   0.0000   0.0000   0.0000   0.1566
  -6.500  -0.3744   0.08893   0.08468  -0.0362  0.9818  0.0968  -2.0580   0.0000   0.0000   0.0000   0.1401
  -6.250  -0.4179   0.04362   0.03814  -0.0900  0.9715  0.0831  -3.1559   0.0000   0.0000   0.0000   0.0196
  -6.000  -0.3468   0.07678   0.07248  -0.0511  0.9645  0.0963  -2.1074   0.0000   0.0000   0.0000   0.0889
  -5.750  -0.3400   0.04043   0.03459  -0.0990  0.9574  0.0927  -2.9333   0.0000   0.0000   0.0000  -0.0578
  -5.500  -0.3064   0.05996   0.05545  -0.0752  0.9466  0.0998  -2.2957   0.0000   0.0000   0.0000  -0.0104
  -5.250  -0.2578   0.03673   0.03036  -0.1080  0.9441  0.1046  -2.7404   0.0000   0.0000   0.0000  -0.1886
  -5.000  -0.2159   0.03462   0.02787  -0.1122  0.9377  0.1106  -2.6593   0.0000   0.0000   0.0000  -0.2922
  -4.750  -0.1685   0.03259   0.02527  -0.1170  0.9322  0.1188  -2.5805   0.0000   0.0000   0.0000  -0.4713
  -4.500  -0.1330   0.03221   0.02510  -0.1182  0.9239  0.1235  -2.4524   0.0000   0.0000   0.0000  -0.6708
  -4.250  -0.0902   0.03097   0.02356  -0.1213  0.9174  0.1314  -2.3487   0.0000   0.0000   0.0000  -1.1381
  -4.000  -0.0456   0.03019   0.02255  -0.1242  0.9112  0.1399  -2.2270   0.0000   0.0000   0.0000  -2.5566
  -3.750  -0.0101   0.02996   0.02249  -0.1253  0.9024  0.1471  -2.0982   0.0000   0.0000   0.0000  -12.4762
  -3.500   0.0285   0.02945   0.02193  -0.1270  0.8943  0.1559  -1.9805   0.0000   0.0000   0.0000   4.8174
  -3.250   0.0765   0.02866   0.02105  -0.1302  0.8894  0.1658  -1.8646   0.0000   0.0000   0.0000   1.9873
  -3.000   0.1136   0.02801   0.02030  -0.1314  0.8803  0.1750  -1.7677   0.0000   0.0000   0.0000   1.4287
  -2.750   0.1522   0.02731   0.01945  -0.1329  0.8716  0.1841  -1.6714   0.0000   0.0000   0.0000   1.1372
  -2.500   0.2016   0.02625   0.01846  -0.1359  0.8677  0.1921  -1.5538   0.0000   0.0000   0.0000   0.9335
  -2.250   0.2381   0.02546   0.01763  -0.1368  0.8585  0.1997  -1.4605   0.0000   0.0000   0.0000   0.8311
  -2.000   0.2761   0.02469   0.01681  -0.1379  0.8497  0.2092  -1.3647   0.0000   0.0000   0.0000   0.7539
  -1.750   0.3185   0.02374   0.01583  -0.1395  0.8428  0.2193  -1.2636   0.0000   0.0000   0.0000   0.6911
  -1.500   0.3647   0.02264   0.01473  -0.1417  0.8371  0.2304  -1.1577   0.0000   0.0000   0.0000   0.6404
  -1.250   0.4048   0.02178   0.01390  -0.1429  0.8280  0.2423  -1.0611   0.0000   0.0000   0.0000   0.6038
  -1.000   0.4483   0.02083   0.01298  -0.1447  0.8192  0.2555  -0.9618   0.0000   0.0000   0.0000   0.5726
  -0.750   0.4959   0.01985   0.01196  -0.1472  0.8103  0.2717  -0.9154   0.0000   0.0000   0.0000   0.5459
  -0.500   0.5424   0.01902   0.01123  -0.1495  0.7992  0.2892  -0.9645   0.0000   0.0000   0.0000   0.5242
  -0.250   0.5894   0.01833   0.01058  -0.1521  0.7860  0.3099  -1.0159   0.0000   0.0000   0.0000   0.5061
   0.000   0.6411   0.01768   0.00995  -0.1557  0.7717  0.3323  -1.0720   0.0000   0.0000   0.0000   0.4903
   0.250   0.6803   0.01731   0.00960  -0.1570  0.7529  0.3536  -1.1187   0.0000   0.0000   0.0000   0.4778
   0.500   0.7194   0.01701   0.00931  -0.1582  0.7333  0.3786  -1.1681   0.0000   0.0000   0.0000   0.4666
   0.750   0.7558   0.01681   0.00910  -0.1591  0.7127  0.4056  -1.2182   0.0000   0.0000   0.0000   0.4566
   1.000   0.7889   0.01671   0.00898  -0.1593  0.6912  0.4362  -1.2658   0.0000   0.0000   0.0000   0.4477
   1.250   0.8183   0.01668   0.00897  -0.1588  0.6693  0.4701  -1.3106   0.0000   0.0000   0.0000   0.4394
   1.500   0.8454   0.01670   0.00902  -0.1578  0.6476  0.5089  -1.3537   0.0000   0.0000   0.0000   0.4317
   1.750   0.8711   0.01675   0.00911  -0.1566  0.6263  0.5540  -1.3964   0.0000   0.0000   0.0000   0.4245
   2.000   0.8953   0.01681   0.00923  -0.1551  0.6058  0.6061  -1.4426   0.0000   0.0000   0.0000   0.4175
   2.250   0.9178   0.01689   0.00938  -0.1532  0.5859  0.6686  -1.4876   0.0000   0.0000   0.0000   0.4108
   2.500   0.9357   0.01693   0.00955  -0.1503  0.5667  0.7468  -1.5280   0.0000   0.0000   0.0000   0.4042
   2.750   0.9512   0.01668   0.00953  -0.1465  0.5494  0.9196  -1.5668   0.0000   0.0000   0.0000   0.3972
   3.000   0.9797   0.01701   0.00958  -0.1464  0.5308  1.0000  -1.6177   0.0000   0.0000   0.0000   0.3922
   3.250   1.0036   0.01742   0.00980  -0.1453  0.5125  1.0000  -1.6641   0.0000   0.0000   0.0000   0.3872
   3.500   1.0287   0.01785   0.01001  -0.1444  0.4958  1.0000  -1.7123   0.0000   0.0000   0.0000   0.3824
   3.750   1.0517   0.01828   0.01028  -0.1431  0.4793  1.0000  -1.7586   0.0000   0.0000   0.0000   0.3777
   4.000   1.0765   0.01875   0.01055  -0.1421  0.4643  1.0000  -1.8071   0.0000   0.0000   0.0000   0.3734
   4.250   1.0980   0.01920   0.01089  -0.1405  0.4489  1.0000  -1.8520   0.0000   0.0000   0.0000   0.3690
   4.500   1.1209   0.01968   0.01122  -0.1392  0.4347  1.0000  -1.8990   0.0000   0.0000   0.0000   0.3649
   4.750   1.1448   0.02018   0.01155  -0.1381  0.4215  1.0000  -1.9472   0.0000   0.0000   0.0000   0.3609
   5.000   1.1671   0.02069   0.01195  -0.1368  0.4086  1.0000  -1.9991   0.0000   0.0000   0.0000   0.3571
   5.250   1.1891   0.02122   0.01239  -0.1353  0.3962  1.0000  -2.0526   0.0000   0.0000   0.0000   0.3534
   5.500   1.2113   0.02176   0.01287  -0.1340  0.3846  1.0000  -2.1065   0.0000   0.0000   0.0000   0.3498
   5.750   1.2328   0.02231   0.01332  -0.1325  0.3732  1.0000  -2.1602   0.0000   0.0000   0.0000   0.3463
   6.000   1.2537   0.02285   0.01377  -0.1309  0.3624  1.0000  -2.2134   0.0000   0.0000   0.0000   0.3429
   6.250   1.2745   0.02341   0.01424  -0.1294  0.3521  1.0000  -2.2668   0.0000   0.0000   0.0000   0.3396
   6.500   1.2963   0.02399   0.01473  -0.1280  0.3425  1.0000  -2.3217   0.0000   0.0000   0.0000   0.3364
   6.750   1.3202   0.02462   0.01524  -0.1270  0.3335  1.0000  -2.3794   0.0000   0.0000   0.0000   0.3335
   7.000   1.3385   0.02524   0.01588  -0.1251  0.3247  1.0000  -2.4290   0.0000   0.0000   0.0000   0.3304
   7.250   1.3585   0.02592   0.01660  -0.1234  0.3165  1.0000  -2.4848   0.0000   0.0000   0.0000   0.3274
   7.500   1.3815   0.02662   0.01723  -0.1224  0.3089  1.0000  -2.5460   0.0000   0.0000   0.0000   0.3248
   7.750   1.4049   0.02731   0.01783  -0.1214  0.3015  1.0000  -2.6086   0.0000   0.0000   0.0000   0.3222
   8.000   1.4207   0.02804   0.01862  -0.1191  0.2941  1.0000  -2.6594   0.0000   0.0000   0.0000   0.3192
   8.250   1.4424   0.02877   0.01930  -0.1179  0.2873  1.0000  -2.7199   0.0000   0.0000   0.0000   0.3167
   8.500   1.4617   0.02948   0.01997  -0.1162  0.2805  1.0000  -2.7821   0.0000   0.0000   0.0000   0.3141
   8.750   1.4767   0.03028   0.02084  -0.1139  0.2739  1.0000  -2.8373   0.0000   0.0000   0.0000   0.3113
   9.000   1.5042   0.03102   0.02141  -0.1137  0.2679  1.0000  -2.9143   0.0000   0.0000   0.0000   0.3093
   9.250   1.5116   0.03190   0.02246  -0.1102  0.2619  1.0000  -2.9571   0.0000   0.0000   0.0000   0.3063
   9.500   1.5378   0.03270   0.02313  -0.1098  0.2565  1.0000  -3.0323   0.0000   0.0000   0.0000   0.3043
   9.750   1.5461   0.03368   0.02429  -0.1066  0.2512  1.0000  -3.0760   0.0000   0.0000   0.0000   0.3015
  10.000   1.5779   0.03451   0.02499  -0.1071  0.2462  1.0000  -3.1608   0.0000   0.0000   0.0000   0.3000
  10.250   1.5799   0.03566   0.02640  -0.1031  0.2416  1.0000  -3.1929   0.0000   0.0000   0.0000   0.2969
  10.500   1.6016   0.03654   0.02722  -0.1021  0.2370  1.0000  -3.2613   0.0000   0.0000   0.0000   0.2949
  10.750   1.6122   0.03771   0.02850  -0.0996  0.2326  1.0000  -3.3089   0.0000   0.0000   0.0000   0.2925
  11.000   1.6218   0.03880   0.02969  -0.0969  0.2282  1.0000  -3.3559   0.0000   0.0000   0.0000   0.2901
  11.250   1.6485   0.03972   0.03050  -0.0967  0.2239  1.0000  -3.4410   0.0000   0.0000   0.0000   0.2885
  11.500   1.6437   0.04125   0.03230  -0.0923  0.2203  1.0000  -3.4728   0.0000   0.0000   0.0000   0.2856
  11.750   1.6572   0.04236   0.03344  -0.0904  0.2164  1.0000  -3.5487   0.0000   0.0000   0.0000   0.2835
  12.000   1.6747   0.04349   0.03458  -0.0891  0.2126  1.0000  -3.6338   0.0000   0.0000   0.0000   0.2817
  12.250   1.6657   0.04529   0.03664  -0.0848  0.2091  1.0000  -3.6597   0.0000   0.0000   0.0000   0.2789
  12.500   1.6781   0.04628   0.03763  -0.0829  0.2051  1.0000  -3.7368   0.0000   0.0000   0.0000   0.2769
  12.750   1.6848   0.04769   0.03908  -0.0806  0.2014  1.0000  -3.8001   0.0000   0.0000   0.0000   0.2749
  13.000   1.6723   0.04989   0.04154  -0.0768  0.1981  1.0000  -3.8170   0.0000   0.0000   0.0000   0.2724
  13.250   1.6833   0.05096   0.04259  -0.0751  0.1942  1.0000  -3.8925   0.0000   0.0000   0.0000   0.2706
  13.500   1.6894   0.05256   0.04423  -0.0732  0.1909  1.0000  -3.9542   0.0000   0.0000   0.0000   0.2688
  13.750   1.6699   0.05565   0.04762  -0.0699  0.1883  1.0000  -3.9506   0.0000   0.0000   0.0000   0.2668
  14.000   1.6656   0.05794   0.05004  -0.0678  0.1853  1.0000  -3.9853   0.0000   0.0000   0.0000   0.2651
  14.250   1.6992   0.05785   0.04976  -0.0677  0.1813  1.0000  -4.1187   0.0000   0.0000   0.0000   0.2637
  14.500   1.6663   0.06235   0.05464  -0.0648  0.1796  1.0000  -4.0764   0.0000   0.0000   0.0000   0.2622
  14.750   1.6376   0.06709   0.05971  -0.0631  0.1776  1.0000  -4.0415   0.0000   0.0000   0.0000   0.2613
  15.000   1.6175   0.07144   0.06427  -0.0622  0.1753  1.0000  -4.0279   0.0000   0.0000   0.0000   0.2606
  15.500   1.6235   0.07606   0.06895  -0.0610  0.1696  1.0000  -4.1287   0.0000   0.0000   0.0000   0.2586
  17.500   1.0577   0.22019   0.21475  -0.1439  0.1740  1.0000  -1.6973   0.0000   0.0000   0.0000   0.3589
  18.000   1.0697   0.22643   0.22105  -0.1477  0.1667  1.0000  -1.6820   0.0000   0.0000   0.0000   0.3599
  20.000   0.8735   0.24198   0.23791  -0.1344  0.1389  1.0000  -1.2504   0.0000   0.0000   0.0000   0.3770


