xflr5 v6.61

 Calculated polar for: E63_10_00

 1 1 Reynolds number fixed          Mach number fixed         

 xtrf =   1.000 (top)        1.000 (bottom)
 Mach =   0.200     Re =     0.080 e 6     Ncrit =   9.000

  alpha     CL        CD       CDp       Cm    Top Xtr Bot Xtr   Cpmin    Chinge    XCp    
 ------- -------- --------- --------- -------- ------- ------- -------- --------- ---------
 -19.000  -0.5255   0.23557   0.22871  -0.0044  1.0000  0.0471  -1.3791   0.0000   0.0000   0.0000   0.2238
 -18.500  -0.5089   0.22922   0.22238  -0.0060  1.0000  0.0486  -1.3205   0.0000   0.0000   0.0000   0.2207
 -18.000  -0.4936   0.22370   0.21688  -0.0081  1.0000  0.0504  -1.2860   0.0000   0.0000   0.0000   0.2165
 -17.500  -0.4790   0.21833   0.21151  -0.0103  1.0000  0.0526  -1.2643   0.0000   0.0000   0.0000   0.2118
 -17.000  -0.4665   0.21395   0.20717  -0.0131  1.0000  0.0550  -1.2889   0.0000   0.0000   0.0000   0.2056
 -16.500  -0.4631   0.21351   0.20681  -0.0172  1.0000  0.0558  -1.4046   0.0000   0.0000   0.0000   0.1974
 -16.000  -0.4395   0.20218   0.19551  -0.0168  1.0000  0.0573  -1.3138   0.0000   0.0000   0.0000   0.1961
 -15.500  -0.4242   0.19616   0.18953  -0.0178  1.0000  0.0597  -1.2868   0.0000   0.0000   0.0000   0.1926
 -15.000  -0.4111   0.19073   0.18415  -0.0193  1.0000  0.0624  -1.2917   0.0000   0.0000   0.0000   0.1880
 -14.500  -0.4019   0.18640   0.17987  -0.0216  1.0000  0.0650  -1.3420   0.0000   0.0000   0.0000   0.1816
 -14.000  -0.4038   0.18531   0.17888  -0.0250  1.0000  0.0658  -1.4606   0.0000   0.0000   0.0000   0.1743
 -13.500  -0.3776   0.17420   0.16777  -0.0236  1.0000  0.0678  -1.3447   0.0000   0.0000   0.0000   0.1734
 -13.000  -0.3648   0.16848   0.16210  -0.0241  1.0000  0.0709  -1.3224   0.0000   0.0000   0.0000   0.1702
 -12.500  -0.3573   0.16379   0.15748  -0.0255  1.0000  0.0744  -1.3516   0.0000   0.0000   0.0000   0.1653
 -12.000  -0.3672   0.16306   0.15687  -0.0287  1.0000  0.0757  -1.4860   0.0000   0.0000   0.0000   0.1598
 -11.500  -0.3388   0.15217   0.14602  -0.0264  1.0000  0.0784  -1.3510   0.0000   0.0000   0.0000   0.1595
 -11.000  -0.3291   0.14675   0.14067  -0.0263  1.0000  0.0823  -1.3312   0.0000   0.0000   0.0000   0.1577
 -10.500  -0.3325   0.14347   0.13750  -0.0279  1.0000  0.0859  -1.4037   0.0000   0.0000   0.0000   0.1546
 -10.000  -0.3195   0.13638   0.13050  -0.0267  1.0000  0.0889  -1.3542   0.0000   0.0000   0.0000   0.1551
  -9.750  -0.3142   0.13371   0.12788  -0.0261  1.0000  0.0922  -1.3279   0.0000   0.0000   0.0000   0.1559
  -9.500  -0.3155   0.13184   0.12607  -0.0264  1.0000  0.0954  -1.3480   0.0000   0.0000   0.0000   0.1559
  -9.250  -0.3276   0.13162   0.12593  -0.0275  1.0000  0.0968  -1.4259   0.0000   0.0000   0.0000   0.1563
  -9.000  -0.3185   0.12724   0.12160  -0.0264  1.0000  0.0982  -1.3860   0.0000   0.0000   0.0000   0.1574
  -8.750  -0.3094   0.12388   0.11823  -0.0250  1.0000  0.1007  -1.3339   0.0000   0.0000   0.0000   0.1595
  -8.500  -0.3077   0.12151   0.11592  -0.0243  1.0000  0.1032  -1.3245   0.0000   0.0000   0.0000   0.1615
  -8.250  -0.3117   0.11979   0.11426  -0.0241  1.0000  0.1060  -1.3486   0.0000   0.0000   0.0000   0.1636
  -8.000  -0.3276   0.11956   0.11414  -0.0246  1.0000  0.1074  -1.4280   0.0000   0.0000   0.0000   0.1670
  -7.500  -0.3148   0.11263   0.10731  -0.0217  1.0000  0.1106  -1.3863   0.0000   0.0000   0.0000   0.1733
  -7.250  -0.3140   0.11037   0.10511  -0.0203  1.0000  0.1131  -1.3810   0.0000   0.0000   0.0000   0.1777
  -7.000  -0.3197   0.10870   0.10351  -0.0193  1.0000  0.1159  -1.4022   0.0000   0.0000   0.0000   0.1827
  -6.750  -0.3379   0.10823   0.10315  -0.0182  1.0000  0.1179  -1.4644   0.0000   0.0000   0.0000   0.1897
  -6.500  -0.3638   0.10839   0.10345  -0.0166  1.0000  0.1185  -1.5421   0.0000   0.0000   0.0000   0.1988
  -6.250  -0.3513   0.10404   0.09914  -0.0146  1.0000  0.1200  -1.4949   0.0000   0.0000   0.0000   0.2029
  -6.000  -0.3471   0.10142   0.09656  -0.0124  1.0000  0.1225  -1.4639   0.0000   0.0000   0.0000   0.2089
  -5.750  -0.3540   0.09976   0.09497  -0.0106  1.0000  0.1250  -1.4722   0.0000   0.0000   0.0000   0.2152
  -5.500  -0.3653   0.09829   0.09360  -0.0114  1.0000  0.1283  -1.5215   0.0000   0.0000   0.0000   0.2142
  -5.250  -0.3735   0.09600   0.09140  -0.0156  1.0000  0.1299  -1.5987   0.0000   0.0000   0.0000   0.2040
  -5.000  -0.3678   0.09304   0.08848  -0.0111  1.0000  0.1317  -1.5394   0.0000   0.0000   0.0000   0.2157
  -4.750  -0.3652   0.09067   0.08616  -0.0100  1.0000  0.1347  -1.5216   0.0000   0.0000   0.0000   0.2186
  -4.500  -0.3598   0.08731   0.08283  -0.0215  1.0000  0.1405  -1.6266   0.0000   0.0000   0.0000   0.1864
  -4.250  -0.3575   0.08466   0.08024  -0.0164  1.0000  0.1420  -1.5705   0.0000   0.0000   0.0000   0.2005
  -4.000  -0.3515   0.08219   0.07781  -0.0152  1.0000  0.1452  -1.5403   0.0000   0.0000   0.0000   0.2032
  -3.750  -0.3321   0.07788   0.07348  -0.0250  1.0000  0.1522  -1.5869   0.0000   0.0000   0.0000   0.1711
  -3.500  -0.3257   0.07547   0.07112  -0.0227  1.0000  0.1548  -1.5448   0.0000   0.0000   0.0000   0.1768
  -3.250  -0.2358   0.05989   0.05496  -0.0574  1.0000  0.1185  -1.8553   0.0000   0.0000   0.0000   0.0015
  -3.000  -0.2322   0.05909   0.05431  -0.0527  1.0000  0.1215  -1.7574   0.0000   0.0000   0.0000   0.0181
  -2.750  -0.0556   0.03494   0.02781  -0.0989  1.0000  0.1000  -2.2575   0.0000   0.0000   0.0000  -1.5540
  -2.500  -0.0096   0.03237   0.02436  -0.1039  1.0000  0.1080  -2.2176   0.0000   0.0000   0.0000  -10.6561
  -2.250   0.0140   0.03232   0.02428  -0.1043  1.0000  0.1194  -2.0871   0.0000   0.0000   0.0000   7.7982
  -2.000   0.0315   0.03285   0.02502  -0.1036  1.0000  0.1324  -1.9433   0.0000   0.0000   0.0000   3.5675
  -1.750   0.0880   0.03245   0.02432  -0.1095  0.9921  0.1482  -1.7635   0.0000   0.0000   0.0000   1.5049
  -1.500   0.1821   0.02086   0.01274  -0.1182  0.9548  0.1733  -1.3958   0.0000   0.0000   0.0000   0.9022
  -1.250   0.1946   0.03112   0.02244  -0.1194  0.9755  0.1815  -1.4366   0.0000   0.0000   0.0000   0.8670
  -1.000   0.2417   0.03098   0.02233  -0.1233  0.9653  0.2114  -1.2580   0.0000   0.0000   0.0000   0.7619
  -0.750   0.2883   0.03080   0.02218  -0.1269  0.9547  0.2459  -1.0833   0.0000   0.0000   0.0000   0.6912
  -0.500   0.3354   0.03054   0.02193  -0.1304  0.9439  0.2830  -0.9603   0.0000   0.0000   0.0000   0.6393
  -0.250   0.3816   0.03023   0.02177  -0.1337  0.9329  0.3225  -0.8563   0.0000   0.0000   0.0000   0.6001
   0.000   0.4288   0.02988   0.02153  -0.1370  0.9219  0.3698  -0.7532   0.0000   0.0000   0.0000   0.5688
   0.250   0.4756   0.02943   0.02129  -0.1401  0.9109  0.4271  -0.6926   0.0000   0.0000   0.0000   0.5433
   0.500   0.5216   0.02884   0.02100  -0.1427  0.8998  0.5052  -0.7370   0.0000   0.0000   0.0000   0.5221
   0.750   0.5605   0.02810   0.02072  -0.1438  0.8869  0.6201  -0.7786   0.0000   0.0000   0.0000   0.5047
   1.000   0.5797   0.02666   0.02004  -0.1402  0.8722  1.0000  -0.8069   0.0000   0.0000   0.0000   0.4897
   1.250   0.6312   0.02627   0.01928  -0.1439  0.8597  1.0000  -0.8603   0.0000   0.0000   0.0000   0.4754
   1.500   0.6805   0.02568   0.01849  -0.1466  0.8476  1.0000  -0.9156   0.0000   0.0000   0.0000   0.4626
   1.750   0.7297   0.02489   0.01757  -0.1490  0.8359  1.0000  -0.9769   0.0000   0.0000   0.0000   0.4511
   2.000   0.7696   0.02429   0.01687  -0.1499  0.8205  1.0000  -1.0304   0.0000   0.0000   0.0000   0.4413
   2.250   0.8173   0.02332   0.01583  -0.1517  0.8075  1.0000  -1.0944   0.0000   0.0000   0.0000   0.4319
   2.500   0.8699   0.02219   0.01465  -0.1543  0.7945  1.0000  -1.1658   0.0000   0.0000   0.0000   0.4233
   2.750   0.9193   0.02127   0.01367  -0.1564  0.7773  1.0000  -1.2383   0.0000   0.0000   0.0000   0.4158
   3.000   0.9738   0.02033   0.01267  -0.1595  0.7577  1.0000  -1.3184   0.0000   0.0000   0.0000   0.4092
   3.250   1.0186   0.01981   0.01207  -0.1610  0.7322  1.0000  -1.3934   0.0000   0.0000   0.0000   0.4032
   3.500   1.0638   0.01945   0.01156  -0.1627  0.7042  1.0000  -1.4697   0.0000   0.0000   0.0000   0.3977
   3.750   1.1011   0.01944   0.01139  -0.1632  0.6731  1.0000  -1.5405   0.0000   0.0000   0.0000   0.3927
   4.000   1.1325   0.01968   0.01146  -0.1628  0.6409  1.0000  -1.6066   0.0000   0.0000   0.0000   0.3879
   4.250   1.1610   0.02005   0.01165  -0.1620  0.6089  1.0000  -1.6697   0.0000   0.0000   0.0000   0.3833
   4.500   1.1872   0.02054   0.01195  -0.1608  0.5777  1.0000  -1.7346   0.0000   0.0000   0.0000   0.3789
   4.750   1.2121   0.02111   0.01232  -0.1595  0.5479  1.0000  -1.7991   0.0000   0.0000   0.0000   0.3747
   5.000   1.2373   0.02173   0.01279  -0.1583  0.5200  1.0000  -1.8645   0.0000   0.0000   0.0000   0.3707
   5.250   1.2595   0.02243   0.01335  -0.1567  0.4932  1.0000  -1.9256   0.0000   0.0000   0.0000   0.3668
   5.500   1.2826   0.02316   0.01393  -0.1552  0.4683  1.0000  -1.9882   0.0000   0.0000   0.0000   0.3631
   5.750   1.3056   0.02394   0.01455  -0.1538  0.4452  1.0000  -2.0670   0.0000   0.0000   0.0000   0.3596
   6.000   1.3280   0.02474   0.01523  -0.1524  0.4233  1.0000  -2.1533   0.0000   0.0000   0.0000   0.3562
   6.250   1.3502   0.02559   0.01599  -0.1509  0.4029  1.0000  -2.2395   0.0000   0.0000   0.0000   0.3529
   6.500   1.3724   0.02648   0.01678  -0.1495  0.3839  1.0000  -2.3266   0.0000   0.0000   0.0000   0.3497
   6.750   1.3964   0.02738   0.01754  -0.1484  0.3664  1.0000  -2.4183   0.0000   0.0000   0.0000   0.3467
   7.000   1.4164   0.02834   0.01864  -0.1467  0.3494  1.0000  -2.5014   0.0000   0.0000   0.0000   0.3436
   7.250   1.4403   0.02931   0.01950  -0.1457  0.3341  1.0000  -2.5940   0.0000   0.0000   0.0000   0.3408
   7.500   1.4608   0.03037   0.02059  -0.1441  0.3195  1.0000  -2.6787   0.0000   0.0000   0.0000   0.3379
   7.750   1.4816   0.03144   0.02168  -0.1426  0.3056  1.0000  -2.7649   0.0000   0.0000   0.0000   0.3352
   8.000   1.5033   0.03253   0.02278  -0.1412  0.2929  1.0000  -2.8536   0.0000   0.0000   0.0000   0.3325
   8.250   1.5251   0.03369   0.02393  -0.1399  0.2810  1.0000  -2.9426   0.0000   0.0000   0.0000   0.3299
   8.500   1.5460   0.03487   0.02514  -0.1385  0.2696  1.0000  -3.0777   0.0000   0.0000   0.0000   0.3274
   8.750   1.5659   0.03614   0.02647  -0.1369  0.2590  1.0000  -3.2136   0.0000   0.0000   0.0000   0.3248
   9.000   1.5845   0.03755   0.02802  -0.1352  0.2493  1.0000  -3.3454   0.0000   0.0000   0.0000   0.3223
   9.250   1.6016   0.03894   0.02952  -0.1333  0.2397  1.0000  -3.4753   0.0000   0.0000   0.0000   0.3198
   9.500   1.6167   0.04020   0.03096  -0.1310  0.2297  1.0000  -3.6037   0.0000   0.0000   0.0000   0.3173
   9.750   1.6298   0.04136   0.03219  -0.1285  0.2197  1.0000  -3.7301   0.0000   0.0000   0.0000   0.3147
  10.000   1.6417   0.04246   0.03336  -0.1259  0.2100  1.0000  -3.8557   0.0000   0.0000   0.0000   0.3121
  10.250   1.6524   0.04347   0.03440  -0.1231  0.2005  1.0000  -3.9809   0.0000   0.0000   0.0000   0.3094
  10.500   1.6632   0.04440   0.03532  -0.1204  0.1913  1.0000  -4.1102   0.0000   0.0000   0.0000   0.3069
  10.750   1.6667   0.04559   0.03669  -0.1167  0.1833  1.0000  -4.2096   0.0000   0.0000   0.0000   0.3041
  11.000   1.6659   0.04711   0.03843  -0.1125  0.1765  1.0000  -4.2990   0.0000   0.0000   0.0000   0.3012
  11.250   1.6768   0.04832   0.03964  -0.1100  0.1695  1.0000  -4.4447   0.0000   0.0000   0.0000   0.2988
  11.500   1.6730   0.05023   0.04188  -0.1058  0.1640  1.0000  -4.5213   0.0000   0.0000   0.0000   0.2961
  11.750   1.6825   0.05198   0.04371  -0.1034  0.1585  1.0000  -4.6543   0.0000   0.0000   0.0000   0.2939
  12.000   1.6751   0.05437   0.04642  -0.0993  0.1539  1.0000  -4.7121   0.0000   0.0000   0.0000   0.2913
  12.250   1.6875   0.05613   0.04819  -0.0975  0.1485  1.0000  -4.8588   0.0000   0.0000   0.0000   0.2893
  12.500   1.6692   0.05932   0.05181  -0.0931  0.1452  1.0000  -4.8647   0.0000   0.0000   0.0000   0.2869
  12.750   1.6747   0.06139   0.05396  -0.0909  0.1404  1.0000  -4.9807   0.0000   0.0000   0.0000   0.2849
  13.000   1.6636   0.06469   0.05751  -0.0879  0.1371  1.0000  -5.0166   0.0000   0.0000   0.0000   0.2830
  13.250   1.6377   0.06908   0.06229  -0.0848  0.1349  1.0000  -4.9818   0.0000   0.0000   0.0000   0.2815
  13.500   1.6246   0.07271   0.06614  -0.0829  0.1315  1.0000  -5.0078   0.0000   0.0000   0.0000   0.2803
  13.750   1.6254   0.07533   0.06880  -0.0816  0.1271  1.0000  -5.1022   0.0000   0.0000   0.0000   0.2790
  14.000   1.5890   0.08176   0.07561  -0.0809  0.1262  1.0000  -5.0036   0.0000   0.0000   0.0000   0.2792
  14.250   1.5486   0.08953   0.08372  -0.0820  0.1259  1.0000  -4.8741   0.0000   0.0000   0.0000   0.2808
  14.500   1.5008   0.09945   0.09394  -0.0854  0.1264  1.0000  -4.6885   0.0000   0.0000   0.0000   0.2843
  14.750   1.4447   0.11244   0.10717  -0.0921  0.1276  1.0000  -4.4270   0.0000   0.0000   0.0000   0.2909
  16.000   1.2092   0.20337   0.19806  -0.1528  0.1391  1.0000  -2.5114   0.0000   0.0000   0.0000   0.3544
  18.000   1.2175   0.24531   0.24018  -0.1825  0.1417  1.0000  -2.0912   0.0000   0.0000   0.0000   0.3752
  18.500   1.2280   0.25311   0.24799  -0.1879  0.1337  1.0000  -2.0269   0.0000   0.0000   0.0000   0.3774
  19.000   1.2540   0.26234   0.25729  -0.1891  0.1280  1.0000  -2.0840   0.0000   0.0000   0.0000   0.3741
  19.500   1.2562   0.26757   0.26250  -0.1971  0.1214  1.0000  -1.9753   0.0000   0.0000   0.0000   0.3793
  20.000   1.2853   0.27805   0.27306  -0.1974  0.1177  1.0000  -2.0666   0.0000   0.0000   0.0000   0.3748


