xflr5 v6.61

 Calculated polar for: E63_7_00

 1 1 Reynolds number fixed          Mach number fixed         

 xtrf =   1.000 (top)        1.000 (bottom)
 Mach =   0.200     Re =     0.070 e 6     Ncrit =   7.000

  alpha     CL        CD       CDp       Cm    Top Xtr Bot Xtr   Cpmin    Chinge    XCp    
 ------- -------- --------- --------- -------- ------- ------- -------- --------- ---------
 -16.500  -0.4962   0.20899   0.20196  -0.0091  1.0000  0.0386  -1.2992   0.0000   0.0000   0.0000   0.2227
 -16.000  -0.4815   0.20292   0.19592  -0.0107  1.0000  0.0402  -1.2775   0.0000   0.0000   0.0000   0.2191
 -15.500  -0.4677   0.19728   0.19032  -0.0125  1.0000  0.0419  -1.2775   0.0000   0.0000   0.0000   0.2148
 -15.000  -0.4546   0.19188   0.18496  -0.0144  1.0000  0.0438  -1.2930   0.0000   0.0000   0.0000   0.2100
 -14.500  -0.4436   0.18748   0.18060  -0.0168  1.0000  0.0454  -1.3407   0.0000   0.0000   0.0000   0.2042
 -14.000  -0.4375   0.18489   0.17808  -0.0197  1.0000  0.0459  -1.4223   0.0000   0.0000   0.0000   0.1975
 -13.500  -0.4212   0.17621   0.16942  -0.0201  1.0000  0.0468  -1.3816   0.0000   0.0000   0.0000   0.1949
 -13.000  -0.4064   0.16917   0.16241  -0.0203  1.0000  0.0488  -1.3226   0.0000   0.0000   0.0000   0.1927
 -12.500  -0.3948   0.16352   0.15682  -0.0212  1.0000  0.0511  -1.3065   0.0000   0.0000   0.0000   0.1892
 -12.000  -0.3850   0.15828   0.15163  -0.0224  1.0000  0.0536  -1.3124   0.0000   0.0000   0.0000   0.1850
 -11.500  -0.3800   0.15451   0.14795  -0.0243  1.0000  0.0553  -1.3651   0.0000   0.0000   0.0000   0.1795
 -11.000  -0.3817   0.15221   0.14577  -0.0265  1.0000  0.0558  -1.4484   0.0000   0.0000   0.0000   0.1746
 -10.500  -0.3589   0.14178   0.13537  -0.0246  1.0000  0.0581  -1.3092   0.0000   0.0000   0.0000   0.1753
 -10.000  -0.3497   0.13630   0.12997  -0.0245  1.0000  0.0615  -1.2735   0.0000   0.0000   0.0000   0.1740
  -9.500  -0.3478   0.13246   0.12625  -0.0255  1.0000  0.0650  -1.3083   0.0000   0.0000   0.0000   0.1711
  -9.000  -0.3586   0.13104   0.12500  -0.0272  1.0000  0.0658  -1.4137   0.0000   0.0000   0.0000   0.1693
  -8.500  -0.3335   0.12120   0.11515  -0.0240  1.0000  0.0710  -1.2647   0.0000   0.0000   0.0000   0.1728
  -8.000  -0.3376   0.11798   0.11208  -0.0241  1.0000  0.0748  -1.3304   0.0000   0.0000   0.0000   0.1741
  -7.500  -0.3593   0.11726   0.11157  -0.0237  1.0000  0.0757  -1.4585   0.0000   0.0000   0.0000   0.1803
  -7.000  -0.3337   0.10778   0.10214  -0.0203  1.0000  0.0801  -1.3421   0.0000   0.0000   0.0000   0.1851
  -6.500  -0.3437   0.10454   0.09907  -0.0177  1.0000  0.0842  -1.3819   0.0000   0.0000   0.0000   0.1950
  -6.000  -0.3625   0.10286   0.09760  -0.0198  1.0000  0.0863  -1.5158   0.0000   0.0000   0.0000   0.1926
  -5.500  -0.3526   0.09587   0.09072  -0.0147  1.0000  0.0898  -1.4438   0.0000   0.0000   0.0000   0.2055
  -5.000  -0.3474   0.09129   0.08627  -0.0184  1.0000  0.0961  -1.4969   0.0000   0.0000   0.0000   0.1946
  -4.500  -0.3357   0.08525   0.08033  -0.0194  1.0000  0.0999  -1.4976   0.0000   0.0000   0.0000   0.1898
  -4.000  -0.3039   0.07866   0.07377  -0.0303  1.0000  0.1085  -1.5542   0.0000   0.0000   0.0000   0.1478
  -3.500  -0.2624   0.07160   0.06670  -0.0394  1.0000  0.1193  -1.5526   0.0000   0.0000   0.0000   0.0971
  -3.000  -0.2321   0.06126   0.05672  -0.0369  1.0000  0.1305  -1.4092   0.0000   0.0000   0.0000   0.0892
  -2.500  -0.0509   0.04617   0.04015  -0.0855  1.0000  0.0762  -1.8729   0.0000   0.0000   0.0000  -1.4430
  -2.000   0.0823   0.03465   0.02738  -0.1070  1.0000  0.0618  -1.9510   0.0000   0.0000   0.0000   1.5566
  -1.500   0.1907   0.02873   0.01982  -0.1185  1.0000  0.0647  -1.8971   0.0000   0.0000   0.0000   0.8742
  -1.000   0.2618   0.02663   0.01722  -0.1218  1.0000  0.0845  -1.7525   0.0000   0.0000   0.0000   0.7164
  -0.500   0.3445   0.02622   0.01691  -0.1278  0.9923  0.1755  -1.4048   0.0000   0.0000   0.0000   0.6214
   0.000   0.4380   0.02573   0.01703  -0.1356  0.9796  0.3992  -0.9501   0.0000   0.0000   0.0000   0.5591
   0.500   0.5058   0.02460   0.01696  -0.1372  0.9587  1.0000  -0.6392   0.0000   0.0000   0.0000   0.5202
   1.000   0.5900   0.02504   0.01685  -0.1427  0.9356  1.0000  -0.6725   0.0000   0.0000   0.0000   0.4903
   1.500   0.6746   0.02510   0.01663  -0.1477  0.9118  1.0000  -0.7608   0.0000   0.0000   0.0000   0.4668
   2.000   0.7540   0.02484   0.01625  -0.1512  0.8849  1.0000  -0.8611   0.0000   0.0000   0.0000   0.4479
   2.500   0.8382   0.02402   0.01543  -0.1547  0.8581  1.0000  -0.9825   0.0000   0.0000   0.0000   0.4314
   3.000   0.9173   0.02289   0.01438  -0.1565  0.8275  1.0000  -1.1132   0.0000   0.0000   0.0000   0.4170
   3.500   1.0031   0.02139   0.01305  -0.1589  0.7926  1.0000  -1.2716   0.0000   0.0000   0.0000   0.4042
   4.000   1.0861   0.02029   0.01205  -0.1609  0.7395  1.0000  -1.4599   0.0000   0.0000   0.0000   0.3933
   4.500   1.1638   0.01989   0.01160  -0.1620  0.6631  1.0000  -1.6885   0.0000   0.0000   0.0000   0.3838
   5.000   1.2239   0.02058   0.01197  -0.1606  0.5724  1.0000  -1.8956   0.0000   0.0000   0.0000   0.3752
   5.500   1.2712   0.02195   0.01306  -0.1575  0.4861  1.0000  -2.2055   0.0000   0.0000   0.0000   0.3672
   6.000   1.3126   0.02371   0.01450  -0.1538  0.4103  1.0000  -2.5079   0.0000   0.0000   0.0000   0.3599
   6.500   1.3516   0.02571   0.01627  -0.1501  0.3451  1.0000  -2.8525   0.0000   0.0000   0.0000   0.3530
   7.000   1.3893   0.02792   0.01846  -0.1463  0.2901  1.0000  -3.2112   0.0000   0.0000   0.0000   0.3466
   7.500   1.4185   0.03011   0.02060  -0.1413  0.2379  1.0000  -3.5499   0.0000   0.0000   0.0000   0.3402
   8.000   1.4407   0.03233   0.02280  -0.1356  0.1912  1.0000  -3.8728   0.0000   0.0000   0.0000   0.3340
   8.500   1.4654   0.03498   0.02563  -0.1304  0.1561  1.0000  -4.1896   0.0000   0.0000   0.0000   0.3281
   9.000   1.4822   0.03808   0.02890  -0.1243  0.1236  1.0000  -4.4620   0.0000   0.0000   0.0000   0.3222
   9.500   1.4928   0.04205   0.03295  -0.1179  0.0971  1.0000  -4.6784   0.0000   0.0000   0.0000   0.3166
  10.000   1.5020   0.04687   0.03805  -0.1119  0.0768  1.0000  -4.8404   0.0000   0.0000   0.0000   0.3113
  10.500   1.5171   0.05272   0.04430  -0.1069  0.0647  1.0000  -4.9675   0.0000   0.0000   0.0000   0.3065
  11.000   1.5296   0.05917   0.05127  -0.1023  0.0583  1.0000  -5.1440   0.0000   0.0000   0.0000   0.3022
  11.500   1.5249   0.06689   0.05965  -0.0977  0.0548  1.0000  -5.2418   0.0000   0.0000   0.0000   0.2986
  12.000   1.4994   0.07582   0.06934  -0.0940  0.0524  1.0000  -5.2352   0.0000   0.0000   0.0000   0.2964
  12.500   1.4676   0.08605   0.08016  -0.0934  0.0508  1.0000  -5.1960   0.0000   0.0000   0.0000   0.2965
  13.000   1.4238   0.09948   0.09418  -0.0972  0.0507  1.0000  -5.0362   0.0000   0.0000   0.0000   0.3003
  13.500   1.3597   0.11998   0.11523  -0.1096  0.0533  1.0000  -4.6219   0.0000   0.0000   0.0000   0.3120
  14.000   1.3070   0.14342   0.13889  -0.1262  0.0557  1.0000  -4.1472   0.0000   0.0000   0.0000   0.3276
  14.500   1.2711   0.16731   0.16278  -0.1424  0.0571  1.0000  -3.6198   0.0000   0.0000   0.0000   0.3430
  16.000   1.2573   0.21397   0.20917  -0.1722  0.0562  1.0000  -2.8232   0.0000   0.0000   0.0000   0.3665


