xflr5 v6.61

 Calculated polar for: E63_15_00

 1 1 Reynolds number fixed          Mach number fixed         

 xtrf =   1.000 (top)        1.000 (bottom)
 Mach =   0.200     Re =     0.100 e 6     Ncrit =   7.000

  alpha     CL        CD       CDp       Cm    Top Xtr Bot Xtr   Cpmin    Chinge    XCp    
 ------- -------- --------- --------- -------- ------- ------- -------- --------- ---------
 -30.000  -0.7738   0.33915   0.33250   0.0577  1.0000  0.0363  -1.5670   0.0000   0.0000   0.0000   0.2744
 -29.500  -0.7606   0.33506   0.32838   0.0533  1.0000  0.0368  -1.5846   0.0000   0.0000   0.0000   0.2709
 -29.000  -0.7477   0.33140   0.32471   0.0488  1.0000  0.0370  -1.6058   0.0000   0.0000   0.0000   0.2672
 -28.500  -0.7353   0.32824   0.32155   0.0442  1.0000  0.0372  -1.6292   0.0000   0.0000   0.0000   0.2631
 -28.000  -0.7234   0.32545   0.31876   0.0397  1.0000  0.0373  -1.6535   0.0000   0.0000   0.0000   0.2588
 -27.000  -0.6918   0.31145   0.30475   0.0336  1.0000  0.0379  -1.5694   0.0000   0.0000   0.0000   0.2542
 -26.500  -0.6758   0.30596   0.29927   0.0307  1.0000  0.0387  -1.5087   0.0000   0.0000   0.0000   0.2520
 -26.000  -0.6602   0.30118   0.29450   0.0275  1.0000  0.0398  -1.4717   0.0000   0.0000   0.0000   0.2491
 -25.500  -0.6448   0.29647   0.28980   0.0242  1.0000  0.0414  -1.4565   0.0000   0.0000   0.0000   0.2458
 -25.000  -0.6296   0.29166   0.28500   0.0208  1.0000  0.0431  -1.4546   0.0000   0.0000   0.0000   0.2421
 -24.500  -0.6147   0.28686   0.28018   0.0172  1.0000  0.0447  -1.4694   0.0000   0.0000   0.0000   0.2377
 -24.000  -0.6011   0.28275   0.27609   0.0132  1.0000  0.0455  -1.5086   0.0000   0.0000   0.0000   0.2323
 -23.500  -0.5894   0.27976   0.27311   0.0089  1.0000  0.0459  -1.5604   0.0000   0.0000   0.0000   0.2262
 -23.000  -0.5793   0.27738   0.27075   0.0047  1.0000  0.0461  -1.6137   0.0000   0.0000   0.0000   0.2201
 -22.500  -0.5579   0.26721   0.26062   0.0034  1.0000  0.0466  -1.5360   0.0000   0.0000   0.0000   0.2182
 -22.000  -0.5394   0.26088   0.25431   0.0017  1.0000  0.0476  -1.4656   0.0000   0.0000   0.0000   0.2158
 -21.500  -0.5228   0.25574   0.24920  -0.0006  1.0000  0.0489  -1.4234   0.0000   0.0000   0.0000   0.2120
 -21.000  -0.5069   0.25068   0.24414  -0.0031  1.0000  0.0506  -1.3959   0.0000   0.0000   0.0000   0.2076
 -20.500  -0.4917   0.24553   0.23902  -0.0057  1.0000  0.0527  -1.3806   0.0000   0.0000   0.0000   0.2026
 -20.000  -0.4784   0.24067   0.23419  -0.0089  1.0000  0.0549  -1.3978   0.0000   0.0000   0.0000   0.1961
 -19.500  -0.4725   0.23825   0.23181  -0.0133  1.0000  0.0557  -1.5013   0.0000   0.0000   0.0000   0.1873
 -19.000  -0.4518   0.22976   0.22337  -0.0140  1.0000  0.0567  -1.4415   0.0000   0.0000   0.0000   0.1845
 -18.500  -0.4334   0.22408   0.21773  -0.0150  1.0000  0.0585  -1.3822   0.0000   0.0000   0.0000   0.1811
 -18.000  -0.4181   0.21888   0.21256  -0.0167  1.0000  0.0604  -1.3653   0.0000   0.0000   0.0000   0.1762
 -17.500  -0.4042   0.21362   0.20732  -0.0186  1.0000  0.0626  -1.3644   0.0000   0.0000   0.0000   0.1705
 -17.000  -0.3937   0.20863   0.20237  -0.0211  1.0000  0.0649  -1.4028   0.0000   0.0000   0.0000   0.1632
 -16.500  -0.3891   0.20455   0.19836  -0.0244  1.0000  0.0656  -1.4823   0.0000   0.0000   0.0000   0.1552
 -16.000  -0.3807   0.19899   0.19287  -0.0264  1.0000  0.0660  -1.5170   0.0000   0.0000   0.0000   0.1490
 -15.500  -0.3571   0.19138   0.18530  -0.0255  1.0000  0.0673  -1.4099   0.0000   0.0000   0.0000   0.1465
 -15.000  -0.3423   0.18602   0.17999  -0.0260  1.0000  0.0693  -1.3685   0.0000   0.0000   0.0000   0.1423
 -14.500  -0.3311   0.18069   0.17472  -0.0269  1.0000  0.0722  -1.3614   0.0000   0.0000   0.0000   0.1374
 -14.000  -0.3307   0.17572   0.16982  -0.0294  1.0000  0.0752  -1.4484   0.0000   0.0000   0.0000   0.1307
 -13.500  -0.3362   0.17078   0.16496  -0.0320  1.0000  0.0757  -1.5636   0.0000   0.0000   0.0000   0.1260
 -13.000  -0.3086   0.16317   0.15739  -0.0295  1.0000  0.0782  -1.4595   0.0000   0.0000   0.0000   0.1247
 -12.500  -0.3042   0.15799   0.15227  -0.0301  1.0000  0.0851  -1.5258   0.0000   0.0000   0.0000   0.1222
 -12.000  -0.3028   0.15151   0.14586  -0.0306  1.0000  0.0879  -1.6272   0.0000   0.0000   0.0000   0.1210
 -11.500  -0.3011   0.14727   0.14168  -0.0307  1.0000  0.0964  -1.6611   0.0000   0.0000   0.0000   0.1215
 -11.000  -0.3139   0.14230   0.13678  -0.0321  1.0000  0.0970  -1.7757   0.0000   0.0000   0.0000   0.1233
 -10.500  -0.2853   0.13676   0.13130  -0.0284  1.0000  0.1014  -1.6069   0.0000   0.0000   0.0000   0.1255
 -10.000  -0.3007   0.13283   0.12747  -0.0292  1.0000  0.1072  -1.6865   0.0000   0.0000   0.0000   0.1305
  -9.500  -0.2821   0.12856   0.12328  -0.0258  1.0000  0.1148  -1.5520   0.0000   0.0000   0.0000   0.1365
  -9.000  -0.3094   0.12485   0.11970  -0.0264  1.0000  0.1183  -1.6649   0.0000   0.0000   0.0000   0.1455
  -8.500  -0.2913   0.12013   0.11507  -0.0225  1.0000  0.1222  -1.5341   0.0000   0.0000   0.0000   0.1540
  -7.000  -0.3164   0.09737   0.09244  -0.0316  0.9894  0.0921  -1.7955   0.0000   0.0000   0.0000   0.1344
  -6.500  -0.3076   0.08846   0.08350  -0.0407  0.9739  0.0921  -1.8488   0.0000   0.0000   0.0000   0.1021
  -6.000  -0.3016   0.07597   0.07098  -0.0549  0.9547  0.0920  -2.0354   0.0000   0.0000   0.0000   0.0524
  -5.500  -0.2593   0.03604   0.02886  -0.1110  0.9401  0.0998  -2.8377   0.0000   0.0000   0.0000  -0.1987
  -5.000  -0.1851   0.03294   0.02524  -0.1165  0.9270  0.1098  -2.6541   0.0000   0.0000   0.0000  -0.4056
  -4.500  -0.1085   0.03124   0.02328  -0.1208  0.9135  0.1220  -2.4249   0.0000   0.0000   0.0000  -0.9031
  -4.000  -0.0277   0.03004   0.02174  -0.1254  0.9004  0.1404  -2.1774   0.0000   0.0000   0.0000  -4.4010
  -3.500   0.0414   0.02897   0.02068  -0.1274  0.8836  0.1539  -1.9696   0.0000   0.0000   0.0000   3.3985
  -3.000   0.1201   0.02755   0.01913  -0.1307  0.8694  0.1697  -1.7659   0.0000   0.0000   0.0000   1.3587
  -2.500   0.1942   0.02604   0.01743  -0.1330  0.8528  0.1850  -1.5770   0.0000   0.0000   0.0000   0.9443
  -2.000   0.2720   0.02453   0.01594  -0.1354  0.8377  0.2020  -1.3762   0.0000   0.0000   0.0000   0.7524
  -1.500   0.3472   0.02309   0.01450  -0.1372  0.8204  0.2219  -1.1856   0.0000   0.0000   0.0000   0.6471
  -1.000   0.4319   0.02145   0.01286  -0.1406  0.8037  0.2462  -0.9873   0.0000   0.0000   0.0000   0.5753
  -0.500   0.5102   0.02025   0.01173  -0.1429  0.7793  0.2772  -0.9415   0.0000   0.0000   0.0000   0.5285
   0.000   0.5938   0.01918   0.01069  -0.1462  0.7501  0.3131  -1.0355   0.0000   0.0000   0.0000   0.4937
   0.500   0.6731   0.01852   0.01005  -0.1490  0.7145  0.3561  -1.1294   0.0000   0.0000   0.0000   0.4679
   1.000   0.7435   0.01824   0.00978  -0.1503  0.6748  0.4100  -1.2263   0.0000   0.0000   0.0000   0.4479
   1.500   0.8032   0.01822   0.00980  -0.1496  0.6336  0.4805  -1.3162   0.0000   0.0000   0.0000   0.4312
   2.000   0.8582   0.01835   0.00998  -0.1480  0.5937  0.5695  -1.4054   0.0000   0.0000   0.0000   0.4167
   2.500   0.9040   0.01850   0.01030  -0.1445  0.5558  0.6898  -1.4955   0.0000   0.0000   0.0000   0.4033
   3.000   0.9412   0.01835   0.01035  -0.1390  0.5218  1.0000  -1.5784   0.0000   0.0000   0.0000   0.3904
   3.500   0.9920   0.01917   0.01074  -0.1374  0.4881  1.0000  -1.6745   0.0000   0.0000   0.0000   0.3805
   4.000   1.0391   0.02005   0.01129  -0.1351  0.4572  1.0000  -1.7679   0.0000   0.0000   0.0000   0.3713
   4.500   1.0848   0.02099   0.01193  -0.1325  0.4292  1.0000  -1.8611   0.0000   0.0000   0.0000   0.3628
   5.000   1.1281   0.02198   0.01268  -0.1296  0.4033  1.0000  -1.9531   0.0000   0.0000   0.0000   0.3548
   5.500   1.1709   0.02304   0.01352  -0.1267  0.3800  1.0000  -2.0589   0.0000   0.0000   0.0000   0.3474
   6.000   1.2130   0.02418   0.01452  -0.1238  0.3589  1.0000  -2.1646   0.0000   0.0000   0.0000   0.3404
   6.500   1.2535   0.02538   0.01557  -0.1206  0.3393  1.0000  -2.2693   0.0000   0.0000   0.0000   0.3339
   7.000   1.2932   0.02663   0.01665  -0.1174  0.3214  1.0000  -2.3747   0.0000   0.0000   0.0000   0.3277
   7.500   1.3301   0.02799   0.01805  -0.1138  0.3048  1.0000  -2.4797   0.0000   0.0000   0.0000   0.3217
   8.000   1.3708   0.02944   0.01939  -0.1110  0.2909  1.0000  -2.5956   0.0000   0.0000   0.0000   0.3163
   8.500   1.4091   0.03100   0.02091  -0.1080  0.2779  1.0000  -2.7085   0.0000   0.0000   0.0000   0.3112
   9.000   1.4417   0.03269   0.02264  -0.1041  0.2655  1.0000  -2.8215   0.0000   0.0000   0.0000   0.3060
   9.500   1.4723   0.03447   0.02446  -0.1002  0.2539  1.0000  -2.9343   0.0000   0.0000   0.0000   0.3009
  10.000   1.5021   0.03640   0.02643  -0.0964  0.2434  1.0000  -3.0464   0.0000   0.0000   0.0000   0.2962
  10.500   1.5322   0.03843   0.02855  -0.0928  0.2340  1.0000  -3.1595   0.0000   0.0000   0.0000   0.2917
  11.000   1.5604   0.04067   0.03088  -0.0892  0.2255  1.0000  -3.2684   0.0000   0.0000   0.0000   0.2874
  11.500   1.5735   0.04356   0.03404  -0.0842  0.2175  1.0000  -3.3512   0.0000   0.0000   0.0000   0.2829
  12.000   1.5891   0.04650   0.03715  -0.0800  0.2102  1.0000  -3.4551   0.0000   0.0000   0.0000   0.2787
  12.500   1.6190   0.04891   0.03957  -0.0773  0.2032  1.0000  -3.6128   0.0000   0.0000   0.0000   0.2752
  13.000   1.6008   0.05404   0.04522  -0.0716  0.1973  1.0000  -3.6544   0.0000   0.0000   0.0000   0.2712
  13.500   1.6220   0.05719   0.04841  -0.0690  0.1915  1.0000  -3.7923   0.0000   0.0000   0.0000   0.2680
  14.000   1.5808   0.06494   0.05673  -0.0649  0.1862  1.0000  -3.7707   0.0000   0.0000   0.0000   0.2654
  14.500   1.5938   0.06893   0.06078  -0.0632  0.1807  1.0000  -3.8872   0.0000   0.0000   0.0000   0.2629
  15.000   1.4672   0.08879   0.08153  -0.0660  0.1771  1.0000  -3.6028   0.0000   0.0000   0.0000   0.2671
  16.000   1.1072   0.17481   0.16841  -0.1147  0.1506  1.0000  -2.2559   0.0000   0.0000   0.0000   0.3269
  16.500   1.0870   0.18917   0.18285  -0.1237  0.1447  1.0000  -2.1072   0.0000   0.0000   0.0000   0.3368
  17.000   1.1043   0.19471   0.18843  -0.1261  0.1405  1.0000  -2.1535   0.0000   0.0000   0.0000   0.3361
  17.500   1.1015   0.20428   0.19804  -0.1324  0.1334  1.0000  -2.0817   0.0000   0.0000   0.0000   0.3415
  18.000   1.1241   0.20856   0.20237  -0.1339  0.1295  1.0000  -2.1516   0.0000   0.0000   0.0000   0.3392
  18.500   1.1185   0.21889   0.21275  -0.1413  0.1241  1.0000  -2.0314   0.0000   0.0000   0.0000   0.3458
  19.000   1.1457   0.22173   0.21563  -0.1419  0.1187  1.0000  -2.1341   0.0000   0.0000   0.0000   0.3419
  19.500   1.1409   0.23189   0.22583  -0.1496  0.1141  1.0000  -2.0076   0.0000   0.0000   0.0000   0.3485
  20.000   1.1486   0.23971   0.23371  -0.1549  0.1121  1.0000  -2.0113   0.0000   0.0000   0.0000   0.3513


