xflr5 v6.61

 Calculated polar for: E63_14_00

 1 1 Reynolds number fixed          Mach number fixed         

 xtrf =   1.000 (top)        1.000 (bottom)
 Mach =   0.200     Re =     0.050 e 6     Ncrit =   9.000

  alpha     CL        CD       CDp       Cm    Top Xtr Bot Xtr   Cpmin    Chinge    XCp    
 ------- -------- --------- --------- -------- ------- ------- -------- --------- ---------
 -20.000  -0.4896   0.24522   0.23616  -0.0074  1.0000  0.0937  -1.3214   0.0000   0.0000   0.0000   0.2034
 -19.500  -0.4785   0.24222   0.23321  -0.0107  1.0000  0.0965  -1.3409   0.0000   0.0000   0.0000   0.1969
 -19.000  -0.4656   0.23727   0.22834  -0.0133  1.0000  0.0977  -1.3414   0.0000   0.0000   0.0000   0.1913
 -18.500  -0.4453   0.22957   0.22067  -0.0142  1.0000  0.1007  -1.2797   0.0000   0.0000   0.0000   0.1879
 -18.000  -0.4305   0.22447   0.21558  -0.0161  1.0000  0.1045  -1.2777   0.0000   0.0000   0.0000   0.1827
 -17.500  -0.4229   0.22198   0.21317  -0.0192  1.0000  0.1074  -1.3248   0.0000   0.0000   0.0000   0.1757
 -17.000  -0.4052   0.21455   0.20580  -0.0203  1.0000  0.1094  -1.3033   0.0000   0.0000   0.0000   0.1711
 -16.500  -0.3884   0.20853   0.19984  -0.0212  1.0000  0.1136  -1.2773   0.0000   0.0000   0.0000   0.1666
 -16.000  -0.3796   0.20481   0.19619  -0.0234  1.0000  0.1178  -1.3029   0.0000   0.0000   0.0000   0.1603
 -15.500  -0.3675   0.19907   0.19055  -0.0248  1.0000  0.1199  -1.3067   0.0000   0.0000   0.0000   0.1549
 -15.000  -0.3503   0.19272   0.18425  -0.0251  1.0000  0.1247  -1.2724   0.0000   0.0000   0.0000   0.1506
 -14.500  -0.3480   0.19001   0.18164  -0.0273  1.0000  0.1292  -1.3193   0.0000   0.0000   0.0000   0.1450
 -14.000  -0.3287   0.18217   0.17385  -0.0271  1.0000  0.1330  -1.2769   0.0000   0.0000   0.0000   0.1407
 -13.500  -0.3224   0.17799   0.16976  -0.0281  1.0000  0.1393  -1.2943   0.0000   0.0000   0.0000   0.1366
 -13.000  -0.3095   0.17155   0.16342  -0.0282  1.0000  0.1436  -1.2814   0.0000   0.0000   0.0000   0.1329
 -12.500  -0.3091   0.16808   0.16005  -0.0292  1.0000  0.1508  -1.3188   0.0000   0.0000   0.0000   0.1309
 -12.000  -0.2951   0.16147   0.15354  -0.0285  1.0000  0.1604  -1.3082   0.0000   0.0000   0.0000   0.1288
 -11.500  -0.2902   0.15656   0.14875  -0.0282  1.0000  0.1718  -1.3485   0.0000   0.0000   0.0000   0.1289
 -11.000  -0.2863   0.15158   0.14389  -0.0277  1.0000  0.1831  -1.3898   0.0000   0.0000   0.0000   0.1303
 -10.500  -0.2934   0.14853   0.14097  -0.0273  1.0000  0.1952  -1.4494   0.0000   0.0000   0.0000   0.1359
 -10.000  -0.2801   0.14193   0.13445  -0.0257  1.0000  0.2053  -1.4351   0.0000   0.0000   0.0000   0.1373
  -9.750  -0.2755   0.13873   0.13130  -0.0250  1.0000  0.2081  -1.4302   0.0000   0.0000   0.0000   0.1385
  -9.500  -0.2695   0.13596   0.12857  -0.0241  1.0000  0.2130  -1.4131   0.0000   0.0000   0.0000   0.1403
  -9.250  -0.2836   0.13573   0.12843  -0.0239  1.0000  0.2168  -1.4578   0.0000   0.0000   0.0000   0.1472
  -9.000  -0.2702   0.13154   0.12427  -0.0226  1.0000  0.2202  -1.4153   0.0000   0.0000   0.0000   0.1473
  -8.750  -0.2702   0.12956   0.12231  -0.0216  1.0000  0.2254  -1.4091   0.0000   0.0000   0.0000   0.1516
  -8.500  -0.2847   0.12897   0.12183  -0.0210  1.0000  0.2284  -1.4471   0.0000   0.0000   0.0000   0.1593
  -8.250  -0.2695   0.12503   0.11792  -0.0195  1.0000  0.2329  -1.3912   0.0000   0.0000   0.0000   0.1604
  -8.000  -0.2799   0.12414   0.11711  -0.0184  1.0000  0.2380  -1.4101   0.0000   0.0000   0.0000   0.1682
  -7.750  -0.2781   0.12150   0.11455  -0.0172  1.0000  0.2411  -1.3929   0.0000   0.0000   0.0000   0.1728
  -7.500  -0.2775   0.11953   0.11264  -0.0156  1.0000  0.2473  -1.3733   0.0000   0.0000   0.0000   0.1789
  -7.250  -0.2864   0.11808   0.11129  -0.0142  1.0000  0.2514  -1.3826   0.0000   0.0000   0.0000   0.1866
  -7.000  -0.2850   0.11608   0.10935  -0.0124  1.0000  0.2586  -1.3567   0.0000   0.0000   0.0000   0.1932
  -6.750  -0.2916   0.11437   0.10774  -0.0107  1.0000  0.2630  -1.3553   0.0000   0.0000   0.0000   0.2007
  -6.500  -0.2947   0.11277   0.10621  -0.0088  1.0000  0.2697  -1.3399   0.0000   0.0000   0.0000   0.2084
  -6.250  -0.3048   0.11130   0.10485  -0.0069  1.0000  0.2735  -1.3451   0.0000   0.0000   0.0000   0.2165
  -6.000  -0.3045   0.10936   0.10297  -0.0049  1.0000  0.2796  -1.3189   0.0000   0.0000   0.0000   0.2235
  -5.750  -0.3332   0.10944   0.10321  -0.0022  1.0000  0.2832  -1.3665   0.0000   0.0000   0.0000   0.2344
  -5.500  -0.3194   0.10628   0.10008  -0.0005  1.0000  0.2888  -1.3065   0.0000   0.0000   0.0000   0.2393
  -5.250  -0.3543   0.10681   0.10075   0.0029  1.0000  0.2935  -1.3629   0.0000   0.0000   0.0000   0.2503
  -5.000  -0.3420   0.10367   0.09766   0.0045  1.0000  0.2984  -1.3066   0.0000   0.0000   0.0000   0.2555
  -4.750  -0.3703   0.10356   0.09768   0.0065  1.0000  0.3044  -1.3518   0.0000   0.0000   0.0000   0.2608
  -4.500  -0.3624   0.10080   0.09498   0.0088  1.0000  0.3092  -1.3028   0.0000   0.0000   0.0000   0.2677
  -4.250  -0.3825   0.09987   0.09416   0.0091  1.0000  0.3162  -1.3351   0.0000   0.0000   0.0000   0.2677
  -4.000  -0.3760   0.09746   0.09180   0.0117  1.0000  0.3222  -1.2869   0.0000   0.0000   0.0000   0.2753
  -3.750  -0.3843   0.09569   0.09012   0.0122  1.0000  0.3290  -1.2876   0.0000   0.0000   0.0000   0.2763
  -3.500  -0.3921   0.09405   0.08854   0.0115  1.0000  0.3382  -1.2921   0.0000   0.0000   0.0000   0.2743
  -3.250  -0.3885   0.09193   0.08649   0.0138  1.0000  0.3456  -1.2521   0.0000   0.0000   0.0000   0.2808
  -3.000  -0.3890   0.08986   0.08448   0.0144  1.0000  0.3535  -1.2318   0.0000   0.0000   0.0000   0.2825
  -2.750  -0.3889   0.08784   0.08251   0.0144  1.0000  0.3634  -1.2351   0.0000   0.0000   0.0000   0.2827
  -2.000  -0.2852   0.07095   0.06512  -0.0270  0.9910  0.2865  -1.3775   0.0000   0.0000   0.0000   0.1500
  -1.750  -0.1324   0.05554   0.04844  -0.0708  0.9760  0.2423  -1.5077   0.0000   0.0000   0.0000  -0.2961
  -1.500  -0.0582   0.05234   0.04476  -0.0831  0.9613  0.2544  -1.4551   0.0000   0.0000   0.0000  -1.2006
  -1.250   0.0039   0.05027   0.04222  -0.0922  0.9454  0.2722  -1.4074   0.0000   0.0000   0.0000  24.1774
  -1.000   0.0593   0.04934   0.04114  -0.0981  0.9307  0.2866  -1.3302   0.0000   0.0000   0.0000   1.9221
  -0.750   0.1089   0.04835   0.03982  -0.1035  0.9142  0.3043  -1.2619   0.0000   0.0000   0.0000   1.2070
  -0.500   0.1612   0.04777   0.03917  -0.1081  0.8996  0.3212  -1.1733   0.0000   0.0000   0.0000   0.9236
  -0.250   0.2034   0.04721   0.03844  -0.1114  0.8826  0.3392  -1.1003   0.0000   0.0000   0.0000   0.7992
   0.000   0.2565   0.04662   0.03771  -0.1158  0.8681  0.3605  -1.0090   0.0000   0.0000   0.0000   0.7016
   0.250   0.2940   0.04634   0.03737  -0.1177  0.8507  0.3818  -0.9339   0.0000   0.0000   0.0000   0.6496
   0.500   0.3428   0.04582   0.03691  -0.1205  0.8360  0.4086  -0.8401   0.0000   0.0000   0.0000   0.6001
   0.750   0.3785   0.04556   0.03663  -0.1218  0.8182  0.4328  -0.8055   0.0000   0.0000   0.0000   0.5697
   1.000   0.4304   0.04483   0.03590  -0.1247  0.8036  0.4694  -0.8568   0.0000   0.0000   0.0000   0.5371
   1.250   0.4622   0.04468   0.03583  -0.1248  0.7856  0.5033  -0.8916   0.0000   0.0000   0.0000   0.5169
   1.500   0.5103   0.04376   0.03503  -0.1263  0.7715  0.5511  -0.9428   0.0000   0.0000   0.0000   0.4940
   1.750   0.5407   0.04349   0.03489  -0.1258  0.7539  0.5992  -0.9813   0.0000   0.0000   0.0000   0.4787
   2.000   0.5814   0.04231   0.03399  -0.1256  0.7400  0.6717  -1.0323   0.0000   0.0000   0.0000   0.4615
   2.250   0.6129   0.04068   0.03280  -0.1230  0.7277  0.7806  -1.0769   0.0000   0.0000   0.0000   0.4458
   2.500   0.6476   0.03990   0.03202  -0.1241  0.7093  1.0000  -1.1226   0.0000   0.0000   0.0000   0.4365
   2.750   0.7151   0.03848   0.03014  -0.1284  0.6961  1.0000  -1.2082   0.0000   0.0000   0.0000   0.4240
   3.250   0.8148   0.03691   0.02812  -0.1316  0.6646  1.0000  -1.3466   0.0000   0.0000   0.0000   0.4053
   3.500   0.8753   0.03569   0.02670  -0.1344  0.6490  1.0000  -1.4295   0.0000   0.0000   0.0000   0.3970
   3.750   0.9267   0.03506   0.02591  -0.1364  0.6312  1.0000  -1.5025   0.0000   0.0000   0.0000   0.3902
   4.000   0.9650   0.03506   0.02577  -0.1367  0.6128  1.0000  -1.5606   0.0000   0.0000   0.0000   0.3845
   4.250   1.0187   0.03449   0.02499  -0.1390  0.5950  1.0000  -1.6376   0.0000   0.0000   0.0000   0.3789
   4.500   1.0485   0.03499   0.02538  -0.1385  0.5767  1.0000  -1.6864   0.0000   0.0000   0.0000   0.3741
   4.750   1.0767   0.03563   0.02593  -0.1377  0.5592  1.0000  -1.7335   0.0000   0.0000   0.0000   0.3696
   5.000   1.1174   0.03583   0.02594  -0.1386  0.5423  1.0000  -1.8053   0.0000   0.0000   0.0000   0.3654
   5.250   1.1335   0.03703   0.02712  -0.1364  0.5262  1.0000  -1.8443   0.0000   0.0000   0.0000   0.3614
   5.500   1.1645   0.03769   0.02766  -0.1361  0.5106  1.0000  -1.9036   0.0000   0.0000   0.0000   0.3576
   5.750   1.1905   0.03861   0.02854  -0.1353  0.4961  1.0000  -1.9561   0.0000   0.0000   0.0000   0.3539
   6.000   1.2032   0.04005   0.02999  -0.1328  0.4822  1.0000  -1.9901   0.0000   0.0000   0.0000   0.3503
   6.250   1.2234   0.04123   0.03114  -0.1312  0.4689  1.0000  -2.0344   0.0000   0.0000   0.0000   0.3469
   6.500   1.2488   0.04222   0.03205  -0.1303  0.4559  1.0000  -2.0897   0.0000   0.0000   0.0000   0.3436
   6.750   1.2776   0.04309   0.03281  -0.1298  0.4432  1.0000  -2.1524   0.0000   0.0000   0.0000   0.3405
   7.000   1.2949   0.04447   0.03417  -0.1280  0.4316  1.0000  -2.1973   0.0000   0.0000   0.0000   0.3374
   7.250   1.3087   0.04599   0.03571  -0.1258  0.4205  1.0000  -2.2368   0.0000   0.0000   0.0000   0.3343
   7.500   1.3239   0.04747   0.03719  -0.1238  0.4097  1.0000  -2.2787   0.0000   0.0000   0.0000   0.3313
   7.750   1.3186   0.04988   0.03975  -0.1196  0.4005  1.0000  -2.2913   0.0000   0.0000   0.0000   0.3282
   8.000   1.2915   0.05347   0.04356  -0.1135  0.3935  1.0000  -2.2664   0.0000   0.0000   0.0000   0.3251
   8.250   1.2971   0.05577   0.04601  -0.1110  0.3859  1.0000  -2.2942   0.0000   0.0000   0.0000   0.3225
   8.500   0.9800   0.09035   0.08118  -0.1055  0.3840  1.0000  -1.6968   0.0000   0.0000   0.0000   0.3449
   8.750   1.1766   0.07010   0.06067  -0.0997  0.3763  1.0000  -2.1115   0.0000   0.0000   0.0000   0.3210
   9.000   0.9392   0.10502   0.09593  -0.1088  0.3751  1.0000  -1.5946   0.0000   0.0000   0.0000   0.3528
   9.250   0.9145   0.11313   0.10410  -0.1114  0.3746  1.0000  -1.5279   0.0000   0.0000   0.0000   0.3586
   9.500   0.9015   0.11976   0.11077  -0.1134  0.3751  1.0000  -1.4855   0.0000   0.0000   0.0000   0.3625
   9.750   0.8955   0.12560   0.11664  -0.1153  0.3759  1.0000  -1.4572   0.0000   0.0000   0.0000   0.3652
  11.500   0.8446   0.16346   0.15479  -0.1325  0.4360  1.0000  -1.2043   0.0000   0.0000   0.0000   0.3920
  11.750   0.8563   0.16692   0.15825  -0.1332  0.4298  1.0000  -1.2185   0.0000   0.0000   0.0000   0.3904
  12.000   0.8770   0.17078   0.16212  -0.1336  0.4211  1.0000  -1.2505   0.0000   0.0000   0.0000   0.3867
  12.250   0.8769   0.17279   0.16413  -0.1343  0.4118  1.0000  -1.2430   0.0000   0.0000   0.0000   0.3872
  12.500   0.8806   0.17546   0.16680  -0.1353  0.4044  1.0000  -1.2446   0.0000   0.0000   0.0000   0.3873
  12.750   0.9044   0.18012   0.17146  -0.1357  0.3989  1.0000  -1.2903   0.0000   0.0000   0.0000   0.3834
  13.000   0.9004   0.18165   0.17301  -0.1370  0.3911  1.0000  -1.2824   0.0000   0.0000   0.0000   0.3850
  13.250   0.9087   0.18480   0.17617  -0.1380  0.3852  1.0000  -1.2995   0.0000   0.0000   0.0000   0.3843
  13.500   0.7168   0.17862   0.17125  -0.1166  0.3609  1.0000  -0.9353   0.0000   0.0000   0.0000   0.3977
  13.750   0.9290   0.19056   0.18194  -0.1395  0.3687  1.0000  -1.3432   0.0000   0.0000   0.0000   0.3818
  14.000   0.7312   0.18375   0.17643  -0.1176  0.3467  1.0000  -0.9614   0.0000   0.0000   0.0000   0.3952
  14.250   0.9523   0.19726   0.18876  -0.1413  0.3562  1.0000  -1.3893   0.0000   0.0000   0.0000   0.3791
  14.500   0.7435   0.18906   0.18180  -0.1189  0.3350  1.0000  -0.9783   0.0000   0.0000   0.0000   0.3936
  15.000   0.7618   0.19547   0.18828  -0.1200  0.3226  1.0000  -1.0067   0.0000   0.0000   0.0000   0.3905
  15.500   0.7615   0.19909   0.19204  -0.1218  0.3097  1.0000  -0.9858   0.0000   0.0000   0.0000   0.3924
  16.000   0.7710   0.20440   0.19743  -0.1235  0.2989  1.0000  -0.9834   0.0000   0.0000   0.0000   0.3919
  16.500   0.7792   0.20958   0.20268  -0.1253  0.2875  1.0000  -0.9737   0.0000   0.0000   0.0000   0.3918
  17.000   0.7868   0.21450   0.20767  -0.1271  0.2740  1.0000  -0.9594   0.0000   0.0000   0.0000   0.3918
  17.500   0.7963   0.22024   0.21349  -0.1290  0.2646  1.0000  -0.9442   0.0000   0.0000   0.0000   0.3914
  18.000   0.8095   0.22670   0.22003  -0.1306  0.2561  1.0000  -0.9438   0.0000   0.0000   0.0000   0.3900
  18.500   0.8236   0.23333   0.22673  -0.1322  0.2461  1.0000  -0.9907   0.0000   0.0000   0.0000   0.3882


