xflr5 v6.61

 Calculated polar for: E63_14_00

 1 1 Reynolds number fixed          Mach number fixed         

 xtrf =   1.000 (top)        1.000 (bottom)
 Mach =   0.200     Re =     0.125 e 6     Ncrit =   7.000

  alpha     CL        CD       CDp       Cm    Top Xtr Bot Xtr   Cpmin    Chinge    XCp    
 ------- -------- --------- --------- -------- ------- ------- -------- --------- ---------
 -28.500  -0.7503   0.32791   0.32203   0.0474  1.0000  0.0287  -1.6776   0.0000   0.0000   0.0000   0.2695
 -28.000  -0.7350   0.32155   0.31567   0.0445  1.0000  0.0292  -1.6176   0.0000   0.0000   0.0000   0.2678
 -27.500  -0.7202   0.31660   0.31071   0.0411  1.0000  0.0298  -1.5751   0.0000   0.0000   0.0000   0.2654
 -27.000  -0.7055   0.31190   0.30600   0.0376  1.0000  0.0304  -1.5416   0.0000   0.0000   0.0000   0.2627
 -26.500  -0.6906   0.30719   0.30128   0.0341  1.0000  0.0312  -1.5133   0.0000   0.0000   0.0000   0.2596
 -26.000  -0.6757   0.30241   0.29650   0.0306  1.0000  0.0321  -1.4884   0.0000   0.0000   0.0000   0.2564
 -25.500  -0.6607   0.29753   0.29163   0.0271  1.0000  0.0331  -1.4661   0.0000   0.0000   0.0000   0.2530
 -25.000  -0.6456   0.29257   0.28667   0.0237  1.0000  0.0343  -1.4470   0.0000   0.0000   0.0000   0.2493
 -24.500  -0.6305   0.28754   0.28165   0.0202  1.0000  0.0357  -1.4353   0.0000   0.0000   0.0000   0.2453
 -24.000  -0.6159   0.28268   0.27678   0.0164  1.0000  0.0366  -1.4705   0.0000   0.0000   0.0000   0.2406
 -23.500  -0.6024   0.27850   0.27260   0.0123  1.0000  0.0370  -1.5267   0.0000   0.0000   0.0000   0.2351
 -23.000  -0.5913   0.27558   0.26970   0.0079  1.0000  0.0373  -1.6022   0.0000   0.0000   0.0000   0.2289
 -22.000  -0.5574   0.26155   0.25573   0.0034  1.0000  0.0380  -1.5425   0.0000   0.0000   0.0000   0.2225
 -21.500  -0.5402   0.25594   0.25014   0.0014  1.0000  0.0388  -1.4850   0.0000   0.0000   0.0000   0.2196
 -21.000  -0.5241   0.25084   0.24503  -0.0009  1.0000  0.0399  -1.4495   0.0000   0.0000   0.0000   0.2158
 -20.500  -0.5084   0.24570   0.23992  -0.0033  1.0000  0.0412  -1.4264   0.0000   0.0000   0.0000   0.2114
 -20.000  -0.4931   0.24044   0.23469  -0.0058  1.0000  0.0428  -1.4139   0.0000   0.0000   0.0000   0.2066
 -19.500  -0.4790   0.23522   0.22950  -0.0087  1.0000  0.0448  -1.4277   0.0000   0.0000   0.0000   0.2007
 -19.000  -0.4691   0.23109   0.22540  -0.0125  1.0000  0.0457  -1.4948   0.0000   0.0000   0.0000   0.1928
 -18.500  -0.4619   0.22755   0.22190  -0.0161  1.0000  0.0460  -1.5621   0.0000   0.0000   0.0000   0.1853
 -18.000  -0.4437   0.21932   0.21373  -0.0172  1.0000  0.0465  -1.5114   0.0000   0.0000   0.0000   0.1815
 -17.500  -0.4237   0.21273   0.20714  -0.0174  1.0000  0.0476  -1.4162   0.0000   0.0000   0.0000   0.1793
 -17.000  -0.4078   0.20756   0.20201  -0.0185  1.0000  0.0494  -1.3784   0.0000   0.0000   0.0000   0.1753
 -16.500  -0.3940   0.20246   0.19695  -0.0201  1.0000  0.0531  -1.3716   0.0000   0.0000   0.0000   0.1700
 -16.000  -0.3901   0.19831   0.19285  -0.0238  1.0000  0.0555  -1.4891   0.0000   0.0000   0.0000   0.1609
 -15.500  -0.3872   0.19406   0.18865  -0.0266  1.0000  0.0558  -1.5773   0.0000   0.0000   0.0000   0.1540
 -15.000  -0.3707   0.18631   0.18096  -0.0270  1.0000  0.0562  -1.5464   0.0000   0.0000   0.0000   0.1500
 -14.500  -0.3509   0.17973   0.17442  -0.0262  1.0000  0.0573  -1.4520   0.0000   0.0000   0.0000   0.1479
 -14.000  -0.3374   0.17441   0.16915  -0.0264  1.0000  0.0587  -1.4095   0.0000   0.0000   0.0000   0.1447
 -13.500  -0.3266   0.16909   0.16387  -0.0269  1.0000  0.0605  -1.3930   0.0000   0.0000   0.0000   0.1410
 -13.000  -0.3183   0.16359   0.15843  -0.0276  1.0000  0.0626  -1.3988   0.0000   0.0000   0.0000   0.1372
 -12.500  -0.3166   0.15797   0.15287  -0.0292  1.0000  0.0649  -1.4644   0.0000   0.0000   0.0000   0.1328
 -11.500  -0.3082   0.14352   0.13851  -0.0296  1.0000  0.0525  -1.5882   0.0000   0.0000   0.0000   0.1298
 -11.000  -0.3106   0.13611   0.13117  -0.0301  1.0000  0.0500  -1.7334   0.0000   0.0000   0.0000   0.1298
 -10.500  -0.3143   0.12930   0.12444  -0.0304  1.0000  0.0515  -1.8756   0.0000   0.0000   0.0000   0.1314
 -10.000  -0.3270   0.12165   0.11685  -0.0313  1.0000  0.0541  -2.0819   0.0000   0.0000   0.0000   0.1338
  -9.500  -0.3479   0.11324   0.10848  -0.0326  1.0000  0.0553  -2.3128   0.0000   0.0000   0.0000   0.1371
  -9.000  -0.3597   0.10671   0.10203  -0.0320  1.0000  0.0552  -2.4083   0.0000   0.0000   0.0000   0.1433
  -8.500  -0.3783   0.10001   0.09541  -0.0312  1.0000  0.0551  -2.5258   0.0000   0.0000   0.0000   0.1512
  -8.000  -0.4062   0.09310   0.08859  -0.0301  1.0000  0.0552  -2.6760   0.0000   0.0000   0.0000   0.1613
  -7.500  -0.5070   0.03746   0.03143  -0.0982  0.9802  0.0553  -4.3896   0.0000   0.0000   0.0000   0.0414
  -7.000  -0.4339   0.03386   0.02742  -0.1063  0.9713  0.0585  -4.0283   0.0000   0.0000   0.0000  -0.0107
  -6.500  -0.3582   0.03107   0.02410  -0.1130  0.9621  0.0641  -3.6590   0.0000   0.0000   0.0000  -0.0828
  -6.000  -0.2827   0.02917   0.02192  -0.1181  0.9524  0.0693  -3.2803   0.0000   0.0000   0.0000  -0.1876
  -5.500  -0.2065   0.02748   0.01988  -0.1227  0.9424  0.0774  -2.9867   0.0000   0.0000   0.0000  -0.3686
  -5.000  -0.1307   0.02697   0.01928  -0.1266  0.9316  0.0900  -2.6968   0.0000   0.0000   0.0000  -0.7527
  -4.500  -0.0535   0.02599   0.01813  -0.1305  0.9206  0.1046  -2.4413   0.0000   0.0000   0.0000  -2.2615
  -4.000   0.0162   0.02475   0.01666  -0.1327  0.9059  0.1182  -2.2218   0.0000   0.0000   0.0000   8.6601
  -3.500   0.0903   0.02390   0.01582  -0.1354  0.8927  0.1337  -1.9730   0.0000   0.0000   0.0000   1.7800
  -3.000   0.1673   0.02296   0.01479  -0.1383  0.8801  0.1531  -1.7335   0.0000   0.0000   0.0000   1.0902
  -2.500   0.2461   0.02177   0.01355  -0.1413  0.8679  0.1724  -1.5246   0.0000   0.0000   0.0000   0.8308
  -2.000   0.3143   0.02065   0.01249  -0.1422  0.8508  0.1897  -1.3368   0.0000   0.0000   0.0000   0.7059
  -1.500   0.3935   0.01930   0.01118  -0.1449  0.8367  0.2120  -1.1382   0.0000   0.0000   0.0000   0.6195
  -1.000   0.4687   0.01818   0.01006  -0.1469  0.8168  0.2386  -0.9515   0.0000   0.0000   0.0000   0.5632
  -0.500   0.5520   0.01703   0.00900  -0.1504  0.7934  0.2716  -0.9263   0.0000   0.0000   0.0000   0.5211
   0.000   0.6338   0.01625   0.00830  -0.1539  0.7616  0.3127  -1.0195   0.0000   0.0000   0.0000   0.4905
   0.500   0.7123   0.01579   0.00788  -0.1569  0.7228  0.3620  -1.1142   0.0000   0.0000   0.0000   0.4671
   1.000   0.7809   0.01565   0.00776  -0.1580  0.6798  0.4275  -1.2101   0.0000   0.0000   0.0000   0.4485
   1.500   0.8376   0.01571   0.00786  -0.1569  0.6349  0.5082  -1.3053   0.0000   0.0000   0.0000   0.4327
   2.000   0.8882   0.01590   0.00811  -0.1545  0.5912  0.6118  -1.3987   0.0000   0.0000   0.0000   0.4186
   2.500   0.9287   0.01602   0.00841  -0.1499  0.5513  0.7675  -1.4840   0.0000   0.0000   0.0000   0.4053
   3.000   0.9697   0.01623   0.00854  -0.1456  0.5133  1.0000  -1.5702   0.0000   0.0000   0.0000   0.3934
   3.500   1.0161   0.01702   0.00894  -0.1431  0.4769  1.0000  -1.6624   0.0000   0.0000   0.0000   0.3834
   4.000   1.0595   0.01783   0.00943  -0.1400  0.4434  1.0000  -1.7527   0.0000   0.0000   0.0000   0.3740
   4.500   1.1013   0.01870   0.01005  -0.1367  0.4126  1.0000  -1.8421   0.0000   0.0000   0.0000   0.3653
   5.000   1.1429   0.01963   0.01076  -0.1335  0.3853  1.0000  -1.9360   0.0000   0.0000   0.0000   0.3572
   5.500   1.1845   0.02062   0.01160  -0.1303  0.3611  1.0000  -2.0410   0.0000   0.0000   0.0000   0.3498
   6.000   1.2260   0.02167   0.01249  -0.1273  0.3401  1.0000  -2.1470   0.0000   0.0000   0.0000   0.3428
   6.500   1.2668   0.02280   0.01346  -0.1241  0.3212  1.0000  -2.2532   0.0000   0.0000   0.0000   0.3363
   7.000   1.3062   0.02397   0.01456  -0.1209  0.3032  1.0000  -2.3664   0.0000   0.0000   0.0000   0.3300
   7.500   1.3454   0.02524   0.01581  -0.1177  0.2876  1.0000  -2.4808   0.0000   0.0000   0.0000   0.3242
   8.000   1.3831   0.02658   0.01713  -0.1143  0.2729  1.0000  -2.6017   0.0000   0.0000   0.0000   0.3186
   8.500   1.4178   0.02800   0.01849  -0.1106  0.2590  1.0000  -2.7224   0.0000   0.0000   0.0000   0.3132
   9.500   1.4845   0.03118   0.02164  -0.1033  0.2347  1.0000  -2.9613   0.0000   0.0000   0.0000   0.3031
  10.000   1.5178   0.03295   0.02343  -0.0999  0.2245  1.0000  -3.0810   0.0000   0.0000   0.0000   0.2985
  10.500   1.5459   0.03489   0.02552  -0.0960  0.2145  1.0000  -3.2168   0.0000   0.0000   0.0000   0.2938
  11.000   1.5699   0.03706   0.02784  -0.0918  0.2052  1.0000  -3.3622   0.0000   0.0000   0.0000   0.2893
  11.500   1.5929   0.03948   0.03043  -0.0878  0.1971  1.0000  -3.5058   0.0000   0.0000   0.0000   0.2851
  12.000   1.6116   0.04205   0.03312  -0.0838  0.1890  1.0000  -3.6438   0.0000   0.0000   0.0000   0.2810
  12.500   1.6284   0.04468   0.03582  -0.0800  0.1809  1.0000  -3.7815   0.0000   0.0000   0.0000   0.2771
  13.000   1.6323   0.04825   0.03968  -0.0757  0.1732  1.0000  -3.8857   0.0000   0.0000   0.0000   0.2734
  13.500   1.6358   0.05228   0.04395  -0.0722  0.1664  1.0000  -3.9870   0.0000   0.0000   0.0000   0.2701
  14.000   1.6482   0.05579   0.04748  -0.0697  0.1599  1.0000  -4.1145   0.0000   0.0000   0.0000   0.2671
  14.500   1.6350   0.06188   0.05403  -0.0674  0.1538  1.0000  -4.1657   0.0000   0.0000   0.0000   0.2649
  15.000   1.6389   0.06678   0.05907  -0.0660  0.1484  1.0000  -4.2654   0.0000   0.0000   0.0000   0.2629
  15.500   1.6186   0.07485   0.06758  -0.0659  0.1432  1.0000  -4.2856   0.0000   0.0000   0.0000   0.2622
  16.000   1.6250   0.08006   0.07284  -0.0657  0.1385  1.0000  -4.3870   0.0000   0.0000   0.0000   0.2607
  16.500   1.5761   0.09327   0.08664  -0.0697  0.1339  1.0000  -4.2990   0.0000   0.0000   0.0000   0.2633
  17.000   1.5802   0.09921   0.09262  -0.0710  0.1288  1.0000  -4.3871   0.0000   0.0000   0.0000   0.2627
  18.000   1.3858   0.14919   0.14368  -0.1006  0.1182  1.0000  -3.6959   0.0000   0.0000   0.0000   0.2889


