xflr5 v6.61

 Calculated polar for: E63_16_00

 1 1 Reynolds number fixed          Mach number fixed         

 xtrf =   1.000 (top)        1.000 (bottom)
 Mach =   0.200     Re =     0.090 e 6     Ncrit =   9.000

  alpha     CL        CD       CDp       Cm    Top Xtr Bot Xtr   Cpmin    Chinge    XCp    
 ------- -------- --------- --------- -------- ------- ------- -------- --------- ---------
 -20.000  -0.4592   0.24041   0.23357  -0.0101  1.0000  0.0691  -1.3537   0.0000   0.0000   0.0000   0.1884
 -19.500  -0.4435   0.23532   0.22851  -0.0122  1.0000  0.0715  -1.3403   0.0000   0.0000   0.0000   0.1833
 -19.000  -0.4302   0.23054   0.22376  -0.0148  1.0000  0.0742  -1.3537   0.0000   0.0000   0.0000   0.1768
 -18.500  -0.4275   0.22901   0.22229  -0.0191  1.0000  0.0756  -1.4474   0.0000   0.0000   0.0000   0.1678
 -18.000  -0.4078   0.22056   0.21390  -0.0199  1.0000  0.0765  -1.4031   0.0000   0.0000   0.0000   0.1634
 -17.500  -0.3878   0.21409   0.20745  -0.0203  1.0000  0.0785  -1.3346   0.0000   0.0000   0.0000   0.1598
 -17.000  -0.3727   0.20887   0.20228  -0.0216  1.0000  0.0814  -1.3083   0.0000   0.0000   0.0000   0.1545
 -16.500  -0.3630   0.20416   0.19763  -0.0238  1.0000  0.0853  -1.3321   0.0000   0.0000   0.0000   0.1474
 -16.000  -0.3637   0.20072   0.19427  -0.0271  1.0000  0.0867  -1.4229   0.0000   0.0000   0.0000   0.1398
 -15.500  -0.3374   0.19251   0.18611  -0.0259  1.0000  0.0894  -1.3145   0.0000   0.0000   0.0000   0.1367
 -15.000  -0.3259   0.18736   0.18102  -0.0268  1.0000  0.0947  -1.3336   0.0000   0.0000   0.0000   0.1315
 -14.500  -0.3252   0.18216   0.17590  -0.0291  1.0000  0.0979  -1.4508   0.0000   0.0000   0.0000   0.1256
 -14.000  -0.3067   0.17595   0.16974  -0.0282  1.0000  0.1044  -1.4297   0.0000   0.0000   0.0000   0.1227
 -13.500  -0.3037   0.17037   0.16420  -0.0294  1.0000  0.1095  -1.5130   0.0000   0.0000   0.0000   0.1189
 -13.000  -0.2960   0.16604   0.15992  -0.0296  1.0000  0.1176  -1.5179   0.0000   0.0000   0.0000   0.1166
 -12.500  -0.2840   0.16033   0.15427  -0.0290  1.0000  0.1218  -1.4839   0.0000   0.0000   0.0000   0.1149
 -12.000  -0.2866   0.15708   0.15109  -0.0297  1.0000  0.1289  -1.5099   0.0000   0.0000   0.0000   0.1153
 -11.500  -0.2718   0.15104   0.14512  -0.0283  1.0000  0.1323  -1.4425   0.0000   0.0000   0.0000   0.1150
 -11.000  -0.2650   0.14665   0.14081  -0.0273  1.0000  0.1373  -1.4042   0.0000   0.0000   0.0000   0.1171
 -10.500  -0.2898   0.14433   0.13862  -0.0285  1.0000  0.1406  -1.5026   0.0000   0.0000   0.0000   0.1255
 -10.000  -0.2627   0.13755   0.13190  -0.0253  1.0000  0.1433  -1.3676   0.0000   0.0000   0.0000   0.1266
  -9.750  -0.2596   0.13547   0.12987  -0.0243  1.0000  0.1456  -1.3401   0.0000   0.0000   0.0000   0.1300
  -9.500  -0.2618   0.13364   0.12809  -0.0236  1.0000  0.1484  -1.3348   0.0000   0.0000   0.0000   0.1344
  -9.250  -0.2867   0.13333   0.12786  -0.0243  1.0000  0.1510  -1.4184   0.0000   0.0000   0.0000   0.1427
  -9.000  -0.2858   0.13053   0.12512  -0.0233  1.0000  0.1518  -1.3999   0.0000   0.0000   0.0000   0.1467
  -8.750  -0.2725   0.12758   0.12221  -0.0212  1.0000  0.1533  -1.3282   0.0000   0.0000   0.0000   0.1500
  -8.500  -0.2687   0.12560   0.12026  -0.0196  1.0000  0.1553  -1.2898   0.0000   0.0000   0.0000   0.1554
  -8.250  -0.2711   0.12394   0.11866  -0.0183  1.0000  0.1582  -1.2747   0.0000   0.0000   0.0000   0.1617
  -8.000  -0.2960   0.12338   0.11819  -0.0182  1.0000  0.1617  -1.3421   0.0000   0.0000   0.0000   0.1700
  -7.750  -0.3043   0.12131   0.11620  -0.0172  1.0000  0.1629  -1.3481   0.0000   0.0000   0.0000   0.1763
  -7.500  -0.2889   0.11884   0.11377  -0.0146  1.0000  0.1652  -1.2785   0.0000   0.0000   0.0000   0.1820
  -7.250  -0.2903   0.11736   0.11235  -0.0129  1.0000  0.1683  -1.2746   0.0000   0.0000   0.0000   0.1890
  -7.000  -0.3098   0.11647   0.11155  -0.0120  1.0000  0.1720  -1.3244   0.0000   0.0000   0.0000   0.1963
  -6.500  -0.3274   0.11301   0.10823  -0.0090  1.0000  0.1749  -1.3610   0.0000   0.0000   0.0000   0.2092
  -6.250  -0.3201   0.11107   0.10634  -0.0080  0.9990  0.1771  -1.3399   0.0000   0.0000   0.0000   0.2118
  -6.000  -0.3083   0.10808   0.10335  -0.0151  0.9899  0.1831  -1.3730   0.0000   0.0000   0.0000   0.1876
  -5.750  -0.2949   0.10437   0.09965  -0.0203  0.9809  0.1854  -1.3907   0.0000   0.0000   0.0000   0.1679
  -5.500  -0.2618   0.10101   0.09628  -0.0232  0.9730  0.1890  -1.3400   0.0000   0.0000   0.0000   0.1470
  -5.250  -0.2865   0.09787   0.09315  -0.0324  0.9573  0.1952  -1.4721   0.0000   0.0000   0.0000   0.1241
  -5.000  -0.3038   0.07521   0.07018  -0.0579  0.9456  0.1403  -1.9564   0.0000   0.0000   0.0000   0.0454
  -4.750  -0.2233   0.09119   0.08648  -0.0351  0.9419  0.2024  -1.3622   0.0000   0.0000   0.0000   0.0782
  -4.500  -0.2357   0.07894   0.07409  -0.0512  0.9271  0.1652  -1.6205   0.0000   0.0000   0.0000   0.0181
  -4.250  -0.1873   0.08321   0.07848  -0.0451  0.9207  0.2115  -1.3761   0.0000   0.0000   0.0000  -0.0068
  -4.000  -0.1547   0.04514   0.03843  -0.1027  0.9125  0.1625  -2.1339   0.0000   0.0000   0.0000  -0.4392
  -3.750  -0.1229   0.04681   0.04051  -0.1008  0.9018  0.1688  -1.9865   0.0000   0.0000   0.0000  -0.5989
  -3.500  -0.0806   0.04413   0.03755  -0.1058  0.8925  0.1777  -1.9345   0.0000   0.0000   0.0000  -1.1036
  -3.250  -0.0318   0.04052   0.03333  -0.1123  0.8843  0.1858  -1.8965   0.0000   0.0000   0.0000  -3.3729
  -3.000   0.0147   0.03886   0.03137  -0.1163  0.8759  0.1957  -1.8112   0.0000   0.0000   0.0000   8.3565
  -2.750   0.0607   0.03774   0.03024  -0.1191  0.8680  0.2032  -1.7062   0.0000   0.0000   0.0000   2.2529
  -2.500   0.1017   0.03629   0.02862  -0.1215  0.8580  0.2099  -1.6223   0.0000   0.0000   0.0000   1.4668
  -2.250   0.1430   0.03508   0.02721  -0.1238  0.8480  0.2193  -1.5334   0.0000   0.0000   0.0000   1.1288
  -2.000   0.1847   0.03393   0.02585  -0.1259  0.8381  0.2289  -1.4432   0.0000   0.0000   0.0000   0.9401
  -1.750   0.2255   0.03288   0.02475  -0.1275  0.8282  0.2372  -1.3496   0.0000   0.0000   0.0000   0.8209
  -1.500   0.2672   0.03185   0.02368  -0.1291  0.8186  0.2474  -1.2536   0.0000   0.0000   0.0000   0.7365
  -1.250   0.3120   0.03064   0.02240  -0.1310  0.8100  0.2589  -1.1553   0.0000   0.0000   0.0000   0.6717
  -1.000   0.3656   0.02899   0.02061  -0.1341  0.8041  0.2720  -1.0480   0.0000   0.0000   0.0000   0.6173
  -0.750   0.4086   0.02785   0.01952  -0.1355  0.7941  0.2846  -0.9518   0.0000   0.0000   0.0000   0.5811
  -0.500   0.4540   0.02673   0.01843  -0.1372  0.7840  0.3007  -0.9395   0.0000   0.0000   0.0000   0.5509
  -0.250   0.5028   0.02556   0.01727  -0.1395  0.7736  0.3192  -0.9909   0.0000   0.0000   0.0000   0.5255
   0.000   0.5555   0.02437   0.01605  -0.1425  0.7623  0.3388  -1.0469   0.0000   0.0000   0.0000   0.5040
   0.250   0.6122   0.02327   0.01496  -0.1464  0.7500  0.3607  -1.1077   0.0000   0.0000   0.0000   0.4860
   0.500   0.6543   0.02268   0.01439  -0.1479  0.7332  0.3825  -1.1570   0.0000   0.0000   0.0000   0.4725
   0.750   0.7051   0.02197   0.01369  -0.1509  0.7171  0.4087  -1.2144   0.0000   0.0000   0.0000   0.4600
   1.000   0.7402   0.02169   0.01341  -0.1512  0.6978  0.4366  -1.2617   0.0000   0.0000   0.0000   0.4498
   1.250   0.7753   0.02147   0.01321  -0.1515  0.6787  0.4675  -1.3112   0.0000   0.0000   0.0000   0.4406
   1.500   0.8099   0.02130   0.01305  -0.1518  0.6597  0.5033  -1.3607   0.0000   0.0000   0.0000   0.4321
   1.750   0.8409   0.02120   0.01298  -0.1514  0.6407  0.5418  -1.4073   0.0000   0.0000   0.0000   0.4243
   2.000   0.8662   0.02121   0.01305  -0.1499  0.6214  0.5840  -1.4486   0.0000   0.0000   0.0000   0.4171
   2.250   0.8924   0.02123   0.01312  -0.1486  0.6030  0.6352  -1.4963   0.0000   0.0000   0.0000   0.4101
   2.500   0.9181   0.02120   0.01317  -0.1471  0.5859  0.6984  -1.5443   0.0000   0.0000   0.0000   0.4034
   2.750   0.9332   0.02117   0.01333  -0.1435  0.5692  0.7762  -1.5815   0.0000   0.0000   0.0000   0.3966
   3.000   0.9592   0.02083   0.01310  -0.1419  0.5530  1.0000  -1.6300   0.0000   0.0000   0.0000   0.3903
   3.250   0.9877   0.02132   0.01330  -0.1420  0.5354  1.0000  -1.6798   0.0000   0.0000   0.0000   0.3858
   3.500   1.0194   0.02178   0.01345  -0.1423  0.5198  1.0000  -1.7342   0.0000   0.0000   0.0000   0.3813
   3.750   1.0422   0.02230   0.01382  -0.1410  0.5039  1.0000  -1.7791   0.0000   0.0000   0.0000   0.3767
   4.000   1.0685   0.02282   0.01413  -0.1404  0.4893  1.0000  -1.8284   0.0000   0.0000   0.0000   0.3723
   4.250   1.0970   0.02335   0.01445  -0.1401  0.4757  1.0000  -1.8805   0.0000   0.0000   0.0000   0.3683
   4.500   1.1183   0.02393   0.01493  -0.1385  0.4620  1.0000  -1.9242   0.0000   0.0000   0.0000   0.3641
   4.750   1.1414   0.02453   0.01541  -0.1373  0.4491  1.0000  -1.9702   0.0000   0.0000   0.0000   0.3601
   5.000   1.1651   0.02513   0.01589  -0.1362  0.4368  1.0000  -2.0171   0.0000   0.0000   0.0000   0.3564
   5.250   1.1888   0.02574   0.01638  -0.1351  0.4250  1.0000  -2.0656   0.0000   0.0000   0.0000   0.3527
   5.500   1.2121   0.02639   0.01695  -0.1339  0.4138  1.0000  -2.1190   0.0000   0.0000   0.0000   0.3492
   5.750   1.2348   0.02706   0.01753  -0.1327  0.4031  1.0000  -2.1729   0.0000   0.0000   0.0000   0.3458
   6.000   1.2572   0.02777   0.01816  -0.1314  0.3929  1.0000  -2.2263   0.0000   0.0000   0.0000   0.3425
   6.250   1.2795   0.02850   0.01882  -0.1302  0.3832  1.0000  -2.2798   0.0000   0.0000   0.0000   0.3394
   6.500   1.3021   0.02922   0.01946  -0.1290  0.3738  1.0000  -2.3342   0.0000   0.0000   0.0000   0.3363
   6.750   1.3258   0.02992   0.02005  -0.1279  0.3646  1.0000  -2.3908   0.0000   0.0000   0.0000   0.3333
   7.000   1.3495   0.03061   0.02064  -0.1269  0.3556  1.0000  -2.4478   0.0000   0.0000   0.0000   0.3305
   7.250   1.3640   0.03145   0.02152  -0.1244  0.3470  1.0000  -2.4910   0.0000   0.0000   0.0000   0.3273
   7.500   1.3817   0.03233   0.02249  -0.1225  0.3391  1.0000  -2.5384   0.0000   0.0000   0.0000   0.3244
   7.750   1.4075   0.03316   0.02321  -0.1220  0.3319  1.0000  -2.6020   0.0000   0.0000   0.0000   0.3219
   8.000   1.4242   0.03412   0.02420  -0.1200  0.3248  1.0000  -2.6522   0.0000   0.0000   0.0000   0.3191
   8.250   1.4396   0.03518   0.02532  -0.1178  0.3182  1.0000  -2.7000   0.0000   0.0000   0.0000   0.3163
   8.500   1.4706   0.03601   0.02599  -0.1181  0.3118  1.0000  -2.7732   0.0000   0.0000   0.0000   0.3144
   8.750   1.4726   0.03728   0.02748  -0.1140  0.3057  1.0000  -2.7998   0.0000   0.0000   0.0000   0.3111
   9.000   1.4995   0.03817   0.02825  -0.1136  0.2996  1.0000  -2.8673   0.0000   0.0000   0.0000   0.3090
   9.250   1.5010   0.03942   0.02968  -0.1095  0.2939  1.0000  -2.8969   0.0000   0.0000   0.0000   0.3058
   9.500   1.5244   0.04041   0.03060  -0.1087  0.2883  1.0000  -2.9647   0.0000   0.0000   0.0000   0.3037
   9.750   1.5230   0.04181   0.03218  -0.1043  0.2832  1.0000  -2.9902   0.0000   0.0000   0.0000   0.3005
  10.000   1.5509   0.04276   0.03302  -0.1042  0.2780  1.0000  -3.0661   0.0000   0.0000   0.0000   0.2988
  10.250   1.5383   0.04453   0.03505  -0.0986  0.2736  1.0000  -3.0718   0.0000   0.0000   0.0000   0.2953
  10.500   1.5774   0.04517   0.03555  -0.0999  0.2682  1.0000  -3.1684   0.0000   0.0000   0.0000   0.2941
  10.750   1.5509   0.04746   0.03820  -0.0929  0.2647  1.0000  -3.1482   0.0000   0.0000   0.0000   0.2902
  11.000   1.5518   0.04915   0.04001  -0.0896  0.2606  1.0000  -3.1762   0.0000   0.0000   0.0000   0.2876
  11.250   1.5799   0.05023   0.04099  -0.0896  0.2565  1.0000  -3.2520   0.0000   0.0000   0.0000   0.2861
  11.500   1.5407   0.05358   0.04473  -0.0825  0.2539  1.0000  -3.2047   0.0000   0.0000   0.0000   0.2826
  11.750   1.5181   0.05675   0.04815  -0.0781  0.2510  1.0000  -3.1856   0.0000   0.0000   0.0000   0.2800
  12.000   1.5794   0.05623   0.04733  -0.0807  0.2462  1.0000  -3.3248   0.0000   0.0000   0.0000   0.2792
  12.250   1.5113   0.06183   0.05341  -0.0735  0.2447  1.0000  -3.2169   0.0000   0.0000   0.0000   0.2762
  12.500   1.3762   0.07516   0.06740  -0.0687  0.2440  1.0000  -2.9574   0.0000   0.0000   0.0000   0.2770
  12.750   0.6755   0.16463   0.15889  -0.1036  0.2874  1.0000  -0.9716   0.0000   0.0000   0.0000   0.3878
  13.000   0.6822   0.16670   0.16098  -0.1041  0.2813  1.0000  -0.9773   0.0000   0.0000   0.0000   0.3867
  13.250   0.7044   0.17018   0.16443  -0.1039  0.2787  1.0000  -1.0196   0.0000   0.0000   0.0000   0.3811
  13.500   0.6912   0.17127   0.16557  -0.1054  0.2706  1.0000  -0.9742   0.0000   0.0000   0.0000   0.3861
  14.750   0.9231   0.19274   0.18605  -0.1263  0.2595  1.0000  -1.4340   0.0000   0.0000   0.0000   0.3647
  15.000   0.9482   0.19647   0.18978  -0.1257  0.2574  1.0000  -1.5023   0.0000   0.0000   0.0000   0.3599
  15.500   0.9518   0.20150   0.19482  -0.1294  0.2476  1.0000  -1.4995   0.0000   0.0000   0.0000   0.3624
  16.000   0.9625   0.20692   0.20026  -0.1326  0.2380  1.0000  -1.5132   0.0000   0.0000   0.0000   0.3633
  16.500   0.9740   0.21282   0.20617  -0.1360  0.2309  1.0000  -1.5216   0.0000   0.0000   0.0000   0.3643
  18.000   0.7749   0.21669   0.21144  -0.1219  0.1951  1.0000  -1.0219   0.0000   0.0000   0.0000   0.3848
  18.500   0.7813   0.22242   0.21723  -0.1244  0.1882  1.0000  -0.9955   0.0000   0.0000   0.0000   0.3860
  19.000   0.8110   0.22919   0.22402  -0.1242  0.1815  1.0000  -1.0618   0.0000   0.0000   0.0000   0.3786
  19.500   0.8024   0.23334   0.22830  -0.1283  0.1730  1.0000  -0.9718   0.0000   0.0000   0.0000   0.3849
  20.000   0.8085   0.23956   0.23457  -0.1309  0.1687  1.0000  -0.9554   0.0000   0.0000   0.0000   0.3862


