xflr5 v6.61

 Calculated polar for: E63_12_00

 1 1 Reynolds number fixed          Mach number fixed         

 xtrf =   1.000 (top)        1.000 (bottom)
 Mach =   0.200     Re =     0.100 e 6     Ncrit =   9.000

  alpha     CL        CD       CDp       Cm    Top Xtr Bot Xtr   Cpmin    Chinge    XCp    
 ------- -------- --------- --------- -------- ------- ------- -------- --------- ---------
 -20.000  -0.3403   0.21351   0.20809  -0.0185  1.0000  0.0483  -0.9157   0.0000   0.0000   0.0000   0.1793
 -19.500  -0.3316   0.20965   0.20424  -0.0196  1.0000  0.0500  -0.9145   0.0000   0.0000   0.0000   0.1748
 -19.000  -0.3238   0.20595   0.20055  -0.0207  1.0000  0.0518  -0.9257   0.0000   0.0000   0.0000   0.1699
 -18.500  -0.3169   0.20248   0.19706  -0.0220  1.0000  0.0539  -0.9498   0.0000   0.0000   0.0000   0.1645
 -18.000  -0.3142   0.20048   0.19507  -0.0238  1.0000  0.0553  -1.0132   0.0000   0.0000   0.0000   0.1580
 -17.500  -0.3188   0.20115   0.19574  -0.0260  1.0000  0.0558  -1.1111   0.0000   0.0000   0.0000   0.1524
 -17.000  -0.3015   0.19251   0.18715  -0.0256  1.0000  0.0567  -1.0456   0.0000   0.0000   0.0000   0.1488
 -16.500  -0.2906   0.18801   0.18267  -0.0256  1.0000  0.0585  -1.0034   0.0000   0.0000   0.0000   0.1459
 -16.000  -0.2835   0.18464   0.17932  -0.0260  1.0000  0.0608  -0.9951   0.0000   0.0000   0.0000   0.1422
 -15.500  -0.2789   0.18167   0.17637  -0.0266  1.0000  0.0635  -1.0093   0.0000   0.0000   0.0000   0.1382
 -15.000  -0.2829   0.18085   0.17557  -0.0284  1.0000  0.0655  -1.0908   0.0000   0.0000   0.0000   0.1336
 -14.500  -0.2835   0.17753   0.17229  -0.0293  1.0000  0.0662  -1.1368   0.0000   0.0000   0.0000   0.1306
 -14.000  -0.2652   0.17089   0.16566  -0.0277  1.0000  0.0692  -1.0297   0.0000   0.0000   0.0000   0.1294
 -13.500  -0.2619   0.16723   0.16203  -0.0280  1.0000  0.0737  -1.0483   0.0000   0.0000   0.0000   0.1273
 -13.000  -0.2797   0.16688   0.16171  -0.0304  1.0000  0.0756  -1.2073   0.0000   0.0000   0.0000   0.1263
 -12.500  -0.2600   0.15848   0.15337  -0.0286  1.0000  0.0772  -1.1388   0.0000   0.0000   0.0000   0.1246
 -12.000  -0.2514   0.15356   0.14850  -0.0276  1.0000  0.0801  -1.1138   0.0000   0.0000   0.0000   0.1251
 -11.500  -0.2496   0.14908   0.14406  -0.0273  1.0000  0.0838  -1.1358   0.0000   0.0000   0.0000   0.1257
 -11.000  -0.2668   0.14648   0.14154  -0.0290  1.0000  0.0862  -1.2676   0.0000   0.0000   0.0000   0.1278
 -10.500  -0.2544   0.13944   0.13457  -0.0272  1.0000  0.0877  -1.2257   0.0000   0.0000   0.0000   0.1297
 -10.000  -0.2460   0.13431   0.12951  -0.0253  1.0000  0.0910  -1.1821   0.0000   0.0000   0.0000   0.1343
  -9.750  -0.2461   0.13200   0.12724  -0.0247  1.0000  0.0931  -1.1867   0.0000   0.0000   0.0000   0.1369
  -9.500  -0.2507   0.12990   0.12519  -0.0246  1.0000  0.0955  -1.2176   0.0000   0.0000   0.0000   0.1397
  -9.250  -0.2656   0.12859   0.12393  -0.0254  1.0000  0.0967  -1.2997   0.0000   0.0000   0.0000   0.1433
  -9.000  -0.2839   0.12739   0.12281  -0.0261  1.0000  0.0971  -1.3914   0.0000   0.0000   0.0000   0.1479
  -8.750  -0.2633   0.12251   0.11793  -0.0235  1.0000  0.0982  -1.2930   0.0000   0.0000   0.0000   0.1503
  -8.500  -0.2568   0.11984   0.11530  -0.0217  1.0000  0.1000  -1.2512   0.0000   0.0000   0.0000   0.1549
  -8.250  -0.2567   0.11760   0.11311  -0.0206  1.0000  0.1021  -1.2425   0.0000   0.0000   0.0000   0.1599
  -8.000  -0.2612   0.11547   0.11103  -0.0197  1.0000  0.1046  -1.2575   0.0000   0.0000   0.0000   0.1649
  -7.750  -0.2765   0.11384   0.10947  -0.0198  1.0000  0.1069  -1.3250   0.0000   0.0000   0.0000   0.1698
  -7.500  -0.3001   0.11260   0.10831  -0.0201  1.0000  0.1076  -1.4242   0.0000   0.0000   0.0000   0.1752
  -7.000  -0.2836   0.10633   0.10213  -0.0157  1.0000  0.1109  -1.3277   0.0000   0.0000   0.0000   0.1869
  -6.750  -0.2873   0.10434   0.10020  -0.0142  1.0000  0.1136  -1.3276   0.0000   0.0000   0.0000   0.1933
  -6.500  -0.3003   0.10257   0.09849  -0.0133  1.0000  0.1166  -1.3676   0.0000   0.0000   0.0000   0.1993
  -6.250  -0.3257   0.10131   0.09732  -0.0125  1.0000  0.1180  -1.4516   0.0000   0.0000   0.0000   0.2057
  -6.000  -0.3531   0.10018   0.09629  -0.0110  1.0000  0.1184  -1.5303   0.0000   0.0000   0.0000   0.2137
  -5.750  -0.3762   0.09801   0.09419  -0.0125  1.0000  0.1187  -1.6278   0.0000   0.0000   0.0000   0.2121
  -5.500  -0.3370   0.09419   0.09037  -0.0075  0.9987  0.1245  -1.4712   0.0000   0.0000   0.0000   0.2227
  -5.000  -0.4020   0.07536   0.07119  -0.0334  1.0000  0.0868  -2.3291   0.0000   0.0000   0.0000   0.1605
  -4.750  -0.3895   0.06966   0.06538  -0.0383  1.0000  0.0858  -2.4171   0.0000   0.0000   0.0000   0.1450
  -4.500  -0.3247   0.05412   0.04933  -0.0642  0.9950  0.0850  -2.6667   0.0000   0.0000   0.0000   0.0439
  -4.250  -0.2296   0.03577   0.02895  -0.0948  0.9959  0.0865  -2.9285   0.0000   0.0000   0.0000  -0.1758
  -4.000  -0.1830   0.03545   0.02872  -0.0989  0.9887  0.0901  -2.7096   0.0000   0.0000   0.0000  -0.3056
  -3.750  -0.1338   0.03463   0.02757  -0.1043  0.9812  0.0995  -2.5135   0.0000   0.0000   0.0000  -0.5485
  -3.500  -0.0910   0.03503   0.02800  -0.1075  0.9725  0.1103  -2.2922   0.0000   0.0000   0.0000  -0.9572
  -3.250  -0.0431   0.03387   0.02646  -0.1123  0.9648  0.1198  -2.1226   0.0000   0.0000   0.0000  -2.4052
  -3.000   0.0015   0.03293   0.02538  -0.1158  0.9570  0.1259  -1.9524   0.0000   0.0000   0.0000  76.3525
  -2.750   0.0532   0.03155   0.02366  -0.1205  0.9513  0.1342  -1.7891   0.0000   0.0000   0.0000   2.5493
  -2.500   0.0966   0.03061   0.02253  -0.1236  0.9426  0.1452  -1.6764   0.0000   0.0000   0.0000   1.5457
  -2.250   0.1396   0.03002   0.02179  -0.1263  0.9337  0.1601  -1.5840   0.0000   0.0000   0.0000   1.1656
  -2.000   0.1813   0.02973   0.02154  -0.1288  0.9244  0.1777  -1.4732   0.0000   0.0000   0.0000   0.9674
  -1.750   0.2243   0.02935   0.02110  -0.1314  0.9152  0.1972  -1.3645   0.0000   0.0000   0.0000   0.8404
  -1.500   0.2681   0.02884   0.02055  -0.1340  0.9061  0.2160  -1.2561   0.0000   0.0000   0.0000   0.7528
  -1.250   0.3148   0.02818   0.01994  -0.1369  0.8984  0.2341  -1.1446   0.0000   0.0000   0.0000   0.6867
  -1.000   0.3591   0.02753   0.01932  -0.1393  0.8895  0.2543  -1.0507   0.0000   0.0000   0.0000   0.6390
  -0.750   0.4003   0.02689   0.01871  -0.1412  0.8795  0.2752  -0.9613   0.0000   0.0000   0.0000   0.6029
  -0.500   0.4416   0.02623   0.01812  -0.1429  0.8695  0.2986  -0.8708   0.0000   0.0000   0.0000   0.5732
  -0.250   0.4832   0.02549   0.01746  -0.1445  0.8594  0.3251  -0.7812   0.0000   0.0000   0.0000   0.5482
   0.000   0.5252   0.02469   0.01679  -0.1461  0.8495  0.3563  -0.8196   0.0000   0.0000   0.0000   0.5268
   0.250   0.5681   0.02376   0.01602  -0.1477  0.8396  0.3938  -0.8657   0.0000   0.0000   0.0000   0.5081
   0.500   0.6123   0.02268   0.01512  -0.1493  0.8302  0.4376  -0.9145   0.0000   0.0000   0.0000   0.4915
   0.750   0.6585   0.02151   0.01420  -0.1511  0.8210  0.4967  -0.9657   0.0000   0.0000   0.0000   0.4768
   1.000   0.7049   0.02032   0.01332  -0.1529  0.8108  0.5793  -1.0198   0.0000   0.0000   0.0000   0.4639
   1.250   0.7456   0.01916   0.01257  -0.1534  0.7986  0.6945  -1.0715   0.0000   0.0000   0.0000   0.4524
   1.500   0.7751   0.01773   0.01157  -0.1512  0.7847  1.0000  -1.1157   0.0000   0.0000   0.0000   0.4414
   1.750   0.8294   0.01720   0.01076  -0.1552  0.7676  1.0000  -1.1848   0.0000   0.0000   0.0000   0.4331
   2.000   0.8774   0.01684   0.01018  -0.1579  0.7471  1.0000  -1.2517   0.0000   0.0000   0.0000   0.4257
   2.250   0.9176   0.01672   0.00985  -0.1592  0.7231  1.0000  -1.3118   0.0000   0.0000   0.0000   0.4189
   2.500   0.9556   0.01672   0.00964  -0.1602  0.6977  1.0000  -1.3705   0.0000   0.0000   0.0000   0.4127
   2.750   0.9908   0.01686   0.00953  -0.1607  0.6716  1.0000  -1.4270   0.0000   0.0000   0.0000   0.4069
   3.000   1.0195   0.01713   0.00962  -0.1601  0.6446  1.0000  -1.4774   0.0000   0.0000   0.0000   0.4014
   3.250   1.0493   0.01745   0.00970  -0.1597  0.6188  1.0000  -1.5328   0.0000   0.0000   0.0000   0.3962
   3.500   1.0751   0.01785   0.00991  -0.1586  0.5931  1.0000  -1.5857   0.0000   0.0000   0.0000   0.3913
   3.750   1.1002   0.01830   0.01016  -0.1574  0.5683  1.0000  -1.6403   0.0000   0.0000   0.0000   0.3865
   4.000   1.1249   0.01877   0.01047  -0.1562  0.5447  1.0000  -1.6948   0.0000   0.0000   0.0000   0.3820
   4.250   1.1489   0.01929   0.01080  -0.1550  0.5221  1.0000  -1.7489   0.0000   0.0000   0.0000   0.3777
   4.500   1.1722   0.01983   0.01117  -0.1536  0.5005  1.0000  -1.8024   0.0000   0.0000   0.0000   0.3735
   4.750   1.1951   0.02039   0.01159  -0.1522  0.4799  1.0000  -1.8574   0.0000   0.0000   0.0000   0.3694
   5.000   1.2179   0.02098   0.01203  -0.1508  0.4604  1.0000  -1.9149   0.0000   0.0000   0.0000   0.3656
   5.250   1.2417   0.02159   0.01250  -0.1496  0.4424  1.0000  -1.9745   0.0000   0.0000   0.0000   0.3619
   5.500   1.2627   0.02221   0.01304  -0.1480  0.4244  1.0000  -2.0301   0.0000   0.0000   0.0000   0.3582
   5.750   1.2857   0.02286   0.01356  -0.1467  0.4081  1.0000  -2.0921   0.0000   0.0000   0.0000   0.3548
   6.000   1.3072   0.02354   0.01417  -0.1452  0.3923  1.0000  -2.1538   0.0000   0.0000   0.0000   0.3514
   6.250   1.3310   0.02425   0.01475  -0.1441  0.3782  1.0000  -2.2194   0.0000   0.0000   0.0000   0.3483
   6.500   1.3533   0.02498   0.01541  -0.1428  0.3644  1.0000  -2.2827   0.0000   0.0000   0.0000   0.3452
   6.750   1.3744   0.02572   0.01613  -0.1413  0.3511  1.0000  -2.3444   0.0000   0.0000   0.0000   0.3421
   7.000   1.3959   0.02649   0.01692  -0.1399  0.3386  1.0000  -2.4073   0.0000   0.0000   0.0000   0.3391
   7.250   1.4175   0.02727   0.01766  -0.1385  0.3267  1.0000  -2.4706   0.0000   0.0000   0.0000   0.3362
   7.500   1.4390   0.02809   0.01845  -0.1371  0.3156  1.0000  -2.5387   0.0000   0.0000   0.0000   0.3334
   7.750   1.4600   0.02893   0.01927  -0.1357  0.3049  1.0000  -2.6251   0.0000   0.0000   0.0000   0.3307
   8.000   1.4810   0.02981   0.02015  -0.1343  0.2950  1.0000  -2.7119   0.0000   0.0000   0.0000   0.3280
   8.250   1.5025   0.03074   0.02107  -0.1329  0.2858  1.0000  -2.8001   0.0000   0.0000   0.0000   0.3255
   8.500   1.5247   0.03167   0.02196  -0.1318  0.2770  1.0000  -2.8912   0.0000   0.0000   0.0000   0.3230
   8.750   1.5474   0.03259   0.02283  -0.1307  0.2684  1.0000  -2.9844   0.0000   0.0000   0.0000   0.3207
   9.000   1.5623   0.03362   0.02399  -0.1283  0.2601  1.0000  -3.0603   0.0000   0.0000   0.0000   0.3179
   9.250   1.5810   0.03473   0.02517  -0.1267  0.2527  1.0000  -3.1443   0.0000   0.0000   0.0000   0.3155
   9.500   1.6059   0.03576   0.02618  -0.1261  0.2456  1.0000  -3.2442   0.0000   0.0000   0.0000   0.3135
   9.750   1.6177   0.03690   0.02751  -0.1233  0.2385  1.0000  -3.3145   0.0000   0.0000   0.0000   0.3108
  10.000   1.6342   0.03811   0.02879  -0.1214  0.2321  1.0000  -3.3957   0.0000   0.0000   0.0000   0.3084
  10.250   1.6559   0.03914   0.02978  -0.1203  0.2255  1.0000  -3.4913   0.0000   0.0000   0.0000   0.3064
  10.500   1.6607   0.04051   0.03140  -0.1166  0.2197  1.0000  -3.5461   0.0000   0.0000   0.0000   0.3035
  10.750   1.6835   0.04146   0.03224  -0.1157  0.2132  1.0000  -3.6479   0.0000   0.0000   0.0000   0.3016
  11.000   1.6797   0.04282   0.03390  -0.1109  0.2078  1.0000  -3.6853   0.0000   0.0000   0.0000   0.2985
  11.250   1.6948   0.04374   0.03476  -0.1089  0.2016  1.0000  -3.7727   0.0000   0.0000   0.0000   0.2962
  11.500   1.6914   0.04511   0.03639  -0.1044  0.1963  1.0000  -3.8157   0.0000   0.0000   0.0000   0.2933
  11.750   1.7028   0.04612   0.03738  -0.1021  0.1906  1.0000  -3.9342   0.0000   0.0000   0.0000   0.2911
  12.000   1.6970   0.04772   0.03922  -0.0978  0.1858  1.0000  -3.9938   0.0000   0.0000   0.0000   0.2883
  12.250   1.7101   0.04870   0.04014  -0.0959  0.1804  1.0000  -4.1209   0.0000   0.0000   0.0000   0.2862
  12.500   1.6977   0.05082   0.04256  -0.0914  0.1763  1.0000  -4.1569   0.0000   0.0000   0.0000   0.2835
  12.750   1.7195   0.05143   0.04299  -0.0905  0.1707  1.0000  -4.3172   0.0000   0.0000   0.0000   0.2818
  13.000   1.6983   0.05428   0.04625  -0.0858  0.1676  1.0000  -4.3200   0.0000   0.0000   0.0000   0.2793
  13.250   1.6943   0.05641   0.04854  -0.0831  0.1636  1.0000  -4.3848   0.0000   0.0000   0.0000   0.2773
  13.500   1.7090   0.05766   0.04973  -0.0818  0.1594  1.0000  -4.5185   0.0000   0.0000   0.0000   0.2756
  13.750   1.6853   0.06140   0.05386  -0.0785  0.1568  1.0000  -4.5067   0.0000   0.0000   0.0000   0.2738
  14.000   1.6736   0.06457   0.05728  -0.0764  0.1537  1.0000  -4.5391   0.0000   0.0000   0.0000   0.2724
  14.250   1.7001   0.06500   0.05754  -0.0758  0.1493  1.0000  -4.7197   0.0000   0.0000   0.0000   0.2708
  14.500   1.6662   0.07027   0.06323  -0.0738  0.1476  1.0000  -4.6613   0.0000   0.0000   0.0000   0.2699
  14.750   1.6343   0.07603   0.06935  -0.0730  0.1458  1.0000  -4.6056   0.0000   0.0000   0.0000   0.2698
  15.000   1.6047   0.08214   0.07575  -0.0733  0.1439  1.0000  -4.5537   0.0000   0.0000   0.0000   0.2703
  15.500   1.6075   0.08798   0.08169  -0.0730  0.1383  1.0000  -4.7031   0.0000   0.0000   0.0000   0.2689
  17.000   1.1341   0.22365   0.21827  -0.1619  0.1766  1.0000  -1.8453   0.0000   0.0000   0.0000   0.3688
  17.500   1.1604   0.23042   0.22516  -0.1630  0.1702  1.0000  -1.9660   0.0000   0.0000   0.0000   0.3655
  18.000   1.1777   0.23628   0.23107  -0.1658  0.1597  1.0000  -2.0437   0.0000   0.0000   0.0000   0.3646
  18.500   1.1948   0.24197   0.23681  -0.1686  0.1491  1.0000  -2.1187   0.0000   0.0000   0.0000   0.3639
  19.000   1.1971   0.24754   0.24243  -0.1753  0.1410  1.0000  -2.0789   0.0000   0.0000   0.0000   0.3682
  19.500   1.2089   0.25476   0.24971  -0.1801  0.1369  1.0000  -2.0731   0.0000   0.0000   0.0000   0.3697
  20.000   1.2393   0.26206   0.25714  -0.1798  0.1282  1.0000  -2.2259   0.0000   0.0000   0.0000   0.3645


