xflr5 v6.61

 Calculated polar for: E63_16_00

 1 1 Reynolds number fixed          Mach number fixed         

 xtrf =   1.000 (top)        1.000 (bottom)
 Mach =   0.200     Re =     0.050 e 6     Ncrit =   7.000

  alpha     CL        CD       CDp       Cm    Top Xtr Bot Xtr   Cpmin    Chinge    XCp    
 ------- -------- --------- --------- -------- ------- ------- -------- --------- ---------
 -30.000  -0.7563   0.33816   0.32862   0.0536  1.0000  0.0594  -1.5253   0.0000   0.0000   0.0000   0.2669
 -29.500  -0.7423   0.33382   0.32425   0.0497  1.0000  0.0612  -1.5053   0.0000   0.0000   0.0000   0.2641
 -29.000  -0.7284   0.32957   0.31999   0.0458  1.0000  0.0629  -1.4908   0.0000   0.0000   0.0000   0.2610
 -28.500  -0.7148   0.32558   0.31599   0.0417  1.0000  0.0643  -1.4823   0.0000   0.0000   0.0000   0.2575
 -28.000  -0.7017   0.32237   0.31278   0.0373  1.0000  0.0652  -1.4933   0.0000   0.0000   0.0000   0.2534
 -27.500  -0.6898   0.32036   0.31077   0.0328  1.0000  0.0657  -1.5270   0.0000   0.0000   0.0000   0.2488
 -27.000  -0.6751   0.31470   0.30513   0.0292  1.0000  0.0661  -1.5245   0.0000   0.0000   0.0000   0.2455
 -26.500  -0.6572   0.30706   0.29749   0.0268  1.0000  0.0674  -1.4763   0.0000   0.0000   0.0000   0.2436
 -26.000  -0.6412   0.30192   0.29236   0.0237  1.0000  0.0692  -1.4521   0.0000   0.0000   0.0000   0.2405
 -25.500  -0.6257   0.29719   0.28764   0.0204  1.0000  0.0711  -1.4386   0.0000   0.0000   0.0000   0.2369
 -25.000  -0.6108   0.29269   0.28316   0.0169  1.0000  0.0733  -1.4346   0.0000   0.0000   0.0000   0.2328
 -24.500  -0.5981   0.28979   0.28025   0.0128  1.0000  0.0752  -1.4574   0.0000   0.0000   0.0000   0.2273
 -24.000  -0.5863   0.28696   0.27747   0.0088  1.0000  0.0760  -1.4809   0.0000   0.0000   0.0000   0.2218
 -23.500  -0.5655   0.27816   0.26869   0.0072  1.0000  0.0780  -1.4094   0.0000   0.0000   0.0000   0.2199
 -23.000  -0.5489   0.27297   0.26352   0.0046  1.0000  0.0804  -1.3785   0.0000   0.0000   0.0000   0.2160
 -22.500  -0.5334   0.26816   0.25874   0.0017  1.0000  0.0830  -1.3610   0.0000   0.0000   0.0000   0.2114
 -22.000  -0.5197   0.26409   0.25470  -0.0016  1.0000  0.0853  -1.3664   0.0000   0.0000   0.0000   0.2058
 -21.500  -0.5094   0.26171   0.25237  -0.0053  1.0000  0.0863  -1.4120   0.0000   0.0000   0.0000   0.1991
 -21.000  -0.4916   0.25448   0.24517  -0.0074  1.0000  0.0873  -1.3924   0.0000   0.0000   0.0000   0.1949
 -20.500  -0.4726   0.24798   0.23870  -0.0089  1.0000  0.0896  -1.3529   0.0000   0.0000   0.0000   0.1911
 -20.000  -0.4567   0.24286   0.23363  -0.0111  1.0000  0.0926  -1.3400   0.0000   0.0000   0.0000   0.1861
 -19.500  -0.4436   0.23852   0.22934  -0.0138  1.0000  0.0957  -1.3521   0.0000   0.0000   0.0000   0.1798
 -19.000  -0.4360   0.23604   0.22692  -0.0172  1.0000  0.0970  -1.4009   0.0000   0.0000   0.0000   0.1724
 -18.500  -0.4155   0.22786   0.21882  -0.0181  1.0000  0.0987  -1.3549   0.0000   0.0000   0.0000   0.1680
 -18.000  -0.3984   0.22212   0.21310  -0.0194  1.0000  0.1021  -1.3244   0.0000   0.0000   0.0000   0.1630
 -17.500  -0.3868   0.21765   0.20869  -0.0215  1.0000  0.1063  -1.3365   0.0000   0.0000   0.0000   0.1564
 -17.000  -0.3800   0.21376   0.20490  -0.0242  1.0000  0.1081  -1.3780   0.0000   0.0000   0.0000   0.1494
 -16.500  -0.3583   0.20628   0.19747  -0.0242  1.0000  0.1124  -1.3177   0.0000   0.0000   0.0000   0.1450
 -16.000  -0.3512   0.20231   0.19358  -0.0263  1.0000  0.1179  -1.3584   0.0000   0.0000   0.0000   0.1385
 -15.500  -0.3340   0.19569   0.18704  -0.0265  1.0000  0.1239  -1.3529   0.0000   0.0000   0.0000   0.1336
 -15.000  -0.3248   0.19067   0.18212  -0.0277  1.0000  0.1321  -1.3932   0.0000   0.0000   0.0000   0.1284
 -14.500  -0.3268   0.18845   0.17998  -0.0297  1.0000  0.1403  -1.4782   0.0000   0.0000   0.0000   0.1247
 -14.000  -0.3110   0.18216   0.17377  -0.0295  1.0000  0.1508  -1.4608   0.0000   0.0000   0.0000   0.1206
 -13.500  -0.2931   0.17509   0.16673  -0.0290  1.0000  0.1551  -1.4288   0.0000   0.0000   0.0000   0.1158
 -13.000  -0.2889   0.17113   0.16285  -0.0297  1.0000  0.1612  -1.4427   0.0000   0.0000   0.0000   0.1134
 -12.500  -0.2788   0.16550   0.15730  -0.0296  1.0000  0.1642  -1.4231   0.0000   0.0000   0.0000   0.1104
 -12.000  -0.2685   0.16058   0.15246  -0.0291  1.0000  0.1703  -1.3893   0.0000   0.0000   0.0000   0.1088
 -11.500  -0.2726   0.15703   0.14903  -0.0295  1.0000  0.1738  -1.4102   0.0000   0.0000   0.0000   0.1111
 -11.000  -0.2552   0.15100   0.14307  -0.0279  1.0000  0.1790  -1.3365   0.0000   0.0000   0.0000   0.1095
 -10.500  -0.2636   0.14789   0.14012  -0.0278  1.0000  0.1848  -1.3553   0.0000   0.0000   0.0000   0.1163
 -10.000  -0.2510   0.14277   0.13509  -0.0258  1.0000  0.1931  -1.2869   0.0000   0.0000   0.0000   0.1192
  -9.500  -0.2510   0.13840   0.13087  -0.0244  1.0000  0.1974  -1.2640   0.0000   0.0000   0.0000   0.1265
  -9.000  -0.2496   0.13440   0.12696  -0.0224  1.0000  0.2036  -1.2282   0.0000   0.0000   0.0000   0.1354
  -8.500  -0.2606   0.13089   0.12363  -0.0207  1.0000  0.2072  -1.2307   0.0000   0.0000   0.0000   0.1483
  -8.000  -0.2556   0.12656   0.11944  -0.0179  1.0000  0.2130  -1.1803   0.0000   0.0000   0.0000   0.1591
  -7.500  -0.2853   0.12454   0.11762  -0.0158  1.0000  0.2172  -1.2561   0.0000   0.0000   0.0000   0.1772
  -7.000  -0.2745   0.11963   0.11284  -0.0123  1.0000  0.2219  -1.2278   0.0000   0.0000   0.0000   0.1885
  -6.500  -0.3044   0.11752   0.11094  -0.0093  1.0000  0.2274  -1.2896   0.0000   0.0000   0.0000   0.2055
  -6.000  -0.3175   0.11385   0.10745  -0.0059  1.0000  0.2296  -1.3119   0.0000   0.0000   0.0000   0.2192
  -5.000  -0.3605   0.09461   0.08821  -0.0226  0.9823  0.1610  -1.7036   0.0000   0.0000   0.0000   0.1764
  -4.500  -0.3235   0.08125   0.07465  -0.0436  0.9615  0.1619  -1.8362   0.0000   0.0000   0.0000   0.1036
  -4.000  -0.2669   0.07271   0.06594  -0.0558  0.9410  0.1679  -1.8112   0.0000   0.0000   0.0000   0.0279
  -3.500  -0.1885   0.05907   0.05155  -0.0798  0.9213  0.1834  -1.8938   0.0000   0.0000   0.0000  -0.1906
  -3.000  -0.1105   0.05440   0.04654  -0.0890  0.9003  0.1996  -1.7872   0.0000   0.0000   0.0000  -0.5805
  -2.500  -0.0181   0.04841   0.03973  -0.1018  0.8797  0.2178  -1.6924   0.0000   0.0000   0.0000  -5.5115
  -2.000   0.0643   0.04583   0.03687  -0.1078  0.8574  0.2359  -1.5301   0.0000   0.0000   0.0000   1.9548
  -1.500   0.1399   0.04376   0.03450  -0.1120  0.8326  0.2558  -1.3716   0.0000   0.0000   0.0000   1.0600
  -1.000   0.2182   0.04179   0.03227  -0.1159  0.8081  0.2765  -1.2085   0.0000   0.0000   0.0000   0.7845
  -0.500   0.2982   0.04012   0.03040  -0.1191  0.7843  0.3054  -1.0361   0.0000   0.0000   0.0000   0.6497
   0.000   0.3784   0.03833   0.02856  -0.1214  0.7612  0.3353  -0.8907   0.0000   0.0000   0.0000   0.5691
   0.500   0.4613   0.03638   0.02658  -0.1234  0.7384  0.3729  -0.9811   0.0000   0.0000   0.0000   0.5144
   1.000   0.5315   0.03519   0.02547  -0.1235  0.7105  0.4196  -1.0651   0.0000   0.0000   0.0000   0.4782
   1.500   0.6195   0.03330   0.02365  -0.1256  0.6856  0.4835  -1.1694   0.0000   0.0000   0.0000   0.4477
   2.000   0.6949   0.03209   0.02261  -0.1261  0.6565  0.5634  -1.2705   0.0000   0.0000   0.0000   0.4256
   2.500   0.7721   0.03067   0.02153  -0.1262  0.6281  0.6878  -1.3767   0.0000   0.0000   0.0000   0.4068
   3.000   0.8244   0.02957   0.02077  -0.1226  0.5977  1.0000  -1.4674   0.0000   0.0000   0.0000   0.3913
   3.500   0.9007   0.03017   0.02071  -0.1255  0.5648  1.0000  -1.5837   0.0000   0.0000   0.0000   0.3812
   4.000   0.9590   0.03119   0.02131  -0.1250  0.5338  1.0000  -1.6832   0.0000   0.0000   0.0000   0.3716
   4.500   1.0144   0.03236   0.02212  -0.1241  0.5051  1.0000  -1.7808   0.0000   0.0000   0.0000   0.3628
   5.000   1.0655   0.03372   0.02322  -0.1226  0.4785  1.0000  -1.8742   0.0000   0.0000   0.0000   0.3548
   5.500   1.1188   0.03513   0.02434  -0.1214  0.4542  1.0000  -1.9739   0.0000   0.0000   0.0000   0.3475
   6.500   1.1983   0.03897   0.02796  -0.1156  0.4113  1.0000  -2.1600   0.0000   0.0000   0.0000   0.3340
   7.000   1.2235   0.04144   0.03045  -0.1109  0.3924  1.0000  -2.2346   0.0000   0.0000   0.0000   0.3275
   7.500   1.2606   0.04367   0.03259  -0.1080  0.3756  1.0000  -2.3260   0.0000   0.0000   0.0000   0.3216
   8.000   1.2658   0.04709   0.03615  -0.1014  0.3605  1.0000  -2.3695   0.0000   0.0000   0.0000   0.3153
   8.500   1.2884   0.05003   0.03919  -0.0971  0.3462  1.0000  -2.4466   0.0000   0.0000   0.0000   0.3098
   9.000   1.3048   0.05330   0.04247  -0.0925  0.3328  1.0000  -2.5143   0.0000   0.0000   0.0000   0.3046
   9.500   1.2767   0.05928   0.04873  -0.0852  0.3216  1.0000  -2.5040   0.0000   0.0000   0.0000   0.2996
  10.000   0.9725   0.10041   0.09074  -0.0878  0.3023  1.0000  -1.8881   0.0000   0.0000   0.0000   0.3229
  11.000   0.9118   0.12726   0.11776  -0.0962  0.2812  1.0000  -1.6988   0.0000   0.0000   0.0000   0.3375
  11.500   0.8977   0.13819   0.12875  -0.1001  0.2734  1.0000  -1.6361   0.0000   0.0000   0.0000   0.3431
  12.000   0.9103   0.14543   0.13600  -0.1019  0.2667  1.0000  -1.6435   0.0000   0.0000   0.0000   0.3429
  12.500   0.9057   0.15468   0.14529  -0.1058  0.2599  1.0000  -1.5943   0.0000   0.0000   0.0000   0.3471
  13.000   0.9238   0.16191   0.15254  -0.1077  0.2570  1.0000  -1.6026   0.0000   0.0000   0.0000   0.3463
  13.500   0.9175   0.17149   0.16225  -0.1126  0.2560  1.0000  -1.5453   0.0000   0.0000   0.0000   0.3519
  14.000   0.9198   0.17969   0.17049  -0.1168  0.2555  1.0000  -1.5098   0.0000   0.0000   0.0000   0.3555
  15.500   0.9344   0.20613   0.19714  -0.1319  0.2911  1.0000  -1.4209   0.0000   0.0000   0.0000   0.3680
  16.000   0.9443   0.21166   0.20269  -0.1353  0.2858  1.0000  -1.4274   0.0000   0.0000   0.0000   0.3693
  16.500   0.9716   0.21864   0.20969  -0.1369  0.2786  1.0000  -1.4844   0.0000   0.0000   0.0000   0.3659
  17.000   0.9901   0.22409   0.21516  -0.1393  0.2678  1.0000  -1.5162   0.0000   0.0000   0.0000   0.3646
  17.500   1.0002   0.22839   0.21950  -0.1428  0.2588  1.0000  -1.5161   0.0000   0.0000   0.0000   0.3657
  18.000   1.0114   0.23359   0.22472  -0.1465  0.2527  1.0000  -1.5106   0.0000   0.0000   0.0000   0.3668
  18.500   1.0338   0.24000   0.23117  -0.1488  0.2453  1.0000  -1.5410   0.0000   0.0000   0.0000   0.3648
  19.000   1.0538   0.24569   0.23695  -0.1512  0.2350  1.0000  -1.5638   0.0000   0.0000   0.0000   0.3632
  19.500   1.0645   0.24975   0.24105  -0.1551  0.2268  1.0000  -1.5465   0.0000   0.0000   0.0000   0.3643
  20.000   1.0784   0.25522   0.24657  -0.1589  0.2220  1.0000  -1.5323   0.0000   0.0000   0.0000   0.3648


