xflr5 v6.61

 Calculated polar for: E63_13_00

 1 1 Reynolds number fixed          Mach number fixed         

 xtrf =   1.000 (top)        1.000 (bottom)
 Mach =   0.200     Re =     0.050 e 6     Ncrit =   7.000

  alpha     CL        CD       CDp       Cm    Top Xtr Bot Xtr   Cpmin    Chinge    XCp    
 ------- -------- --------- --------- -------- ------- ------- -------- --------- ---------
 -30.000  -0.4753   0.29826   0.29093   0.0170  1.0000  0.0499  -0.8025   0.0000   0.0000   0.0000   0.2610
 -29.500  -0.4687   0.29386   0.28648   0.0147  1.0000  0.0516  -0.8021   0.0000   0.0000   0.0000   0.2571
 -29.000  -0.4620   0.28953   0.28212   0.0123  1.0000  0.0531  -0.8038   0.0000   0.0000   0.0000   0.2530
 -28.500  -0.4556   0.28546   0.27800   0.0099  1.0000  0.0544  -0.8081   0.0000   0.0000   0.0000   0.2486
 -28.000  -0.4497   0.28190   0.27439   0.0074  1.0000  0.0552  -0.8171   0.0000   0.0000   0.0000   0.2438
 -27.500  -0.4447   0.27916   0.27161   0.0048  1.0000  0.0556  -0.8466   0.0000   0.0000   0.0000   0.2386
 -27.000  -0.4397   0.27623   0.26868   0.0023  1.0000  0.0559  -0.8778   0.0000   0.0000   0.0000   0.2335
 -26.500  -0.4278   0.26824   0.26067   0.0010  1.0000  0.0571  -0.8404   0.0000   0.0000   0.0000   0.2308
 -26.000  -0.4189   0.26349   0.25589  -0.0008  1.0000  0.0590  -0.8275   0.0000   0.0000   0.0000   0.2270
 -25.500  -0.4109   0.25928   0.25164  -0.0028  1.0000  0.0612  -0.8249   0.0000   0.0000   0.0000   0.2226
 -25.000  -0.4033   0.25533   0.24766  -0.0048  1.0000  0.0635  -0.8301   0.0000   0.0000   0.0000   0.2177
 -24.500  -0.3967   0.25191   0.24422  -0.0070  1.0000  0.0649  -0.8451   0.0000   0.0000   0.0000   0.2123
 -24.000  -0.3917   0.24949   0.24177  -0.0093  1.0000  0.0656  -0.8699   0.0000   0.0000   0.0000   0.2064
 -23.500  -0.3852   0.24589   0.23819  -0.0113  1.0000  0.0661  -0.8796   0.0000   0.0000   0.0000   0.2011
 -23.000  -0.3727   0.23911   0.23140  -0.0123  1.0000  0.0676  -0.8496   0.0000   0.0000   0.0000   0.1976
 -22.500  -0.3634   0.23480   0.22706  -0.0137  1.0000  0.0697  -0.8490   0.0000   0.0000   0.0000   0.1929
 -22.000  -0.3552   0.23093   0.22319  -0.0153  1.0000  0.0720  -0.8594   0.0000   0.0000   0.0000   0.1877
 -21.500  -0.3483   0.22762   0.21987  -0.0170  1.0000  0.0743  -0.8827   0.0000   0.0000   0.0000   0.1820
 -21.000  -0.3446   0.22584   0.21809  -0.0191  1.0000  0.0754  -0.9284   0.0000   0.0000   0.0000   0.1755
 -20.500  -0.3373   0.22177   0.21405  -0.0206  1.0000  0.0762  -0.9448   0.0000   0.0000   0.0000   0.1701
 -20.000  -0.3239   0.21564   0.20793  -0.0211  1.0000  0.0789  -0.9062   0.0000   0.0000   0.0000   0.1660
 -19.500  -0.3155   0.21198   0.20428  -0.0222  1.0000  0.0828  -0.9051   0.0000   0.0000   0.0000   0.1607
 -19.000  -0.3120   0.21006   0.20237  -0.0239  1.0000  0.0858  -0.9413   0.0000   0.0000   0.0000   0.1545
 -18.500  -0.3078   0.20735   0.19966  -0.0253  1.0000  0.0869  -0.9687   0.0000   0.0000   0.0000   0.1488
 -18.000  -0.2940   0.20123   0.19357  -0.0255  1.0000  0.0895  -0.9261   0.0000   0.0000   0.0000   0.1444
 -17.500  -0.2861   0.19766   0.19001  -0.0262  1.0000  0.0929  -0.9205   0.0000   0.0000   0.0000   0.1393
 -17.000  -0.2824   0.19531   0.18768  -0.0274  1.0000  0.0960  -0.9413   0.0000   0.0000   0.0000   0.1339
 -16.500  -0.2861   0.19544   0.18783  -0.0291  1.0000  0.0971  -1.0139   0.0000   0.0000   0.0000   0.1296
 -16.000  -0.2687   0.18784   0.18028  -0.0285  1.0000  0.0997  -0.9702   0.0000   0.0000   0.0000   0.1247
 -15.500  -0.2618   0.18448   0.17695  -0.0288  1.0000  0.1035  -0.9774   0.0000   0.0000   0.0000   0.1207
 -15.000  -0.2620   0.18292   0.17541  -0.0297  1.0000  0.1069  -1.0248   0.0000   0.0000   0.0000   0.1173
 -14.500  -0.2611   0.18000   0.17251  -0.0305  1.0000  0.1083  -1.0650   0.0000   0.0000   0.0000   0.1143
 -14.000  -0.2480   0.17429   0.16684  -0.0297  1.0000  0.1122  -1.0324   0.0000   0.0000   0.0000   0.1109
 -13.500  -0.2465   0.17100   0.16359  -0.0300  1.0000  0.1169  -1.0597   0.0000   0.0000   0.0000   0.1091
 -13.000  -0.2575   0.16961   0.16224  -0.0313  1.0000  0.1187  -1.1455   0.0000   0.0000   0.0000   0.1105
 -12.500  -0.2380   0.16204   0.15475  -0.0297  1.0000  0.1231  -1.0833   0.0000   0.0000   0.0000   0.1067
 -12.000  -0.2408   0.15852   0.15129  -0.0299  1.0000  0.1285  -1.1238   0.0000   0.0000   0.0000   0.1079
 -11.500  -0.2375   0.15330   0.14616  -0.0294  1.0000  0.1314  -1.1382   0.0000   0.0000   0.0000   0.1087
 -11.000  -0.2352   0.14872   0.14166  -0.0286  1.0000  0.1385  -1.1482   0.0000   0.0000   0.0000   0.1114
 -10.500  -0.2315   0.14365   0.13669  -0.0274  1.0000  0.1471  -1.1503   0.0000   0.0000   0.0000   0.1152
 -10.000  -0.2322   0.13907   0.13222  -0.0262  1.0000  0.1588  -1.1833   0.0000   0.0000   0.0000   0.1216
  -9.500  -0.2334   0.13428   0.12755  -0.0247  1.0000  0.1696  -1.2273   0.0000   0.0000   0.0000   0.1294
  -9.000  -0.2435   0.13062   0.12398  -0.0232  1.0000  0.1834  -1.2856   0.0000   0.0000   0.0000   0.1413
  -8.500  -0.2443   0.12574   0.11922  -0.0210  1.0000  0.1939  -1.3063   0.0000   0.0000   0.0000   0.1514
  -8.000  -0.2438   0.12062   0.11421  -0.0187  1.0000  0.1999  -1.3121   0.0000   0.0000   0.0000   0.1618
  -7.500  -0.2708   0.11810   0.11188  -0.0169  1.0000  0.2062  -1.3872   0.0000   0.0000   0.0000   0.1779
  -7.000  -0.2616   0.11261   0.10647  -0.0137  1.0000  0.2141  -1.3399   0.0000   0.0000   0.0000   0.1886
  -6.500  -0.2768   0.10883   0.10285  -0.0109  1.0000  0.2193  -1.3608   0.0000   0.0000   0.0000   0.2027
  -6.000  -0.2961   0.10573   0.09991  -0.0075  1.0000  0.2269  -1.3801   0.0000   0.0000   0.0000   0.2178
  -5.500  -0.3042   0.10183   0.09615  -0.0037  1.0000  0.2348  -1.3592   0.0000   0.0000   0.0000   0.2318
  -4.000  -0.3680   0.07810   0.07200  -0.0247  1.0000  0.1566  -1.8778   0.0000   0.0000   0.0000   0.1769
  -3.500  -0.2585   0.05517   0.04796  -0.0666  0.9937  0.1407  -2.0595   0.0000   0.0000   0.0000  -0.0168
  -3.000  -0.1507   0.04830   0.04040  -0.0845  0.9787  0.1536  -1.8251   0.0000   0.0000   0.0000  -0.3247
  -2.500  -0.0460   0.04353   0.03477  -0.0987  0.9616  0.1751  -1.6981   0.0000   0.0000   0.0000  -1.9363
  -2.000   0.0470   0.04137   0.03217  -0.1076  0.9417  0.2026  -1.5295   0.0000   0.0000   0.0000   2.5689
  -1.500   0.1374   0.03982   0.03029  -0.1149  0.9206  0.2339  -1.3609   0.0000   0.0000   0.0000   1.0940
  -1.000   0.2183   0.03871   0.02896  -0.1199  0.8959  0.2676  -1.2051   0.0000   0.0000   0.0000   0.8020
  -0.500   0.3019   0.03767   0.02780  -0.1246  0.8710  0.3066  -1.0370   0.0000   0.0000   0.0000   0.6632
   0.000   0.3874   0.03665   0.02680  -0.1288  0.8467  0.3566  -0.8588   0.0000   0.0000   0.0000   0.5815
   0.500   0.4620   0.03578   0.02598  -0.1309  0.8182  0.4146  -0.8327   0.0000   0.0000   0.0000   0.5312
   1.000   0.5462   0.03428   0.02476  -0.1333  0.7932  0.5025  -0.9246   0.0000   0.0000   0.0000   0.4911
   1.500   0.6157   0.03266   0.02369  -0.1326  0.7647  0.6285  -1.0123   0.0000   0.0000   0.0000   0.4617
   2.000   0.6804   0.02987   0.02148  -0.1296  0.7387  1.0000  -1.1049   0.0000   0.0000   0.0000   0.4359
   2.500   0.7737   0.02884   0.01988  -0.1336  0.7069  1.0000  -1.2334   0.0000   0.0000   0.0000   0.4174
   3.000   0.8650   0.02796   0.01860  -0.1368  0.6717  1.0000  -1.3643   0.0000   0.0000   0.0000   0.4024
   3.500   0.9420   0.02781   0.01811  -0.1381  0.6312  1.0000  -1.4825   0.0000   0.0000   0.0000   0.3902
   4.000   1.0104   0.02817   0.01813  -0.1384  0.5895  1.0000  -1.5931   0.0000   0.0000   0.0000   0.3798
   4.500   1.0726   0.02894   0.01860  -0.1379  0.5491  1.0000  -1.7025   0.0000   0.0000   0.0000   0.3707
   5.000   1.1287   0.03005   0.01943  -0.1366  0.5112  1.0000  -1.8168   0.0000   0.0000   0.0000   0.3626
   5.500   1.1822   0.03140   0.02053  -0.1352  0.4767  1.0000  -1.9289   0.0000   0.0000   0.0000   0.3551
   6.000   1.2286   0.03305   0.02207  -0.1328  0.4451  1.0000  -2.0364   0.0000   0.0000   0.0000   0.3482
   6.500   1.2718   0.03486   0.02377  -0.1301  0.4161  1.0000  -2.1450   0.0000   0.0000   0.0000   0.3417
   7.000   1.3162   0.03671   0.02549  -0.1276  0.3898  1.0000  -2.2614   0.0000   0.0000   0.0000   0.3356
   7.500   1.3599   0.03868   0.02747  -0.1251  0.3662  1.0000  -2.3837   0.0000   0.0000   0.0000   0.3299
   8.000   1.3929   0.04126   0.03014  -0.1213  0.3459  1.0000  -2.4864   0.0000   0.0000   0.0000   0.3243
   8.500   1.4204   0.04432   0.03339  -0.1172  0.3286  1.0000  -2.5775   0.0000   0.0000   0.0000   0.3190
   9.000   1.4588   0.04701   0.03610  -0.1145  0.3121  1.0000  -2.6967   0.0000   0.0000   0.0000   0.3141
   9.500   1.4648   0.05076   0.04014  -0.1080  0.2977  1.0000  -2.7771   0.0000   0.0000   0.0000   0.3086
  10.000   1.4636   0.05503   0.04470  -0.1012  0.2853  1.0000  -2.8511   0.0000   0.0000   0.0000   0.3033
  10.500   1.4493   0.06034   0.05033  -0.0943  0.2747  1.0000  -2.8942   0.0000   0.0000   0.0000   0.2985
  11.000   1.4243   0.06718   0.05750  -0.0884  0.2661  1.0000  -2.9064   0.0000   0.0000   0.0000   0.2947
  12.000   1.0811   0.13031   0.12151  -0.1064  0.2475  1.0000  -1.9941   0.0000   0.0000   0.0000   0.3308
  12.500   1.0533   0.14446   0.13573  -0.1129  0.2388  1.0000  -1.8964   0.0000   0.0000   0.0000   0.3392
  13.000   1.0517   0.15463   0.14597  -0.1170  0.2335  1.0000  -1.8770   0.0000   0.0000   0.0000   0.3427
  13.500   1.0640   0.16196   0.15336  -0.1192  0.2251  1.0000  -1.9093   0.0000   0.0000   0.0000   0.3427
  14.000   1.0519   0.17375   0.16523  -0.1259  0.2224  1.0000  -1.8277   0.0000   0.0000   0.0000   0.3499
  14.500   1.0507   0.18365   0.17519  -0.1314  0.2218  1.0000  -1.7778   0.0000   0.0000   0.0000   0.3546
  15.000   1.0689   0.19009   0.18170  -0.1335  0.2130  1.0000  -1.8138   0.0000   0.0000   0.0000   0.3536
  18.000   1.1268   0.24058   0.23271  -0.1619  0.2246  1.0000  -1.7430   0.0000   0.0000   0.0000   0.3676
  18.500   1.1320   0.24470   0.23688  -0.1670  0.2159  1.0000  -1.7511   0.0000   0.0000   0.0000   0.3704
  19.000   1.1457   0.25105   0.24328  -0.1711  0.2116  1.0000  -1.7878   0.0000   0.0000   0.0000   0.3712
  19.500   1.1642   0.25734   0.24966  -0.1742  0.2043  1.0000  -1.8498   0.0000   0.0000   0.0000   0.3703
  20.000   1.1745   0.26286   0.25524  -0.1791  0.2000  1.0000  -1.8607   0.0000   0.0000   0.0000   0.3721


