xflr5 v6.61

 Calculated polar for: E63_4_27

 1 1 Reynolds number fixed          Mach number fixed         

 xtrf =   1.000 (top)        1.000 (bottom)
 Mach =   0.200     Re =     0.060 e 6     Ncrit =   9.000

  alpha     CL        CD       CDp       Cm    Top Xtr Bot Xtr   Cpmin    Chinge    XCp    
 ------- -------- --------- --------- -------- ------- ------- -------- --------- ---------
 -12.500  -0.4345   0.16454   0.15747  -0.0170  1.0000  0.0490  -1.2684   0.0000   0.0000   0.0000   0.2082
 -12.000  -0.4233   0.15885   0.15183  -0.0180  1.0000  0.0518  -1.2525   0.0000   0.0000   0.0000   0.2048
 -11.500  -0.4141   0.15411   0.14716  -0.0195  1.0000  0.0544  -1.2632   0.0000   0.0000   0.0000   0.2005
 -11.000  -0.4110   0.15190   0.14505  -0.0217  1.0000  0.0556  -1.3219   0.0000   0.0000   0.0000   0.1950
 -10.500  -0.3950   0.14267   0.13588  -0.0210  1.0000  0.0582  -1.2338   0.0000   0.0000   0.0000   0.1944
 -10.000  -0.3854   0.13713   0.13040  -0.0213  1.0000  0.0623  -1.1972   0.0000   0.0000   0.0000   0.1924
  -9.750  -0.3826   0.13511   0.12844  -0.0218  1.0000  0.0642  -1.2012   0.0000   0.0000   0.0000   0.1907
  -9.500  -0.3824   0.13402   0.12741  -0.0226  1.0000  0.0652  -1.2256   0.0000   0.0000   0.0000   0.1887
  -9.250  -0.3848   0.13356   0.12703  -0.0235  1.0000  0.0657  -1.2611   0.0000   0.0000   0.0000   0.1870
  -9.000  -0.3734   0.12760   0.12103  -0.0224  1.0000  0.0674  -1.1867   0.0000   0.0000   0.0000   0.1879
  -8.750  -0.3676   0.12430   0.11776  -0.0219  1.0000  0.0697  -1.1514   0.0000   0.0000   0.0000   0.1884
  -8.500  -0.3646   0.12191   0.11543  -0.0217  1.0000  0.0720  -1.1549   0.0000   0.0000   0.0000   0.1883
  -8.250  -0.3640   0.12018   0.11377  -0.0218  1.0000  0.0740  -1.1754   0.0000   0.0000   0.0000   0.1880
  -8.000  -0.3675   0.11948   0.11316  -0.0220  1.0000  0.0751  -1.2159   0.0000   0.0000   0.0000   0.1882
  -7.750  -0.3746   0.11938   0.11317  -0.0219  1.0000  0.0756  -1.2646   0.0000   0.0000   0.0000   0.1898
  -7.500  -0.3618   0.11345   0.10726  -0.0207  1.0000  0.0775  -1.2137   0.0000   0.0000   0.0000   0.1910
  -7.250  -0.3577   0.11044   0.10430  -0.0196  1.0000  0.0802  -1.1952   0.0000   0.0000   0.0000   0.1933
  -7.000  -0.3584   0.10849   0.10242  -0.0187  1.0000  0.0826  -1.2026   0.0000   0.0000   0.0000   0.1961
  -6.750  -0.3634   0.10728   0.10131  -0.0176  1.0000  0.0846  -1.2268   0.0000   0.0000   0.0000   0.1999
  -6.500  -0.3695   0.10670   0.10084  -0.0178  1.0000  0.0858  -1.2708   0.0000   0.0000   0.0000   0.2004
  -6.250  -0.3710   0.10625   0.10050  -0.0210  1.0000  0.0864  -1.3341   0.0000   0.0000   0.0000   0.1922
  -6.000  -0.3619   0.10024   0.09451  -0.0159  1.0000  0.0898  -1.2491   0.0000   0.0000   0.0000   0.2047
  -5.750  -0.3589   0.09782   0.09216  -0.0158  1.0000  0.0932  -1.2488   0.0000   0.0000   0.0000   0.2046
  -5.500  -0.3554   0.09636   0.09077  -0.0189  1.0000  0.0963  -1.2902   0.0000   0.0000   0.0000   0.1955
  -5.000  -0.3443   0.09004   0.08456  -0.0180  1.0000  0.1021  -1.2676   0.0000   0.0000   0.0000   0.1964
  -4.750  -0.3301   0.08818   0.08275  -0.0247  1.0000  0.1073  -1.3137   0.0000   0.0000   0.0000   0.1736
  -4.500  -0.3246   0.08446   0.07909  -0.0230  1.0000  0.1101  -1.2890   0.0000   0.0000   0.0000   0.1778
  -4.250  -0.3112   0.08165   0.07630  -0.0256  1.0000  0.1169  -1.2856   0.0000   0.0000   0.0000   0.1663
  -4.000  -0.2976   0.07831   0.07293  -0.0279  1.0000  0.1214  -1.2835   0.0000   0.0000   0.0000   0.1548
  -3.250  -0.2228   0.06833   0.06291  -0.0445  1.0000  0.1518  -1.2728   0.0000   0.0000   0.0000   0.0479
  -3.000  -0.2031   0.06487   0.05946  -0.0464  1.0000  0.1635  -1.2419   0.0000   0.0000   0.0000   0.0191
  -1.000   0.2674   0.03151   0.02325  -0.1241  1.0000  0.1039  -1.1901   0.0000   0.0000   0.0000   0.7153
  -0.750   0.3233   0.02918   0.02003  -0.1293  1.0000  0.0969  -1.2631   0.0000   0.0000   0.0000   0.6505
  -0.500   0.0859   0.03621   0.03082  -0.0689  1.0000  0.5440  -0.7555   0.0000   0.0000   0.0000   1.0558
  -0.250   0.4066   0.02614   0.01621  -0.1341  1.0000  0.1051  -1.2808   0.0000   0.0000   0.0000   0.5799
   0.000   0.4428   0.02513   0.01494  -0.1351  1.0000  0.1193  -1.2831   0.0000   0.0000   0.0000   0.5548
   0.500   0.5137   0.02202   0.01341  -0.1369  1.0000  1.0000  -1.2262   0.0000   0.0000   0.0000   0.5158
   0.750   0.5376   0.02261   0.01363  -0.1366  1.0000  1.0000  -1.0006   0.0000   0.0000   0.0000   0.5032
   1.000   0.5607   0.02324   0.01401  -0.1363  1.0000  1.0000  -0.7737   0.0000   0.0000   0.0000   0.4920
   1.250   0.5830   0.02394   0.01450  -0.1360  1.0000  1.0000  -0.5532   0.0000   0.0000   0.0000   0.4820
   1.500   0.6047   0.02470   0.01512  -0.1357  1.0000  1.0000  -0.5770   0.0000   0.0000   0.0000   0.4729
   1.750   0.6256   0.02553   0.01586  -0.1355  1.0000  1.0000  -0.6020   0.0000   0.0000   0.0000   0.4647
   2.000   0.6458   0.02644   0.01672  -0.1352  1.0000  1.0000  -0.6275   0.0000   0.0000   0.0000   0.4572
   2.250   0.6652   0.02744   0.01770  -0.1349  1.0000  1.0000  -0.6572   0.0000   0.0000   0.0000   0.4505
   2.500   0.6838   0.02854   0.01880  -0.1347  1.0000  1.0000  -0.6891   0.0000   0.0000   0.0000   0.4444
   2.750   0.7015   0.02976   0.02004  -0.1345  1.0000  1.0000  -0.7204   0.0000   0.0000   0.0000   0.4390
   3.000   0.7230   0.03115   0.02150  -0.1353  0.9972  1.0000  -0.7553   0.0000   0.0000   0.0000   0.4341
   3.250   0.7796   0.03235   0.02283  -0.1421  0.9744  1.0000  -0.8346   0.0000   0.0000   0.0000   0.4290
   3.500   0.8359   0.03293   0.02361  -0.1481  0.9524  1.0000  -0.9239   0.0000   0.0000   0.0000   0.4236
   3.750   0.8906   0.03306   0.02396  -0.1531  0.9293  1.0000  -1.0492   0.0000   0.0000   0.0000   0.4181
   4.000   0.9435   0.03279   0.02405  -0.1571  0.9041  1.0000  -1.2374   0.0000   0.0000   0.0000   0.4125
   4.250   1.0045   0.03178   0.02341  -0.1615  0.8792  1.0000  -1.5574   0.0000   0.0000   0.0000   0.4065
   4.500   1.0605   0.03028   0.02234  -0.1639  0.8497  1.0000  -1.9072   0.0000   0.0000   0.0000   0.4000
   4.750   1.1245   0.02757   0.02029  -0.1658  0.8177  1.0000  -2.3170   0.0000   0.0000   0.0000   0.3927
   5.000   1.1962   0.02414   0.01754  -0.1676  0.7712  1.0000  -2.7795   0.0000   0.0000   0.0000   0.3850
   5.250   1.2491   0.02184   0.01546  -0.1654  0.6573  1.0000  -3.1595   0.0000   0.0000   0.0000   0.3770
   5.500   1.2636   0.02274   0.01528  -0.1593  0.4756  1.0000  -3.3791   0.0000   0.0000   0.0000   0.3702
   5.750   1.2657   0.02514   0.01661  -0.1538  0.3136  1.0000  -3.5181   0.0000   0.0000   0.0000   0.3654
   6.000   1.2686   0.02959   0.01949  -0.1495  0.1504  1.0000  -3.5367   0.0000   0.0000   0.0000   0.3614
   6.250   1.2904   0.03331   0.02271  -0.1473  0.1064  1.0000  -3.5836   0.0000   0.0000   0.0000   0.3574
   6.500   1.3263   0.03675   0.02619  -0.1471  0.0905  1.0000  -3.7627   0.0000   0.0000   0.0000   0.3538
   6.750   1.3571   0.03996   0.02951  -0.1467  0.0792  1.0000  -4.0913   0.0000   0.0000   0.0000   0.3507
   7.000   1.3874   0.04386   0.03382  -0.1459  0.0739  1.0000  -4.3655   0.0000   0.0000   0.0000   0.3475
   7.250   1.4127   0.04818   0.03878  -0.1442  0.0723  1.0000  -4.5534   0.0000   0.0000   0.0000   0.3441
   7.500   1.4308   0.05286   0.04411  -0.1417  0.0722  1.0000  -4.6792   0.0000   0.0000   0.0000   0.3408
   7.750   1.4424   0.05784   0.04988  -0.1386  0.0730  1.0000  -4.7467   0.0000   0.0000   0.0000   0.3376
   8.000   1.4489   0.06306   0.05569  -0.1354  0.0743  1.0000  -4.7878   0.0000   0.0000   0.0000   0.3347
   8.250   1.4548   0.06865   0.06169  -0.1326  0.0758  1.0000  -4.8396   0.0000   0.0000   0.0000   0.3322
   8.500   1.4457   0.07374   0.06753  -0.1281  0.0786  1.0000  -4.7391   0.0000   0.0000   0.0000   0.3295
   8.750   1.4273   0.07940   0.07379  -0.1240  0.0816  1.0000  -4.5958   0.0000   0.0000   0.0000   0.3275
   9.000   1.4140   0.08493   0.07964  -0.1209  0.0840  1.0000  -4.5337   0.0000   0.0000   0.0000   0.3259
   9.250   1.4195   0.09154   0.08631  -0.1198  0.0866  1.0000  -4.5972   0.0000   0.0000   0.0000   0.3245
   9.500   1.3765   0.09498   0.09020  -0.1153  0.0885  1.0000  -4.3769   0.0000   0.0000   0.0000   0.3237
   9.750   1.3433   0.10018   0.09562  -0.1138  0.0895  1.0000  -4.2182   0.0000   0.0000   0.0000   0.3245
  10.000   1.3121   0.10656   0.10202  -0.1151  0.0905  1.0000  -4.0548   0.0000   0.0000   0.0000   0.3272
  10.250   1.2838   0.11433   0.10990  -0.1191  0.0920  1.0000  -3.8657   0.0000   0.0000   0.0000   0.3320
  10.500   1.2829   0.12149   0.11710  -0.1207  0.0978  1.0000  -3.8381   0.0000   0.0000   0.0000   0.3331
  11.000   1.2269   0.14641   0.14191  -0.1431  0.1130  1.0000  -3.0682   0.0000   0.0000   0.0000   0.3554


