xflr5 v6.61

 Calculated polar for: E63_12_00

 1 1 Reynolds number fixed          Mach number fixed         

 xtrf =   1.000 (top)        1.000 (bottom)
 Mach =   0.200     Re =     0.060 e 6     Ncrit =   9.000

  alpha     CL        CD       CDp       Cm    Top Xtr Bot Xtr   Cpmin    Chinge    XCp    
 ------- -------- --------- --------- -------- ------- ------- -------- --------- ---------
 -20.000  -0.5222   0.24538   0.23724  -0.0034  1.0000  0.0686  -1.3382   0.0000   0.0000   0.0000   0.2189
 -19.500  -0.5063   0.24000   0.23189  -0.0057  1.0000  0.0710  -1.3264   0.0000   0.0000   0.0000   0.2147
 -18.500  -0.3163   0.20495   0.19798  -0.0231  1.0000  0.0778  -0.9362   0.0000   0.0000   0.0000   0.1608
 -18.000  -0.3070   0.20090   0.19394  -0.0238  1.0000  0.0807  -0.9269   0.0000   0.0000   0.0000   0.1563
 -17.500  -0.3004   0.19768   0.19074  -0.0249  1.0000  0.0839  -0.9394   0.0000   0.0000   0.0000   0.1512
 -17.000  -0.3019   0.19747   0.19053  -0.0267  1.0000  0.0862  -1.0020   0.0000   0.0000   0.0000   0.1457
 -16.500  -0.2888   0.19102   0.18414  -0.0267  1.0000  0.0886  -0.9668   0.0000   0.0000   0.0000   0.1416
 -16.000  -0.2807   0.18740   0.18054  -0.0270  1.0000  0.0932  -0.9540   0.0000   0.0000   0.0000   0.1377
 -15.500  -0.2823   0.18675   0.17990  -0.0283  1.0000  0.0966  -1.0024   0.0000   0.0000   0.0000   0.1337
 -15.000  -0.2765   0.18261   0.17582  -0.0287  1.0000  0.0981  -1.0059   0.0000   0.0000   0.0000   0.1301
 -14.500  -0.2652   0.17754   0.17075  -0.0284  1.0000  0.1019  -0.9687   0.0000   0.0000   0.0000   0.1269
 -14.000  -0.2633   0.17459   0.16782  -0.0289  1.0000  0.1062  -1.0050   0.0000   0.0000   0.0000   0.1242
 -13.500  -0.2723   0.17344   0.16673  -0.0303  1.0000  0.1080  -1.0930   0.0000   0.0000   0.0000   0.1235
 -13.000  -0.2530   0.16571   0.15903  -0.0288  1.0000  0.1121  -1.0358   0.0000   0.0000   0.0000   0.1203
 -12.500  -0.2523   0.16209   0.15547  -0.0290  1.0000  0.1171  -1.0681   0.0000   0.0000   0.0000   0.1195
 -12.000  -0.2570   0.15860   0.15206  -0.0296  1.0000  0.1193  -1.1258   0.0000   0.0000   0.0000   0.1200
 -11.500  -0.2429   0.15228   0.14579  -0.0281  1.0000  0.1243  -1.0847   0.0000   0.0000   0.0000   0.1193
 -11.000  -0.2524   0.14947   0.14306  -0.0287  1.0000  0.1291  -1.1519   0.0000   0.0000   0.0000   0.1226
 -10.500  -0.2402   0.14283   0.13651  -0.0271  1.0000  0.1330  -1.1200   0.0000   0.0000   0.0000   0.1236
 -10.000  -0.2450   0.13896   0.13275  -0.0266  1.0000  0.1394  -1.1549   0.0000   0.0000   0.0000   0.1287
  -9.750  -0.2945   0.13695   0.13022  -0.0271  1.0000  0.1387  -1.3344   0.0000   0.0000   0.0000   0.1427
  -9.500  -0.2401   0.13323   0.12708  -0.0251  1.0000  0.1436  -1.1495   0.0000   0.0000   0.0000   0.1333
  -9.250  -0.2919   0.13158   0.12498  -0.0263  1.0000  0.1428  -1.3452   0.0000   0.0000   0.0000   0.1456
  -9.000  -0.2500   0.12964   0.12361  -0.0242  1.0000  0.1505  -1.1942   0.0000   0.0000   0.0000   0.1421
  -8.750  -0.2959   0.12766   0.12120  -0.0253  1.0000  0.1502  -1.3715   0.0000   0.0000   0.0000   0.1512
  -8.250  -0.2895   0.12182   0.11545  -0.0232  1.0000  0.1560  -1.3581   0.0000   0.0000   0.0000   0.1571
  -8.000  -0.2958   0.12023   0.11393  -0.0226  1.0000  0.1605  -1.3828   0.0000   0.0000   0.0000   0.1619
  -7.750  -0.3179   0.12021   0.11405  -0.0224  1.0000  0.1621  -1.4582   0.0000   0.0000   0.0000   0.1691
  -7.500  -0.2965   0.11514   0.10899  -0.0201  1.0000  0.1672  -1.3902   0.0000   0.0000   0.0000   0.1710
  -7.250  -0.3089   0.11404   0.10799  -0.0192  1.0000  0.1720  -1.4284   0.0000   0.0000   0.0000   0.1779
  -7.000  -0.3355   0.11418   0.10828  -0.0181  1.0000  0.1732  -1.5041   0.0000   0.0000   0.0000   0.1873
  -6.750  -0.3172   0.10977   0.10389  -0.0159  1.0000  0.1825  -1.4535   0.0000   0.0000   0.0000   0.1909
  -6.500  -0.3169   0.10725   0.10145  -0.0138  1.0000  0.1902  -1.4633   0.0000   0.0000   0.0000   0.1977
  -6.250  -0.3396   0.10691   0.10123  -0.0118  1.0000  0.1942  -1.5168   0.0000   0.0000   0.0000   0.2076
  -6.000  -0.3399   0.10455   0.09894  -0.0093  1.0000  0.2041  -1.5209   0.0000   0.0000   0.0000   0.2152
  -5.750  -0.3616   0.10365   0.09817  -0.0073  1.0000  0.2071  -1.5705   0.0000   0.0000   0.0000   0.2231
  -5.500  -0.3729   0.10250   0.09711  -0.0064  1.0000  0.2168  -1.5988   0.0000   0.0000   0.0000   0.2267
  -5.250  -0.3765   0.10048   0.09516  -0.0049  1.0000  0.2278  -1.6071   0.0000   0.0000   0.0000   0.2312
  -5.000  -0.3714   0.09768   0.09241  -0.0019  1.0000  0.2374  -1.5868   0.0000   0.0000   0.0000   0.2391
  -4.750  -0.3729   0.09516   0.08995  -0.0006  1.0000  0.2423  -1.5896   0.0000   0.0000   0.0000   0.2431
  -4.500  -0.3842   0.09360   0.08847  -0.0041  1.0000  0.2500  -1.6414   0.0000   0.0000   0.0000   0.2345
  -4.250  -0.3770   0.09071   0.08561   0.0004  1.0000  0.2547  -1.5968   0.0000   0.0000   0.0000   0.2463
  -4.000  -0.3791   0.08834   0.08329  -0.0018  1.0000  0.2624  -1.6150   0.0000   0.0000   0.0000   0.2408
  -3.750  -0.3759   0.08596   0.08093  -0.0050  1.0000  0.2721  -1.6240   0.0000   0.0000   0.0000   0.2323
  -3.500  -0.3714   0.08356   0.07858  -0.0010  1.0000  0.2769  -1.5796   0.0000   0.0000   0.0000   0.2431
  -3.250  -0.3652   0.08100   0.07604  -0.0028  1.0000  0.2859  -1.5675   0.0000   0.0000   0.0000   0.2382
  -3.000  -0.3563   0.07847   0.07353  -0.0048  1.0000  0.2961  -1.5471   0.0000   0.0000   0.0000   0.2325
  -2.750  -0.3475   0.07623   0.07132  -0.0052  1.0000  0.3080  -1.5127   0.0000   0.0000   0.0000   0.2312
  -2.500  -0.2133   0.05633   0.05034  -0.0573  1.0000  0.1940  -1.7228   0.0000   0.0000   0.0000  -0.0250
  -2.250  -0.1185   0.04498   0.03773  -0.0810  1.0000  0.1738  -1.7609   0.0000   0.0000   0.0000  -0.4453
  -2.000  -0.0901   0.04338   0.03599  -0.0834  1.0000  0.1768  -1.6729   0.0000   0.0000   0.0000  -0.6892
  -1.750  -0.0261   0.04187   0.03406  -0.0921  0.9909  0.1912  -1.5188   0.0000   0.0000   0.0000  -3.3265
  -1.500   0.0402   0.04068   0.03244  -0.1005  0.9798  0.2094  -1.4270   0.0000   0.0000   0.0000   2.7742
  -1.250   0.0933   0.04019   0.03177  -0.1060  0.9665  0.2315  -1.3391   0.0000   0.0000   0.0000   1.3947
  -1.000   0.1462   0.03967   0.03105  -0.1111  0.9536  0.2538  -1.2481   0.0000   0.0000   0.0000   1.0147
  -0.750   0.2000   0.03923   0.03047  -0.1161  0.9412  0.2774  -1.1512   0.0000   0.0000   0.0000   0.8327
  -0.500   0.2431   0.03888   0.03006  -0.1191  0.9258  0.3015  -1.0762   0.0000   0.0000   0.0000   0.7414
  -0.250   0.2922   0.03852   0.02963  -0.1230  0.9122  0.3286  -0.9907   0.0000   0.0000   0.0000   0.6711
   0.250   0.3818   0.03783   0.02900  -0.1286  0.8830  0.3894  -0.8201   0.0000   0.0000   0.0000   0.5858
   0.500   0.4303   0.03735   0.02862  -0.1316  0.8693  0.4298  -0.7529   0.0000   0.0000   0.0000   0.5543
   0.750   0.4731   0.03688   0.02823  -0.1336  0.8539  0.4728  -0.7956   0.0000   0.0000   0.0000   0.5302
   1.000   0.5161   0.03627   0.02780  -0.1351  0.8388  0.5310  -0.8407   0.0000   0.0000   0.0000   0.5094
   1.250   0.5629   0.03524   0.02710  -0.1367  0.8257  0.6145  -0.8904   0.0000   0.0000   0.0000   0.4900
   1.500   0.5918   0.03429   0.02664  -0.1351  0.8097  0.7258  -0.9278   0.0000   0.0000   0.0000   0.4750
   2.000   0.6881   0.03172   0.02388  -0.1387  0.7820  1.0000  -1.0398   0.0000   0.0000   0.0000   0.4476
   2.250   0.7286   0.03123   0.02320  -0.1395  0.7647  1.0000  -1.0935   0.0000   0.0000   0.0000   0.4372
   2.500   0.7847   0.02996   0.02176  -0.1421  0.7513  1.0000  -1.1684   0.0000   0.0000   0.0000   0.4264
   3.000   0.8968   0.02765   0.01920  -0.1474  0.7185  1.0000  -1.3213   0.0000   0.0000   0.0000   0.4091
   3.250   0.9482   0.02685   0.01827  -0.1495  0.6982  1.0000  -1.3940   0.0000   0.0000   0.0000   0.4021
   3.500   0.9974   0.02626   0.01753  -0.1514  0.6760  1.0000  -1.4686   0.0000   0.0000   0.0000   0.3959
   3.750   1.0427   0.02594   0.01704  -0.1528  0.6525  1.0000  -1.5416   0.0000   0.0000   0.0000   0.3903
   4.000   1.0821   0.02595   0.01686  -0.1535  0.6283  1.0000  -1.6115   0.0000   0.0000   0.0000   0.3853
   4.250   1.1120   0.02632   0.01711  -0.1528  0.6039  1.0000  -1.6702   0.0000   0.0000   0.0000   0.3806
   4.500   1.1421   0.02676   0.01740  -0.1523  0.5803  1.0000  -1.7294   0.0000   0.0000   0.0000   0.3761
   4.750   1.1709   0.02730   0.01778  -0.1516  0.5577  1.0000  -1.7873   0.0000   0.0000   0.0000   0.3719
   5.000   1.1983   0.02792   0.01827  -0.1507  0.5361  1.0000  -1.8479   0.0000   0.0000   0.0000   0.3678
   5.250   1.2249   0.02861   0.01887  -0.1497  0.5155  1.0000  -1.9080   0.0000   0.0000   0.0000   0.3640
   5.500   1.2525   0.02933   0.01943  -0.1490  0.4961  1.0000  -1.9698   0.0000   0.0000   0.0000   0.3603
   5.750   1.2765   0.03015   0.02016  -0.1477  0.4774  1.0000  -2.0273   0.0000   0.0000   0.0000   0.3568
   6.000   1.2978   0.03109   0.02105  -0.1461  0.4597  1.0000  -2.0853   0.0000   0.0000   0.0000   0.3533
   6.250   1.3258   0.03190   0.02169  -0.1455  0.4432  1.0000  -2.1544   0.0000   0.0000   0.0000   0.3501
   6.500   1.3435   0.03299   0.02281  -0.1434  0.4273  1.0000  -2.2067   0.0000   0.0000   0.0000   0.3468
   6.750   1.3671   0.03399   0.02374  -0.1423  0.4125  1.0000  -2.2688   0.0000   0.0000   0.0000   0.3437
   7.000   1.3935   0.03499   0.02463  -0.1416  0.3987  1.0000  -2.3353   0.0000   0.0000   0.0000   0.3409
   7.250   1.4102   0.03629   0.02610  -0.1395  0.3858  1.0000  -2.3851   0.0000   0.0000   0.0000   0.3378
   7.500   1.4284   0.03758   0.02744  -0.1376  0.3735  1.0000  -2.4374   0.0000   0.0000   0.0000   0.3349
   7.750   1.4469   0.03890   0.02880  -0.1359  0.3618  1.0000  -2.5099   0.0000   0.0000   0.0000   0.3321
   8.000   1.4648   0.04026   0.03020  -0.1341  0.3507  1.0000  -2.5851   0.0000   0.0000   0.0000   0.3293
   8.250   1.4822   0.04171   0.03171  -0.1322  0.3404  1.0000  -2.6592   0.0000   0.0000   0.0000   0.3267
   8.500   1.4998   0.04318   0.03322  -0.1304  0.3306  1.0000  -2.7343   0.0000   0.0000   0.0000   0.3241
   8.750   1.5198   0.04462   0.03469  -0.1290  0.3212  1.0000  -2.8149   0.0000   0.0000   0.0000   0.3216
   9.000   1.5342   0.04632   0.03649  -0.1269  0.3127  1.0000  -2.8827   0.0000   0.0000   0.0000   0.3191
   9.250   1.5334   0.04861   0.03906  -0.1230  0.3054  1.0000  -2.9166   0.0000   0.0000   0.0000   0.3162
   9.500   1.5456   0.05046   0.04100  -0.1208  0.2978  1.0000  -2.9801   0.0000   0.0000   0.0000   0.3137
   9.750   1.5720   0.05181   0.04228  -0.1203  0.2896  1.0000  -3.0767   0.0000   0.0000   0.0000   0.3117
  10.000   1.5451   0.05523   0.04616  -0.1137  0.2850  1.0000  -3.0507   0.0000   0.0000   0.0000   0.3085
  10.250   1.5696   0.05682   0.04781  -0.1131  0.2781  1.0000  -3.1414   0.0000   0.0000   0.0000   0.3065
  10.500   1.5286   0.06088   0.05227  -0.1056  0.2753  1.0000  -3.0832   0.0000   0.0000   0.0000   0.3033
  10.750   1.4957   0.06499   0.05666  -0.0999  0.2722  1.0000  -3.0424   0.0000   0.0000   0.0000   0.3007
  11.000   1.5042   0.06726   0.05898  -0.0980  0.2666  1.0000  -3.0962   0.0000   0.0000   0.0000   0.2986
  11.250   1.4264   0.07554   0.06752  -0.0924  0.2667  1.0000  -2.9400   0.0000   0.0000   0.0000   0.2980
  13.750   0.8173   0.18295   0.17657  -0.1250  0.3121  1.0000  -1.1132   0.0000   0.0000   0.0000   0.3876
  14.000   0.8073   0.18445   0.17812  -0.1263  0.3051  1.0000  -1.0756   0.0000   0.0000   0.0000   0.3909
  14.250   0.8251   0.18883   0.18252  -0.1264  0.3004  1.0000  -1.1071   0.0000   0.0000   0.0000   0.3873
  14.500   0.8183   0.19017   0.18392  -0.1276  0.2921  1.0000  -1.0758   0.0000   0.0000   0.0000   0.3898
  14.750   0.8184   0.19270   0.18657  -0.1286  0.2849  1.0000  -1.0596   0.0000   0.0000   0.0000   0.3906
  15.000   0.8336   0.19662   0.19051  -0.1287  0.2783  1.0000  -1.0832   0.0000   0.0000   0.0000   0.3875
  18.000   1.1547   0.24451   0.23772  -0.1707  0.2243  1.0000  -1.8392   0.0000   0.0000   0.0000   0.3724
  19.000   0.8813   0.24409   0.23869  -0.1460  0.1993  1.0000  -1.2103   0.0000   0.0000   0.0000   0.3925
  19.500   0.8916   0.25114   0.24591  -0.1479  0.1910  1.0000  -1.2329   0.0000   0.0000   0.0000   0.3918
  20.000   0.9044   0.25874   0.25363  -0.1495  0.1819  1.0000  -1.2544   0.0000   0.0000   0.0000   0.3902


