xflr5 v6.61

 Calculated polar for: E63_12_00

 1 1 Reynolds number fixed          Mach number fixed         

 xtrf =   1.000 (top)        1.000 (bottom)
 Mach =   0.200     Re =     0.100 e 6     Ncrit =   7.000

  alpha     CL        CD       CDp       Cm    Top Xtr Bot Xtr   Cpmin    Chinge    XCp    
 ------- -------- --------- --------- -------- ------- ------- -------- --------- ---------
 -28.500  -0.4740   0.28754   0.28233   0.0118  1.0000  0.0285  -0.9455   0.0000   0.0000   0.0000   0.2534
 -28.000  -0.4638   0.27988   0.27464   0.0103  1.0000  0.0291  -0.8926   0.0000   0.0000   0.0000   0.2514
 -27.500  -0.4559   0.27508   0.26982   0.0084  1.0000  0.0298  -0.8660   0.0000   0.0000   0.0000   0.2481
 -27.000  -0.4484   0.27072   0.26543   0.0064  1.0000  0.0307  -0.8483   0.0000   0.0000   0.0000   0.2444
 -26.500  -0.4408   0.26646   0.26115   0.0043  1.0000  0.0320  -0.8321   0.0000   0.0000   0.0000   0.2405
 -26.000  -0.4332   0.26221   0.25688   0.0022  1.0000  0.0334  -0.8238   0.0000   0.0000   0.0000   0.2363
 -25.500  -0.4257   0.25796   0.25260   0.0002  1.0000  0.0345  -0.8374   0.0000   0.0000   0.0000   0.2320
 -25.000  -0.4182   0.25377   0.24839  -0.0019  1.0000  0.0356  -0.8537   0.0000   0.0000   0.0000   0.2274
 -24.500  -0.4109   0.24975   0.24436  -0.0040  1.0000  0.0364  -0.8755   0.0000   0.0000   0.0000   0.2224
 -24.000  -0.4042   0.24613   0.24072  -0.0061  1.0000  0.0369  -0.9040   0.0000   0.0000   0.0000   0.2171
 -23.500  -0.3984   0.24305   0.23762  -0.0084  1.0000  0.0371  -0.9372   0.0000   0.0000   0.0000   0.2114
 -23.000  -0.3937   0.24051   0.23507  -0.0106  1.0000  0.0373  -0.9740   0.0000   0.0000   0.0000   0.2057
 -22.500  -0.3897   0.23814   0.23271  -0.0128  1.0000  0.0374  -1.0092   0.0000   0.0000   0.0000   0.2000
 -22.000  -0.3737   0.22920   0.22375  -0.0131  1.0000  0.0381  -0.9218   0.0000   0.0000   0.0000   0.1979
 -21.500  -0.3641   0.22478   0.21934  -0.0143  1.0000  0.0392  -0.8854   0.0000   0.0000   0.0000   0.1941
 -21.000  -0.3553   0.22086   0.21542  -0.0156  1.0000  0.0406  -0.8811   0.0000   0.0000   0.0000   0.1896
 -20.500  -0.3472   0.21707   0.21163  -0.0170  1.0000  0.0427  -0.8933   0.0000   0.0000   0.0000   0.1847
 -20.000  -0.3403   0.21355   0.20811  -0.0186  1.0000  0.0448  -0.9301   0.0000   0.0000   0.0000   0.1789
 -19.500  -0.3364   0.21121   0.20577  -0.0206  1.0000  0.0457  -0.9995   0.0000   0.0000   0.0000   0.1723
 -19.000  -0.3358   0.21008   0.20465  -0.0227  1.0000  0.0460  -1.0804   0.0000   0.0000   0.0000   0.1661
 -18.500  -0.3260   0.20432   0.19889  -0.0235  1.0000  0.0464  -1.0807   0.0000   0.0000   0.0000   0.1616
 -18.000  -0.3122   0.19829   0.19288  -0.0234  1.0000  0.0476  -1.0183   0.0000   0.0000   0.0000   0.1587
 -17.500  -0.3034   0.19451   0.18911  -0.0239  1.0000  0.0491  -1.0004   0.0000   0.0000   0.0000   0.1548
 -17.000  -0.2960   0.19101   0.18563  -0.0247  1.0000  0.0509  -0.9992   0.0000   0.0000   0.0000   0.1504
 -16.500  -0.2900   0.18767   0.18231  -0.0255  1.0000  0.0530  -1.0116   0.0000   0.0000   0.0000   0.1458
 -16.000  -0.2875   0.18513   0.17978  -0.0268  1.0000  0.0550  -1.0593   0.0000   0.0000   0.0000   0.1406
 -15.500  -0.2921   0.18458   0.17924  -0.0285  1.0000  0.0557  -1.1489   0.0000   0.0000   0.0000   0.1360
 -15.000  -0.2883   0.18044   0.17515  -0.0292  1.0000  0.0561  -1.1723   0.0000   0.0000   0.0000   0.1325
 -14.500  -0.2718   0.17413   0.16885  -0.0279  1.0000  0.0579  -1.0756   0.0000   0.0000   0.0000   0.1309
 -14.000  -0.2650   0.17036   0.16510  -0.0278  1.0000  0.0615  -1.0477   0.0000   0.0000   0.0000   0.1290
 -13.500  -0.2692   0.16752   0.16229  -0.0291  1.0000  0.0653  -1.1354   0.0000   0.0000   0.0000   0.1258
 -13.000  -0.2844   0.16593   0.16073  -0.0312  1.0000  0.0658  -1.2858   0.0000   0.0000   0.0000   0.1252
 -12.500  -0.2593   0.15743   0.15229  -0.0287  1.0000  0.0675  -1.1672   0.0000   0.0000   0.0000   0.1238
 -12.000  -0.2528   0.15275   0.14766  -0.0279  1.0000  0.0698  -1.1549   0.0000   0.0000   0.0000   0.1241
 -11.500  -0.2506   0.14812   0.14308  -0.0277  1.0000  0.0726  -1.1757   0.0000   0.0000   0.0000   0.1246
 -11.000  -0.2581   0.14394   0.13896  -0.0285  1.0000  0.0751  -1.2642   0.0000   0.0000   0.0000   0.1254
 -10.500  -0.2740   0.14017   0.13527  -0.0296  1.0000  0.0757  -1.3879   0.0000   0.0000   0.0000   0.1289
 -10.000  -0.2613   0.13316   0.12834  -0.0276  1.0000  0.0766  -1.3380   0.0000   0.0000   0.0000   0.1317
  -9.500  -0.2530   0.12784   0.12310  -0.0254  1.0000  0.0783  -1.2891   0.0000   0.0000   0.0000   0.1374
  -9.000  -0.2533   0.12296   0.11830  -0.0238  1.0000  0.0800  -1.2912   0.0000   0.0000   0.0000   0.1444
  -8.000  -0.3350   0.10785   0.10294  -0.0272  1.0000  0.0551  -1.9244   0.0000   0.0000   0.0000   0.1567
  -7.500  -0.3412   0.10283   0.09804  -0.0247  1.0000  0.0538  -1.9475   0.0000   0.0000   0.0000   0.1666
  -7.000  -0.3604   0.09766   0.09301  -0.0222  1.0000  0.0531  -2.0458   0.0000   0.0000   0.0000   0.1785
  -6.500  -0.3915   0.09291   0.08842  -0.0186  1.0000  0.0527  -2.1771   0.0000   0.0000   0.0000   0.1939
  -6.000  -0.3911   0.08059   0.07614  -0.0315  0.9912  0.0541  -2.4848   0.0000   0.0000   0.0000   0.1608
  -5.500  -0.3410   0.06614   0.06157  -0.0546  0.9769  0.0598  -2.6875   0.0000   0.0000   0.0000   0.0802
  -5.000  -0.2118   0.03163   0.02429  -0.1108  0.9744  0.0667  -3.2949   0.0000   0.0000   0.0000  -0.2901
  -4.500  -0.1298   0.02966   0.02170  -0.1172  0.9641  0.0755  -2.9225   0.0000   0.0000   0.0000  -0.6779
  -4.000  -0.0514   0.02922   0.02121  -0.1222  0.9524  0.0891  -2.5038   0.0000   0.0000   0.0000  -2.1798
  -3.500   0.0298   0.02816   0.01989  -0.1273  0.9408  0.1054  -2.1297   0.0000   0.0000   0.0000   4.6020
  -3.000   0.1059   0.02660   0.01810  -0.1311  0.9263  0.1211  -1.8210   0.0000   0.0000   0.0000   1.5061
  -2.500   0.1856   0.02572   0.01717  -0.1351  0.9124  0.1468  -1.6003   0.0000   0.0000   0.0000   0.9865
  -2.000   0.2627   0.02493   0.01636  -0.1385  0.8971  0.1777  -1.3788   0.0000   0.0000   0.0000   0.7813
  -1.500   0.3397   0.02387   0.01530  -0.1414  0.8808  0.2083  -1.1708   0.0000   0.0000   0.0000   0.6682
  -1.000   0.4154   0.02276   0.01428  -0.1438  0.8636  0.2428  -0.9905   0.0000   0.0000   0.0000   0.5967
  -0.500   0.4945   0.02141   0.01307  -0.1465  0.8478  0.2853  -0.8083   0.0000   0.0000   0.0000   0.5455
   0.000   0.5698   0.02014   0.01202  -0.1483  0.8281  0.3408  -0.8610   0.0000   0.0000   0.0000   0.5087
   1.000   0.7311   0.01752   0.01004  -0.1536  0.7771  0.5388  -1.0488   0.0000   0.0000   0.0000   0.4569
   1.500   0.8039   0.01641   0.00946  -0.1542  0.7413  0.7463  -1.1470   0.0000   0.0000   0.0000   0.4381
   2.000   0.8707   0.01581   0.00876  -0.1541  0.6974  1.0000  -1.2525   0.0000   0.0000   0.0000   0.4226
   2.500   0.9378   0.01615   0.00864  -0.1549  0.6471  1.0000  -1.3603   0.0000   0.0000   0.0000   0.4102
   3.000   0.9961   0.01674   0.00880  -0.1542  0.5971  1.0000  -1.4614   0.0000   0.0000   0.0000   0.3991
   3.500   1.0471   0.01751   0.00920  -0.1522  0.5491  1.0000  -1.5623   0.0000   0.0000   0.0000   0.3890
   4.000   1.0952   0.01840   0.00976  -0.1498  0.5052  1.0000  -1.6697   0.0000   0.0000   0.0000   0.3798
   4.500   1.1411   0.01938   0.01042  -0.1472  0.4652  1.0000  -1.7762   0.0000   0.0000   0.0000   0.3713
   5.000   1.1849   0.02042   0.01122  -0.1442  0.4283  1.0000  -1.8849   0.0000   0.0000   0.0000   0.3634
   5.500   1.2277   0.02154   0.01217  -0.1412  0.3953  1.0000  -1.9986   0.0000   0.0000   0.0000   0.3560
   6.000   1.2699   0.02274   0.01314  -0.1381  0.3660  1.0000  -2.1175   0.0000   0.0000   0.0000   0.3491
   6.500   1.3105   0.02398   0.01429  -0.1349  0.3396  1.0000  -2.2400   0.0000   0.0000   0.0000   0.3425
   7.000   1.3504   0.02532   0.01553  -0.1316  0.3163  1.0000  -2.3631   0.0000   0.0000   0.0000   0.3363
   7.500   1.3888   0.02673   0.01696  -0.1281  0.2951  1.0000  -2.4853   0.0000   0.0000   0.0000   0.3304
   8.000   1.4264   0.02824   0.01842  -0.1247  0.2762  1.0000  -2.6343   0.0000   0.0000   0.0000   0.3247
   8.500   1.4629   0.02986   0.02002  -0.1211  0.2591  1.0000  -2.8013   0.0000   0.0000   0.0000   0.3193
   9.000   1.4983   0.03161   0.02180  -0.1175  0.2438  1.0000  -2.9681   0.0000   0.0000   0.0000   0.3142
   9.500   1.5303   0.03349   0.02378  -0.1136  0.2295  1.0000  -3.1299   0.0000   0.0000   0.0000   0.3091
  10.000   1.5621   0.03552   0.02596  -0.1098  0.2170  1.0000  -3.2934   0.0000   0.0000   0.0000   0.3044
  10.500   1.5901   0.03767   0.02823  -0.1056  0.2054  1.0000  -3.4510   0.0000   0.0000   0.0000   0.2996
  11.000   1.6120   0.03998   0.03068  -0.1009  0.1942  1.0000  -3.5980   0.0000   0.0000   0.0000   0.2949
  11.500   1.6274   0.04254   0.03343  -0.0958  0.1836  1.0000  -3.7324   0.0000   0.0000   0.0000   0.2903
  12.000   1.6356   0.04544   0.03659  -0.0904  0.1733  1.0000  -3.8595   0.0000   0.0000   0.0000   0.2858
  12.500   1.6389   0.04887   0.04028  -0.0854  0.1637  1.0000  -4.0274   0.0000   0.0000   0.0000   0.2817
  13.000   1.6392   0.05288   0.04456  -0.0811  0.1550  1.0000  -4.1850   0.0000   0.0000   0.0000   0.2780
  13.500   1.6399   0.05726   0.04914  -0.0777  0.1472  1.0000  -4.3442   0.0000   0.0000   0.0000   0.2749
  14.000   1.6370   0.06232   0.05445  -0.0751  0.1400  1.0000  -4.4884   0.0000   0.0000   0.0000   0.2723
  14.500   1.6201   0.06953   0.06214  -0.0737  0.1338  1.0000  -4.5683   0.0000   0.0000   0.0000   0.2708
  15.000   1.6211   0.07510   0.06783  -0.0729  0.1280  1.0000  -4.7229   0.0000   0.0000   0.0000   0.2692
  15.500   1.5819   0.08663   0.07997  -0.0751  0.1233  1.0000  -4.6890   0.0000   0.0000   0.0000   0.2706
  16.000   1.5783   0.09376   0.08725  -0.0764  0.1184  1.0000  -4.8088   0.0000   0.0000   0.0000   0.2703
  16.500   1.5057   0.11304   0.10716  -0.0859  0.1151  1.0000  -4.5717   0.0000   0.0000   0.0000   0.2780
  17.000   1.3202   0.16085   0.15548  -0.1182  0.1079  1.0000  -3.5587   0.0000   0.0000   0.0000   0.3109
  18.500   1.2504   0.21054   0.20533  -0.1508  0.0875  1.0000  -2.9451   0.0000   0.0000   0.0000   0.3408
  19.000   1.2374   0.22559   0.22041  -0.1616  0.0816  1.0000  -2.7301   0.0000   0.0000   0.0000   0.3504
  19.500   1.2566   0.22971   0.22461  -0.1639  0.0777  1.0000  -2.8609   0.0000   0.0000   0.0000   0.3489
  20.000   1.2572   0.24073   0.23569  -0.1717  0.0743  1.0000  -2.7537   0.0000   0.0000   0.0000   0.3543


