xflr5 v6.61

 Calculated polar for: E63_4_27

 1 1 Reynolds number fixed          Mach number fixed         

 xtrf =   1.000 (top)        1.000 (bottom)
 Mach =   0.200     Re =     0.100 e 6     Ncrit =   9.000

  alpha     CL        CD       CDp       Cm    Top Xtr Bot Xtr   Cpmin    Chinge    XCp    
 ------- -------- --------- --------- -------- ------- ------- -------- --------- ---------
 -18.500  -0.5937   0.23143   0.22566   0.0078  1.0000  0.0170  -1.4080   0.0000   0.0000   0.0000   0.2584
 -18.000  -0.5793   0.22538   0.21963   0.0055  1.0000  0.0177  -1.3578   0.0000   0.0000   0.0000   0.2549
 -17.500  -0.5648   0.21962   0.21384   0.0031  1.0000  0.0185  -1.3193   0.0000   0.0000   0.0000   0.2511
 -17.000  -0.5504   0.21389   0.20813   0.0007  1.0000  0.0193  -1.2846   0.0000   0.0000   0.0000   0.2472
 -16.500  -0.5361   0.20817   0.20243  -0.0016  1.0000  0.0202  -1.2516   0.0000   0.0000   0.0000   0.2431
 -16.000  -0.5220   0.20261   0.19689  -0.0039  1.0000  0.0212  -1.2292   0.0000   0.0000   0.0000   0.2388
 -15.500  -0.5084   0.19795   0.19226  -0.0066  1.0000  0.0219  -1.2853   0.0000   0.0000   0.0000   0.2336
 -15.000  -0.4976   0.19458   0.18894  -0.0095  1.0000  0.0221  -1.3701   0.0000   0.0000   0.0000   0.2276
 -14.500  -0.4828   0.18617   0.18056  -0.0104  1.0000  0.0226  -1.3314   0.0000   0.0000   0.0000   0.2252
 -14.000  -0.4697   0.17937   0.17379  -0.0114  1.0000  0.0237  -1.2860   0.0000   0.0000   0.0000   0.2226
 -13.500  -0.4574   0.17354   0.16795  -0.0128  1.0000  0.0248  -1.2816   0.0000   0.0000   0.0000   0.2189
 -13.000  -0.4455   0.16792   0.16236  -0.0143  1.0000  0.0261  -1.2928   0.0000   0.0000   0.0000   0.2150
 -12.500  -0.4342   0.16287   0.15735  -0.0160  1.0000  0.0273  -1.3265   0.0000   0.0000   0.0000   0.2104
 -12.000  -0.4264   0.15977   0.15431  -0.0183  1.0000  0.0280  -1.4031   0.0000   0.0000   0.0000   0.2044
 -11.500  -0.4235   0.15772   0.15234  -0.0207  1.0000  0.0283  -1.4889   0.0000   0.0000   0.0000   0.1989
 -11.000  -0.4048   0.14619   0.14085  -0.0195  1.0000  0.0293  -1.3657   0.0000   0.0000   0.0000   0.1993
 -10.500  -0.3939   0.13973   0.13443  -0.0195  1.0000  0.0307  -1.2972   0.0000   0.0000   0.0000   0.1981
 -10.000  -0.3847   0.13422   0.12898  -0.0198  1.0000  0.0322  -1.2623   0.0000   0.0000   0.0000   0.1960
  -9.750  -0.3805   0.13158   0.12637  -0.0200  1.0000  0.0330  -1.2494   0.0000   0.0000   0.0000   0.1950
  -9.500  -0.3765   0.12899   0.12381  -0.0202  1.0000  0.0338  -1.2391   0.0000   0.0000   0.0000   0.1941
  -9.250  -0.3728   0.12649   0.12130  -0.0204  1.0000  0.0346  -1.2326   0.0000   0.0000   0.0000   0.1931
  -9.000  -0.3695   0.12413   0.11898  -0.0205  1.0000  0.0355  -1.2296   0.0000   0.0000   0.0000   0.1922
  -8.750  -0.3670   0.12206   0.11696  -0.0208  1.0000  0.0362  -1.2358   0.0000   0.0000   0.0000   0.1912
  -8.500  -0.3660   0.12047   0.11541  -0.0211  1.0000  0.0367  -1.2546   0.0000   0.0000   0.0000   0.1902
  -8.250  -0.3670   0.11926   0.11427  -0.0214  1.0000  0.0370  -1.2818   0.0000   0.0000   0.0000   0.1897
  -8.000  -0.3699   0.11828   0.11336  -0.0215  1.0000  0.0372  -1.3271   0.0000   0.0000   0.0000   0.1902
  -7.750  -0.3746   0.11743   0.11259  -0.0211  1.0000  0.0373  -1.3743   0.0000   0.0000   0.0000   0.1920
  -7.500  -0.3810   0.11664   0.11188  -0.0203  1.0000  0.0373  -1.4204   0.0000   0.0000   0.0000   0.1953
  -7.250  -0.3587   0.10807   0.10328  -0.0186  1.0000  0.0388  -1.2721   0.0000   0.0000   0.0000   0.1964
  -7.000  -0.3575   0.10558   0.10085  -0.0174  1.0000  0.0398  -1.2546   0.0000   0.0000   0.0000   0.1996
  -6.750  -0.3586   0.10355   0.09887  -0.0162  1.0000  0.0408  -1.2532   0.0000   0.0000   0.0000   0.2033
  -6.500  -0.3615   0.10176   0.09715  -0.0147  1.0000  0.0417  -1.2601   0.0000   0.0000   0.0000   0.2078
  -6.250  -0.3649   0.10005   0.09551  -0.0134  1.0000  0.0428  -1.2728   0.0000   0.0000   0.0000   0.2119
  -6.000  -0.3648   0.09813   0.09365  -0.0133  1.0000  0.0440  -1.2933   0.0000   0.0000   0.0000   0.2121
  -5.750  -0.3628   0.09652   0.09211  -0.0150  1.0000  0.0452  -1.3394   0.0000   0.0000   0.0000   0.2074
  -5.500  -0.3550   0.09523   0.09088  -0.0204  1.0000  0.0458  -1.4244   0.0000   0.0000   0.0000   0.1914
  -5.000  -0.3483   0.08797   0.08372  -0.0167  1.0000  0.0482  -1.3462   0.0000   0.0000   0.0000   0.2008
  -4.750  -0.3415   0.08520   0.08097  -0.0170  1.0000  0.0504  -1.3203   0.0000   0.0000   0.0000   0.1990
  -4.500  -0.3297   0.08242   0.07823  -0.0198  1.0000  0.0532  -1.3281   0.0000   0.0000   0.0000   0.1885
  -4.000  -0.2911   0.07572   0.07155  -0.0303  1.0000  0.0572  -1.3826   0.0000   0.0000   0.0000   0.1442
  -3.500  -0.2131   0.06818   0.06382  -0.0509  1.0000  0.0660  -1.4514   0.0000   0.0000   0.0000   0.0089
  -3.000  -0.1540   0.06034   0.05588  -0.0609  1.0000  0.0762  -1.4040   0.0000   0.0000   0.0000  -0.1483
  -2.750  -0.1501   0.05734   0.05298  -0.0571  1.0000  0.0792  -1.3122   0.0000   0.0000   0.0000  -0.1340
  -2.500  -0.0996   0.05303   0.04855  -0.0673  1.0000  0.0888  -1.3005   0.0000   0.0000   0.0000  -0.4310
  -2.250  -0.0547   0.04923   0.04464  -0.0750  1.0000  0.1003  -1.2569   0.0000   0.0000   0.0000  -1.1310
  -0.750   0.3264   0.02662   0.01898  -0.1290  1.0000  0.0652  -1.2488   0.0000   0.0000   0.0000   0.6456
  -0.500   0.3750   0.02453   0.01642  -0.1326  1.0000  0.0584  -1.2877   0.0000   0.0000   0.0000   0.6039
  -0.250   0.4152   0.02331   0.01481  -0.1345  1.0000  0.0579  -1.3122   0.0000   0.0000   0.0000   0.5740
   0.000   0.4511   0.02260   0.01406  -0.1362  1.0000  0.0714  -1.2636   0.0000   0.0000   0.0000   0.5516
   0.250   0.4933   0.02178   0.01325  -0.1387  1.0000  0.0938  -1.2543   0.0000   0.0000   0.0000   0.5307
   0.500   0.5336   0.01947   0.01279  -0.1405  1.0000  1.0000  -1.2029   0.0000   0.0000   0.0000   0.5127
   0.750   0.5565   0.02009   0.01313  -0.1402  1.0000  1.0000  -0.9744   0.0000   0.0000   0.0000   0.5010
   1.000   0.5786   0.02077   0.01360  -0.1398  1.0000  1.0000  -0.7478   0.0000   0.0000   0.0000   0.4905
   1.250   0.5999   0.02151   0.01421  -0.1394  1.0000  1.0000  -0.5628   0.0000   0.0000   0.0000   0.4810
   1.500   0.6320   0.02233   0.01492  -0.1412  0.9950  1.0000  -0.5948   0.0000   0.0000   0.0000   0.4718
   1.750   0.6798   0.02294   0.01543  -0.1457  0.9823  1.0000  -0.6408   0.0000   0.0000   0.0000   0.4625
   2.000   0.7277   0.02331   0.01576  -0.1500  0.9709  1.0000  -0.6981   0.0000   0.0000   0.0000   0.4540
   2.250   0.7715   0.02348   0.01592  -0.1533  0.9572  1.0000  -0.7561   0.0000   0.0000   0.0000   0.4463
   2.500   0.8179   0.02345   0.01594  -0.1568  0.9442  1.0000  -0.8233   0.0000   0.0000   0.0000   0.4391
   2.750   0.8670   0.02319   0.01579  -0.1605  0.9318  1.0000  -0.9037   0.0000   0.0000   0.0000   0.4323
   3.000   0.9099   0.02285   0.01557  -0.1628  0.9164  1.0000  -0.9915   0.0000   0.0000   0.0000   0.4259
   3.250   0.9574   0.02222   0.01510  -0.1656  0.9020  1.0000  -1.1125   0.0000   0.0000   0.0000   0.4197
   3.500   1.0043   0.02136   0.01450  -0.1679  0.8861  1.0000  -1.3328   0.0000   0.0000   0.0000   0.4136
   3.750   1.0534   0.02010   0.01350  -0.1700  0.8694  1.0000  -1.6441   0.0000   0.0000   0.0000   0.4076
   4.000   1.1003   0.01873   0.01240  -0.1713  0.8486  1.0000  -1.9628   0.0000   0.0000   0.0000   0.4016
   4.250   1.1473   0.01747   0.01150  -0.1725  0.8197  1.0000  -2.2945   0.0000   0.0000   0.0000   0.3960
   4.500   1.2110   0.01570   0.00975  -0.1753  0.7260  1.0000  -2.7194   0.0000   0.0000   0.0000   0.3901
   4.750   1.2492   0.01606   0.00960  -0.1750  0.5919  1.0000  -3.0232   0.0000   0.0000   0.0000   0.3851
   5.000   1.2626   0.01756   0.01031  -0.1711  0.4436  1.0000  -3.2085   0.0000   0.0000   0.0000   0.3802
   5.500   1.2757   0.02254   0.01323  -0.1630  0.1287  1.0000  -3.4911   0.0000   0.0000   0.0000   0.3719
   5.750   1.2847   0.02563   0.01578  -0.1591  0.0750  1.0000  -3.5287   0.0000   0.0000   0.0000   0.3676
   6.000   1.3010   0.02758   0.01773  -0.1565  0.0600  1.0000  -3.6698   0.0000   0.0000   0.0000   0.3638
   6.250   1.3197   0.02989   0.02008  -0.1543  0.0540  1.0000  -3.8561   0.0000   0.0000   0.0000   0.3601
   6.500   1.3455   0.03238   0.02266  -0.1530  0.0501  1.0000  -4.1908   0.0000   0.0000   0.0000   0.3566
   6.750   1.3782   0.03597   0.02627  -0.1532  0.0477  1.0000  -4.5608   0.0000   0.0000   0.0000   0.3537
   7.000   1.4103   0.03999   0.03065  -0.1528  0.0470  1.0000  -4.8602   0.0000   0.0000   0.0000   0.3505
   7.250   1.4356   0.04419   0.03548  -0.1512  0.0470  1.0000  -5.0784   0.0000   0.0000   0.0000   0.3472
   7.500   1.4506   0.04768   0.03971  -0.1480  0.0458  1.0000  -5.2210   0.0000   0.0000   0.0000   0.3436
   7.750   1.4610   0.05175   0.04448  -0.1445  0.0447  1.0000  -5.3167   0.0000   0.0000   0.0000   0.3402
   8.000   1.4692   0.05685   0.05011  -0.1412  0.0457  1.0000  -5.3739   0.0000   0.0000   0.0000   0.3372
   8.250   1.4760   0.06269   0.05632  -0.1384  0.0468  1.0000  -5.4324   0.0000   0.0000   0.0000   0.3346
   8.500   1.4629   0.06789   0.06253  -0.1321  0.0509  1.0000  -5.1721   0.0000   0.0000   0.0000   0.3309
   8.750   1.4517   0.07388   0.06897  -0.1280  0.0539  1.0000  -5.0636   0.0000   0.0000   0.0000   0.3286
   9.000   1.4405   0.07985   0.07537  -0.1242  0.0591  1.0000  -4.9279   0.0000   0.0000   0.0000   0.3265
   9.250   1.4103   0.08512   0.08102  -0.1196  0.0618  1.0000  -4.7322   0.0000   0.0000   0.0000   0.3248
   9.500   1.3906   0.09126   0.08742  -0.1167  0.0690  1.0000  -4.5709   0.0000   0.0000   0.0000   0.3238
   9.750   1.3595   0.09660   0.09299  -0.1151  0.0699  1.0000  -4.4233   0.0000   0.0000   0.0000   0.3242
  10.000   1.3311   0.10277   0.09933  -0.1158  0.0704  1.0000  -4.2858   0.0000   0.0000   0.0000   0.3262
  10.250   1.3044   0.11002   0.10671  -0.1190  0.0707  1.0000  -4.1332   0.0000   0.0000   0.0000   0.3302
  10.500   1.2791   0.11905   0.11571  -0.1253  0.0714  1.0000  -3.9363   0.0000   0.0000   0.0000   0.3367


