xflr5 v6.61

 Calculated polar for: E63_10_00

 1 1 Reynolds number fixed          Mach number fixed         

 xtrf =   1.000 (top)        1.000 (bottom)
 Mach =   0.200     Re =     0.060 e 6     Ncrit =   7.000

  alpha     CL        CD       CDp       Cm    Top Xtr Bot Xtr   Cpmin    Chinge    XCp    
 ------- -------- --------- --------- -------- ------- ------- -------- --------- ---------
 -22.500  -0.4073   0.23772   0.23086  -0.0088  1.0000  0.0469  -0.9051   0.0000   0.0000   0.0000   0.2161
 -22.000  -0.3977   0.23257   0.22567  -0.0101  1.0000  0.0482  -0.8865   0.0000   0.0000   0.0000   0.2125
 -21.500  -0.3892   0.22833   0.22142  -0.0116  1.0000  0.0498  -0.8832   0.0000   0.0000   0.0000   0.2082
 -21.000  -0.3811   0.22434   0.21742  -0.0132  1.0000  0.0515  -0.8863   0.0000   0.0000   0.0000   0.2037
 -20.500  -0.3735   0.22055   0.21362  -0.0148  1.0000  0.0533  -0.8949   0.0000   0.0000   0.0000   0.1988
 -20.000  -0.3670   0.21739   0.21046  -0.0166  1.0000  0.0548  -0.9165   0.0000   0.0000   0.0000   0.1934
 -19.500  -0.3643   0.21617   0.20924  -0.0188  1.0000  0.0556  -0.9653   0.0000   0.0000   0.0000   0.1872
 -19.000  -0.3541   0.21032   0.20341  -0.0197  1.0000  0.0566  -0.9441   0.0000   0.0000   0.0000   0.1832
 -18.500  -0.3433   0.20516   0.19823  -0.0203  1.0000  0.0588  -0.9024   0.0000   0.0000   0.0000   0.1798
 -18.000  -0.3354   0.20140   0.19448  -0.0213  1.0000  0.0612  -0.8906   0.0000   0.0000   0.0000   0.1753
 -17.500  -0.3289   0.19808   0.19117  -0.0225  1.0000  0.0636  -0.9123   0.0000   0.0000   0.0000   0.1704
 -17.000  -0.3257   0.19609   0.18919  -0.0241  1.0000  0.0653  -0.9687   0.0000   0.0000   0.0000   0.1650
 -16.500  -0.3279   0.19618   0.18928  -0.0259  1.0000  0.0658  -1.0516   0.0000   0.0000   0.0000   0.1601
 -16.000  -0.3111   0.18784   0.18099  -0.0255  1.0000  0.0676  -0.9963   0.0000   0.0000   0.0000   0.1571
 -15.500  -0.3035   0.18414   0.17730  -0.0258  1.0000  0.0703  -0.9967   0.0000   0.0000   0.0000   0.1538
 -15.000  -0.2989   0.18120   0.17438  -0.0266  1.0000  0.0733  -1.0226   0.0000   0.0000   0.0000   0.1500
 -14.500  -0.3003   0.17961   0.17277  -0.0280  1.0000  0.0753  -1.0921   0.0000   0.0000   0.0000   0.1459
 -14.000  -0.2981   0.17572   0.16893  -0.0287  1.0000  0.0762  -1.1303   0.0000   0.0000   0.0000   0.1428
 -13.500  -0.2843   0.16919   0.16243  -0.0279  1.0000  0.0791  -1.0806   0.0000   0.0000   0.0000   0.1408
 -13.000  -0.2792   0.16489   0.15817  -0.0281  1.0000  0.0827  -1.0880   0.0000   0.0000   0.0000   0.1385
 -12.500  -0.2840   0.16235   0.15568  -0.0293  1.0000  0.0860  -1.1594   0.0000   0.0000   0.0000   0.1363
 -12.000  -0.2725   0.15579   0.14919  -0.0285  1.0000  0.0894  -1.1213   0.0000   0.0000   0.0000   0.1350
 -11.500  -0.2691   0.15136   0.14483  -0.0284  1.0000  0.0951  -1.1276   0.0000   0.0000   0.0000   0.1343
 -11.000  -0.2826   0.14941   0.14296  -0.0298  1.0000  0.0971  -1.2287   0.0000   0.0000   0.0000   0.1351
 -10.000  -0.3159   0.13772   0.13090  -0.0271  1.0000  0.1015  -1.3293   0.0000   0.0000   0.0000   0.1528
  -9.500  -0.3161   0.13359   0.12690  -0.0274  1.0000  0.1065  -1.3553   0.0000   0.0000   0.0000   0.1529
  -9.000  -0.3195   0.12913   0.12260  -0.0274  1.0000  0.1085  -1.3933   0.0000   0.0000   0.0000   0.1544
  -8.500  -0.3060   0.12279   0.11629  -0.0253  1.0000  0.1132  -1.3434   0.0000   0.0000   0.0000   0.1577
  -8.000  -0.3175   0.11970   0.11337  -0.0249  1.0000  0.1180  -1.4148   0.0000   0.0000   0.0000   0.1630
  -7.500  -0.3170   0.11432   0.10815  -0.0231  1.0000  0.1202  -1.4284   0.0000   0.0000   0.0000   0.1695
  -7.000  -0.3154   0.10959   0.10354  -0.0203  1.0000  0.1251  -1.4190   0.0000   0.0000   0.0000   0.1783
  -6.500  -0.3446   0.10770   0.10188  -0.0177  1.0000  0.1290  -1.5091   0.0000   0.0000   0.0000   0.1929
  -6.000  -0.3527   0.10298   0.09733  -0.0146  1.0000  0.1309  -1.5281   0.0000   0.0000   0.0000   0.2032
  -5.500  -0.3530   0.09820   0.09269  -0.0119  1.0000  0.1350  -1.5157   0.0000   0.0000   0.0000   0.2114
  -4.000  -0.3023   0.06705   0.06146  -0.0444  1.0000  0.0745  -2.1305   0.0000   0.0000   0.0000   0.0982
  -3.500  -0.1664   0.04359   0.03665  -0.0851  1.0000  0.0763  -2.5371   0.0000   0.0000   0.0000  -0.2709
  -3.000  -0.0874   0.03830   0.03053  -0.0954  1.0000  0.0977  -2.3531   0.0000   0.0000   0.0000  -0.8588
  -2.500  -0.0281   0.03637   0.02813  -0.0993  1.0000  0.1198  -2.1415   0.0000   0.0000   0.0000  -3.3254
  -2.000   0.0778   0.03346   0.02431  -0.1105  0.9889  0.1386  -1.8679   0.0000   0.0000   0.0000   1.6840
  -1.500   0.1703   0.03227   0.02276  -0.1182  0.9734  0.1694  -1.5430   0.0000   0.0000   0.0000   0.9487
  -1.000   0.2581   0.03167   0.02204  -0.1247  0.9551  0.2212  -1.2074   0.0000   0.0000   0.0000   0.7350
  -0.500   0.3443   0.03115   0.02159  -0.1305  0.9350  0.2882  -0.9339   0.0000   0.0000   0.0000   0.6294
   0.000   0.4296   0.03058   0.02116  -0.1356  0.9133  0.3746  -0.7462   0.0000   0.0000   0.0000   0.5649
   0.500   0.5136   0.02967   0.02073  -0.1398  0.8905  0.5107  -0.7336   0.0000   0.0000   0.0000   0.5207
   1.000   0.5650   0.02769   0.01993  -0.1363  0.8633  1.0000  -0.7982   0.0000   0.0000   0.0000   0.4889
   1.500   0.6549   0.02720   0.01885  -0.1411  0.8372  1.0000  -0.8956   0.0000   0.0000   0.0000   0.4626
   2.000   0.7356   0.02637   0.01775  -0.1434  0.8083  1.0000  -1.0004   0.0000   0.0000   0.0000   0.4415
   2.500   0.8246   0.02498   0.01620  -0.1463  0.7804  1.0000  -1.1215   0.0000   0.0000   0.0000   0.4234
   3.000   0.9066   0.02391   0.01501  -0.1481  0.7437  1.0000  -1.2463   0.0000   0.0000   0.0000   0.4087
   3.500   0.9927   0.02301   0.01397  -0.1506  0.6989  1.0000  -1.3873   0.0000   0.0000   0.0000   0.3965
   4.000   1.0673   0.02284   0.01355  -0.1515  0.6441  1.0000  -1.5243   0.0000   0.0000   0.0000   0.3861
   4.500   1.1322   0.02332   0.01375  -0.1511  0.5862  1.0000  -1.6591   0.0000   0.0000   0.0000   0.3770
   5.000   1.1873   0.02432   0.01442  -0.1495  0.5304  1.0000  -1.7927   0.0000   0.0000   0.0000   0.3687
   5.500   1.2352   0.02565   0.01557  -0.1469  0.4787  1.0000  -1.9195   0.0000   0.0000   0.0000   0.3611
   6.000   1.2824   0.02715   0.01683  -0.1444  0.4334  1.0000  -2.0625   0.0000   0.0000   0.0000   0.3541
   6.500   1.3271   0.02887   0.01839  -0.1417  0.3932  1.0000  -2.2342   0.0000   0.0000   0.0000   0.3476
   7.000   1.3712   0.03072   0.02013  -0.1390  0.3580  1.0000  -2.4079   0.0000   0.0000   0.0000   0.3415
   7.500   1.4132   0.03275   0.02226  -0.1362  0.3269  1.0000  -2.5794   0.0000   0.0000   0.0000   0.3357
   8.000   1.4565   0.03492   0.02437  -0.1336  0.3000  1.0000  -2.7562   0.0000   0.0000   0.0000   0.3303
   8.500   1.4939   0.03737   0.02697  -0.1302  0.2759  1.0000  -2.9200   0.0000   0.0000   0.0000   0.3250
   9.000   1.5309   0.03998   0.02972  -0.1269  0.2547  1.0000  -3.1780   0.0000   0.0000   0.0000   0.3200
   9.500   1.5682   0.04272   0.03256  -0.1238  0.2357  1.0000  -3.4490   0.0000   0.0000   0.0000   0.3152
  10.000   1.5903   0.04620   0.03659  -0.1188  0.2194  1.0000  -3.6668   0.0000   0.0000   0.0000   0.3102
  10.500   1.6192   0.04928   0.03981  -0.1148  0.2037  1.0000  -3.9217   0.0000   0.0000   0.0000   0.3056
  11.000   1.6259   0.05307   0.04402  -0.1082  0.1906  1.0000  -4.0980   0.0000   0.0000   0.0000   0.3004
  11.500   1.6191   0.05709   0.04845  -0.1007  0.1784  1.0000  -4.2324   0.0000   0.0000   0.0000   0.2952
  12.000   1.6075   0.06166   0.05340  -0.0939  0.1673  1.0000  -4.3659   0.0000   0.0000   0.0000   0.2906
  12.500   1.5900   0.06697   0.05912  -0.0882  0.1572  1.0000  -4.4769   0.0000   0.0000   0.0000   0.2868
  13.000   1.5710   0.07306   0.06553  -0.0841  0.1479  1.0000  -4.5760   0.0000   0.0000   0.0000   0.2839
  13.500   1.4985   0.08700   0.08018  -0.0837  0.1458  1.0000  -4.3758   0.0000   0.0000   0.0000   0.2854
  14.000   1.3795   0.11363   0.10729  -0.0953  0.1492  1.0000  -3.8403   0.0000   0.0000   0.0000   0.2980
  14.500   1.1995   0.16751   0.16098  -0.1322  0.1469  1.0000  -2.6495   0.0000   0.0000   0.0000   0.3402
  15.000   1.1934   0.17992   0.17344  -0.1393  0.1413  1.0000  -2.5734   0.0000   0.0000   0.0000   0.3462
  15.500   1.1984   0.19028   0.18387  -0.1446  0.1380  1.0000  -2.5578   0.0000   0.0000   0.0000   0.3494
  16.000   1.1974   0.20267   0.19640  -0.1521  0.1380  1.0000  -2.4685   0.0000   0.0000   0.0000   0.3552
  16.500   1.1930   0.21358   0.20734  -0.1604  0.1346  1.0000  -2.3687   0.0000   0.0000   0.0000   0.3619
  17.000   1.2173   0.21696   0.21083  -0.1607  0.1169  1.0000  -2.5637   0.0000   0.0000   0.0000   0.3582
  17.500   1.2253   0.22418   0.21811  -0.1658  0.1059  1.0000  -2.5749   0.0000   0.0000   0.0000   0.3606
  18.000   1.2357   0.23124   0.22522  -0.1705  0.0955  1.0000  -2.5853   0.0000   0.0000   0.0000   0.3623
  18.500   1.2425   0.24010   0.23413  -0.1770  0.0891  1.0000  -2.5017   0.0000   0.0000   0.0000   0.3659
  19.000   1.2545   0.24871   0.24277  -0.1821  0.0856  1.0000  -2.4472   0.0000   0.0000   0.0000   0.3676
  19.500   1.2689   0.25819   0.25231  -0.1870  0.0871  1.0000  -2.3809   0.0000   0.0000   0.0000   0.3689
  20.000   1.2772   0.27475   0.26891  -0.1961  0.1177  1.0000  -2.1023   0.0000   0.0000   0.0000   0.3747


