xflr5 v6.61

 Calculated polar for: E63_8_00

 1 1 Reynolds number fixed          Mach number fixed         

 xtrf =   1.000 (top)        1.000 (bottom)
 Mach =   0.200     Re =     0.060 e 6     Ncrit =   9.000

  alpha     CL        CD       CDp       Cm    Top Xtr Bot Xtr   Cpmin    Chinge    XCp    
 ------- -------- --------- --------- -------- ------- ------- -------- --------- ---------
 -20.000  -0.5853   0.24907   0.24127   0.0052  1.0000  0.0471  -1.3527   0.0000   0.0000   0.0000   0.2454
 -19.500  -0.5690   0.24241   0.23462   0.0031  1.0000  0.0488  -1.2935   0.0000   0.0000   0.0000   0.2423
 -19.000  -0.5536   0.23682   0.22904   0.0006  1.0000  0.0507  -1.2782   0.0000   0.0000   0.0000   0.2384
 -18.500  -0.5387   0.23148   0.22373  -0.0019  1.0000  0.0528  -1.2833   0.0000   0.0000   0.0000   0.2340
 -18.000  -0.5247   0.22688   0.21916  -0.0048  1.0000  0.0547  -1.3072   0.0000   0.0000   0.0000   0.2289
 -17.500  -0.5142   0.22442   0.21671  -0.0083  1.0000  0.0556  -1.3649   0.0000   0.0000   0.0000   0.2224
 -17.000  -0.5001   0.21816   0.21051  -0.0105  1.0000  0.0563  -1.3716   0.0000   0.0000   0.0000   0.2179
 -16.500  -0.4815   0.20949   0.20185  -0.0112  1.0000  0.0584  -1.3026   0.0000   0.0000   0.0000   0.2157
 -16.000  -0.4670   0.20375   0.19615  -0.0129  1.0000  0.0609  -1.2829   0.0000   0.0000   0.0000   0.2117
 -15.500  -0.4539   0.19860   0.19104  -0.0149  1.0000  0.0636  -1.2830   0.0000   0.0000   0.0000   0.2067
 -15.000  -0.4449   0.19529   0.18780  -0.0176  1.0000  0.0654  -1.3224   0.0000   0.0000   0.0000   0.2003
 -14.500  -0.4341   0.18991   0.18250  -0.0195  1.0000  0.0663  -1.3313   0.0000   0.0000   0.0000   0.1953
 -14.000  -0.4156   0.18164   0.17426  -0.0195  1.0000  0.0696  -1.2487   0.0000   0.0000   0.0000   0.1934
 -13.500  -0.4044   0.17661   0.16924  -0.0209  1.0000  0.0737  -1.2385   0.0000   0.0000   0.0000   0.1888
 -13.000  -0.4046   0.17549   0.16822  -0.0239  1.0000  0.0756  -1.3106   0.0000   0.0000   0.0000   0.1822
 -12.500  -0.3826   0.16523   0.15801  -0.0230  1.0000  0.0789  -1.2060   0.0000   0.0000   0.0000   0.1810
 -12.000  -0.3719   0.15979   0.15264  -0.0237  1.0000  0.0832  -1.2020   0.0000   0.0000   0.0000   0.1776
 -11.500  -0.3714   0.15715   0.15011  -0.0258  1.0000  0.0861  -1.2784   0.0000   0.0000   0.0000   0.1725
 -11.000  -0.3559   0.14913   0.14217  -0.0252  1.0000  0.0887  -1.2525   0.0000   0.0000   0.0000   0.1710
 -10.500  -0.3460   0.14359   0.13670  -0.0252  1.0000  0.0937  -1.2519   0.0000   0.0000   0.0000   0.1693
 -10.000  -0.3523   0.14170   0.13495  -0.0270  1.0000  0.0969  -1.3448   0.0000   0.0000   0.0000   0.1664
  -9.750  -0.2777   0.13325   0.12696  -0.0260  1.0000  0.1040  -1.1096   0.0000   0.0000   0.0000   0.1509
  -9.500  -0.3331   0.13306   0.12639  -0.0253  1.0000  0.1012  -1.2899   0.0000   0.0000   0.0000   0.1670
  -9.250  -0.2895   0.13093   0.12477  -0.0266  1.0000  0.1075  -1.1980   0.0000   0.0000   0.0000   0.1532
  -9.000  -0.3332   0.12930   0.12270  -0.0255  1.0000  0.1067  -1.3322   0.0000   0.0000   0.0000   0.1669
  -8.750  -0.2733   0.12296   0.11689  -0.0244  1.0000  0.1125  -1.1477   0.0000   0.0000   0.0000   0.1556
  -8.500  -0.3281   0.12365   0.11719  -0.0247  1.0000  0.1098  -1.3444   0.0000   0.0000   0.0000   0.1686
  -8.250  -0.2821   0.11968   0.11376  -0.0240  1.0000  0.1180  -1.2048   0.0000   0.0000   0.0000   0.1606
  -8.000  -0.3245   0.11892   0.11257  -0.0234  1.0000  0.1163  -1.3470   0.0000   0.0000   0.0000   0.1720
  -7.750  -0.2747   0.11323   0.10742  -0.0219  1.0000  0.1225  -1.1850   0.0000   0.0000   0.0000   0.1662
  -7.500  -0.2758   0.11101   0.10526  -0.0210  1.0000  0.1262  -1.1905   0.0000   0.0000   0.0000   0.1700
  -7.250  -0.2867   0.11004   0.10440  -0.0205  1.0000  0.1287  -1.2335   0.0000   0.0000   0.0000   0.1750
  -7.000  -0.3277   0.11013   0.10409  -0.0199  1.0000  0.1267  -1.3776   0.0000   0.0000   0.0000   0.1845
  -6.750  -0.2826   0.10419   0.09867  -0.0176  1.0000  0.1359  -1.2094   0.0000   0.0000   0.0000   0.1843
  -6.500  -0.3617   0.11009   0.10432  -0.0179  1.0000  0.1295  -1.4922   0.0000   0.0000   0.0000   0.1967
  -6.250  -0.3148   0.10305   0.09776  -0.0148  1.0000  0.1401  -1.2993   0.0000   0.0000   0.0000   0.2005
  -6.000  -0.3502   0.10334   0.09768  -0.0141  1.0000  0.1388  -1.4305   0.0000   0.0000   0.0000   0.2061
  -5.750  -0.3141   0.09750   0.09235  -0.0111  1.0000  0.1499  -1.2695   0.0000   0.0000   0.0000   0.2125
  -5.500  -0.3502   0.09846   0.09296  -0.0119  1.0000  0.1472  -1.4207   0.0000   0.0000   0.0000   0.2126
  -5.250  -0.3176   0.09250   0.08751  -0.0081  1.0000  0.1579  -1.2603   0.0000   0.0000   0.0000   0.2223
  -5.000  -0.3504   0.09379   0.08845  -0.0114  1.0000  0.1566  -1.4250   0.0000   0.0000   0.0000   0.2144
  -4.500  -0.3452   0.08878   0.08357  -0.0123  1.0000  0.1675  -1.4242   0.0000   0.0000   0.0000   0.2115
  -4.250  -0.3383   0.08617   0.08102  -0.0172  1.0000  0.1742  -1.4514   0.0000   0.0000   0.0000   0.1965
  -4.000  -0.3323   0.08336   0.07825  -0.0150  1.0000  0.1802  -1.4157   0.0000   0.0000   0.0000   0.2021
  -3.750  -0.3218   0.08032   0.07526  -0.0179  1.0000  0.1871  -1.4135   0.0000   0.0000   0.0000   0.1917
  -3.500  -0.3064   0.07723   0.07218  -0.0222  1.0000  0.1967  -1.4077   0.0000   0.0000   0.0000   0.1751
  -3.250  -0.2890   0.07411   0.06902  -0.0257  1.0000  0.2073  -1.3886   0.0000   0.0000   0.0000   0.1583
  -3.000  -0.2714   0.07099   0.06591  -0.0283  1.0000  0.2184  -1.3595   0.0000   0.0000   0.0000   0.1430
  -2.750  -0.2533   0.06794   0.06287  -0.0303  1.0000  0.2301  -1.3229   0.0000   0.0000   0.0000   0.1276
  -2.500  -0.2338   0.06499   0.05992  -0.0322  1.0000  0.2431  -1.2805   0.0000   0.0000   0.0000   0.1093
  -2.000  -0.0711   0.04986   0.04396  -0.0730  1.0000  0.1757  -1.4262   0.0000   0.0000   0.0000  -0.7860
  -1.500   0.1463   0.03247   0.02365  -0.1127  1.0000  0.1299  -1.7461   0.0000   0.0000   0.0000   1.0242
  -1.250   0.1724   0.03213   0.02339  -0.1133  1.0000  0.1569  -1.6234   0.0000   0.0000   0.0000   0.9098
  -1.000   0.2058   0.03135   0.02234  -0.1150  1.0000  0.1820  -1.5182   0.0000   0.0000   0.0000   0.8105
  -0.750   0.2397   0.03048   0.02125  -0.1166  1.0000  0.2003  -1.4057   0.0000   0.0000   0.0000   0.7372
  -0.500   0.2701   0.03013   0.02081  -0.1176  1.0000  0.2307  -1.3034   0.0000   0.0000   0.0000   0.6858
  -0.250   0.2989   0.03003   0.02076  -0.1184  1.0000  0.2739  -1.1933   0.0000   0.0000   0.0000   0.6463
   0.000   0.3261   0.03007   0.02093  -0.1190  1.0000  0.3290  -1.0780   0.0000   0.0000   0.0000   0.6145
   0.250   0.3523   0.03021   0.02122  -0.1193  1.0000  0.3967  -0.9603   0.0000   0.0000   0.0000   0.5880
   0.500   0.3788   0.03037   0.02170  -0.1197  1.0000  0.4913  -0.8398   0.0000   0.0000   0.0000   0.5650
   0.750   0.4038   0.02991   0.02222  -0.1189  1.0000  0.7041  -0.7230   0.0000   0.0000   0.0000   0.5430
   1.000   0.4390   0.03043   0.02259  -0.1216  0.9860  1.0000  -0.6029   0.0000   0.0000   0.0000   0.5252
   1.250   0.4932   0.03147   0.02324  -0.1273  0.9688  1.0000  -0.6493   0.0000   0.0000   0.0000   0.5062
   1.500   0.5446   0.03221   0.02371  -0.1322  0.9516  1.0000  -0.6970   0.0000   0.0000   0.0000   0.4905
   1.750   0.5913   0.03271   0.02404  -0.1361  0.9332  1.0000  -0.7430   0.0000   0.0000   0.0000   0.4776
   2.000   0.6380   0.03305   0.02426  -0.1397  0.9148  1.0000  -0.7924   0.0000   0.0000   0.0000   0.4661
   2.250   0.6877   0.03317   0.02429  -0.1433  0.8971  1.0000  -0.8500   0.0000   0.0000   0.0000   0.4553
   2.500   0.7379   0.03303   0.02409  -0.1467  0.8792  1.0000  -0.9130   0.0000   0.0000   0.0000   0.4455
   2.750   0.7826   0.03279   0.02384  -0.1489  0.8596  1.0000  -0.9757   0.0000   0.0000   0.0000   0.4367
   3.000   0.8284   0.03234   0.02343  -0.1509  0.8402  1.0000  -1.0410   0.0000   0.0000   0.0000   0.4283
   3.250   0.8808   0.03141   0.02254  -0.1535  0.8230  1.0000  -1.1179   0.0000   0.0000   0.0000   0.4201
   3.500   0.9316   0.03022   0.02142  -0.1553  0.8048  1.0000  -1.2004   0.0000   0.0000   0.0000   0.4123
   3.750   0.9818   0.02886   0.02018  -0.1567  0.7849  1.0000  -1.2865   0.0000   0.0000   0.0000   0.4049
   4.000   1.0387   0.02720   0.01861  -0.1589  0.7637  1.0000  -1.3882   0.0000   0.0000   0.0000   0.3980
   4.250   1.1023   0.02540   0.01692  -0.1621  0.7389  1.0000  -1.5032   0.0000   0.0000   0.0000   0.3917
   4.500   1.1545   0.02430   0.01582  -0.1637  0.7058  1.0000  -1.6211   0.0000   0.0000   0.0000   0.3862
   4.750   1.1943   0.02396   0.01542  -0.1637  0.6665  1.0000  -1.7371   0.0000   0.0000   0.0000   0.3812
   5.000   1.2305   0.02399   0.01529  -0.1634  0.6252  1.0000  -1.8483   0.0000   0.0000   0.0000   0.3765
   5.250   1.2623   0.02437   0.01553  -0.1625  0.5844  1.0000  -1.9524   0.0000   0.0000   0.0000   0.3722
   5.500   1.2876   0.02507   0.01606  -0.1609  0.5452  1.0000  -2.0444   0.0000   0.0000   0.0000   0.3681
   5.750   1.3139   0.02587   0.01664  -0.1595  0.5088  1.0000  -2.1393   0.0000   0.0000   0.0000   0.3642
   6.000   1.3371   0.02683   0.01744  -0.1579  0.4749  1.0000  -2.2418   0.0000   0.0000   0.0000   0.3605
   6.250   1.3600   0.02787   0.01834  -0.1562  0.4434  1.0000  -2.3874   0.0000   0.0000   0.0000   0.3569
   6.500   1.3810   0.02902   0.01942  -0.1544  0.4142  1.0000  -2.5282   0.0000   0.0000   0.0000   0.3535
   6.750   1.4044   0.03020   0.02044  -0.1529  0.3875  1.0000  -2.6801   0.0000   0.0000   0.0000   0.3503
   7.000   1.4247   0.03150   0.02188  -0.1511  0.3626  1.0000  -2.8211   0.0000   0.0000   0.0000   0.3471
   7.250   1.4458   0.03285   0.02321  -0.1494  0.3397  1.0000  -2.9666   0.0000   0.0000   0.0000   0.3440
   7.500   1.4671   0.03428   0.02464  -0.1478  0.3187  1.0000  -3.1138   0.0000   0.0000   0.0000   0.3411
   7.750   1.4900   0.03580   0.02612  -0.1465  0.2996  1.0000  -3.2893   0.0000   0.0000   0.0000   0.3383
   8.000   1.5087   0.03740   0.02785  -0.1446  0.2815  1.0000  -3.4497   0.0000   0.0000   0.0000   0.3354
   8.250   1.5256   0.03894   0.02948  -0.1424  0.2635  1.0000  -3.6083   0.0000   0.0000   0.0000   0.3325
   8.500   1.5432   0.04022   0.03069  -0.1403  0.2452  1.0000  -3.7809   0.0000   0.0000   0.0000   0.3297
   8.750   1.5538   0.04151   0.03211  -0.1372  0.2275  1.0000  -3.9250   0.0000   0.0000   0.0000   0.3268
   9.000   1.5647   0.04281   0.03347  -0.1343  0.2107  1.0000  -4.0734   0.0000   0.0000   0.0000   0.3239
   9.250   1.5745   0.04414   0.03487  -0.1313  0.1949  1.0000  -4.2170   0.0000   0.0000   0.0000   0.3210
   9.500   1.5882   0.04577   0.03661  -0.1289  0.1808  1.0000  -4.3705   0.0000   0.0000   0.0000   0.3184
   9.750   1.5961   0.04792   0.03902  -0.1258  0.1685  1.0000  -4.4819   0.0000   0.0000   0.0000   0.3157
  10.000   1.6016   0.05002   0.04134  -0.1224  0.1566  1.0000  -4.5853   0.0000   0.0000   0.0000   0.3129
  10.250   1.6049   0.05213   0.04364  -0.1189  0.1453  1.0000  -4.6797   0.0000   0.0000   0.0000   0.3102
  10.500   1.6099   0.05488   0.04659  -0.1157  0.1359  1.0000  -4.7594   0.0000   0.0000   0.0000   0.3076
  10.750   1.6141   0.05757   0.04944  -0.1126  0.1269  1.0000  -4.8353   0.0000   0.0000   0.0000   0.3051
  11.000   1.6166   0.05980   0.05169  -0.1094  0.1177  1.0000  -4.9197   0.0000   0.0000   0.0000   0.3025
  11.250   1.5940   0.06345   0.05591  -0.1037  0.1147  1.0000  -4.8682   0.0000   0.0000   0.0000   0.2996
  11.500   1.6018   0.06645   0.05887  -0.1015  0.1072  1.0000  -4.9479   0.0000   0.0000   0.0000   0.2975
  11.750   1.5752   0.07072   0.06364  -0.0968  0.1059  1.0000  -4.8789   0.0000   0.0000   0.0000   0.2953
  12.000   1.5484   0.07549   0.06883  -0.0933  0.1049  1.0000  -4.8089   0.0000   0.0000   0.0000   0.2937
  12.250   1.5205   0.08081   0.07452  -0.0911  0.1042  1.0000  -4.7326   0.0000   0.0000   0.0000   0.2930
  12.500   1.4905   0.08687   0.08089  -0.0902  0.1041  1.0000  -4.6436   0.0000   0.0000   0.0000   0.2932
  12.750   1.4584   0.09384   0.08815  -0.0910  0.1045  1.0000  -4.5378   0.0000   0.0000   0.0000   0.2947
  13.000   1.4254   0.10182   0.09635  -0.0936  0.1054  1.0000  -4.4156   0.0000   0.0000   0.0000   0.2976
  13.250   1.3933   0.11078   0.10549  -0.0978  0.1064  1.0000  -4.2780   0.0000   0.0000   0.0000   0.3018
  13.500   1.3630   0.12071   0.11552  -0.1034  0.1072  1.0000  -4.1233   0.0000   0.0000   0.0000   0.3072
  14.000   1.2131   0.17561   0.17006  -0.1449  0.1373  1.0000  -2.7709   0.0000   0.0000   0.0000   0.3520
  14.250   1.1976   0.18645   0.18085  -0.1529  0.1447  1.0000  -2.5527   0.0000   0.0000   0.0000   0.3601
  14.500   1.2032   0.19031   0.18474  -0.1543  0.1361  1.0000  -2.5601   0.0000   0.0000   0.0000   0.3603
  14.750   1.2035   0.19686   0.19130  -0.1580  0.1367  1.0000  -2.4782   0.0000   0.0000   0.0000   0.3631
  17.500   1.2443   0.25239   0.24689  -0.1947  0.1546  1.0000  -1.9117   0.0000   0.0000   0.0000   0.3842
  18.000   1.2661   0.26166   0.25621  -0.1973  0.1488  1.0000  -1.9654   0.0000   0.0000   0.0000   0.3827
  18.500   1.2891   0.27126   0.26595  -0.1996  0.1389  1.0000  -2.0339   0.0000   0.0000   0.0000   0.3807
  19.000   1.2908   0.27374   0.26841  -0.2078  0.1309  1.0000  -1.9533   0.0000   0.0000   0.0000   0.3858
  19.500   1.3060   0.28122   0.27590  -0.2125  0.1265  1.0000  -1.9511   0.0000   0.0000   0.0000   0.3865
  20.000   1.3224   0.28797   0.28271  -0.2168  0.1195  1.0000  -2.0067   0.0000   0.0000   0.0000   0.3867


