xflr5 v6.61

 Calculated polar for: E63_10_00

 1 1 Reynolds number fixed          Mach number fixed         

 xtrf =   1.000 (top)        1.000 (bottom)
 Mach =   0.200     Re =     0.050 e 6     Ncrit =   7.000

  alpha     CL        CD       CDp       Cm    Top Xtr Bot Xtr   Cpmin    Chinge    XCp    
 ------- -------- --------- --------- -------- ------- ------- -------- --------- ---------
 -20.500  -0.5700   0.25307   0.24427   0.0030  1.0000  0.0571  -1.3883   0.0000   0.0000   0.0000   0.2360
 -20.000  -0.5534   0.24688   0.23810   0.0008  1.0000  0.0593  -1.3453   0.0000   0.0000   0.0000   0.2328
 -19.500  -0.5380   0.24163   0.23288  -0.0018  1.0000  0.0622  -1.3250   0.0000   0.0000   0.0000   0.2285
 -19.000  -0.5243   0.23728   0.22857  -0.0048  1.0000  0.0647  -1.3293   0.0000   0.0000   0.0000   0.2231
 -18.500  -0.5141   0.23499   0.22633  -0.0084  1.0000  0.0657  -1.3642   0.0000   0.0000   0.0000   0.2165
 -18.000  -0.4961   0.22664   0.21804  -0.0098  1.0000  0.0669  -1.3117   0.0000   0.0000   0.0000   0.2133
 -17.500  -0.4792   0.22016   0.21154  -0.0113  1.0000  0.0693  -1.2705   0.0000   0.0000   0.0000   0.2098
 -17.000  -0.4647   0.21482   0.20624  -0.0133  1.0000  0.0722  -1.2731   0.0000   0.0000   0.0000   0.2051
 -16.500  -0.4531   0.21067   0.20215  -0.0159  1.0000  0.0748  -1.3081   0.0000   0.0000   0.0000   0.1991
 -16.000  -0.4481   0.20917   0.20073  -0.0192  1.0000  0.0757  -1.3857   0.0000   0.0000   0.0000   0.1920
 -15.500  -0.4250   0.19866   0.19027  -0.0190  1.0000  0.0782  -1.3102   0.0000   0.0000   0.0000   0.1899
 -15.000  -0.4106   0.19293   0.18459  -0.0202  1.0000  0.0816  -1.2980   0.0000   0.0000   0.0000   0.1857
 -14.500  -0.4003   0.18833   0.18006  -0.0221  1.0000  0.0850  -1.3218   0.0000   0.0000   0.0000   0.1802
 -14.000  -0.3981   0.18614   0.17797  -0.0248  1.0000  0.0864  -1.3955   0.0000   0.0000   0.0000   0.1738
 -13.500  -0.3760   0.17668   0.16853  -0.0242  1.0000  0.0894  -1.3212   0.0000   0.0000   0.0000   0.1715
 -13.000  -0.3655   0.17165   0.16357  -0.0252  1.0000  0.0950  -1.3199   0.0000   0.0000   0.0000   0.1673
 -12.500  -0.3613   0.16745   0.15950  -0.0269  1.0000  0.0978  -1.3613   0.0000   0.0000   0.0000   0.1625
 -12.000  -0.3448   0.16055   0.15265  -0.0264  1.0000  0.1039  -1.3078   0.0000   0.0000   0.0000   0.1605
 -11.500  -0.3477   0.15799   0.15023  -0.0283  1.0000  0.1075  -1.3741   0.0000   0.0000   0.0000   0.1566
 -11.000  -0.3291   0.14984   0.14215  -0.0273  1.0000  0.1112  -1.3135   0.0000   0.0000   0.0000   0.1550
 -10.500  -0.3236   0.14509   0.13751  -0.0275  1.0000  0.1168  -1.3172   0.0000   0.0000   0.0000   0.1534
 -10.000  -0.3255   0.14103   0.13360  -0.0282  1.0000  0.1193  -1.3584   0.0000   0.0000   0.0000   0.1525
  -9.500  -0.3104   0.13425   0.12691  -0.0267  1.0000  0.1250  -1.2993   0.0000   0.0000   0.0000   0.1531
  -9.000  -0.3215   0.13172   0.12455  -0.0273  1.0000  0.1293  -1.3666   0.0000   0.0000   0.0000   0.1554
  -8.500  -0.3054   0.12443   0.11731  -0.0253  1.0000  0.1339  -1.3293   0.0000   0.0000   0.0000   0.1577
  -8.000  -0.3154   0.12134   0.11440  -0.0246  1.0000  0.1397  -1.3865   0.0000   0.0000   0.0000   0.1635
  -7.500  -0.3094   0.11548   0.10868  -0.0225  1.0000  0.1435  -1.3787   0.0000   0.0000   0.0000   0.1694
  -7.000  -0.3194   0.11203   0.10542  -0.0203  1.0000  0.1498  -1.4132   0.0000   0.0000   0.0000   0.1793
  -6.500  -0.3325   0.10817   0.10176  -0.0174  1.0000  0.1527  -1.4513   0.0000   0.0000   0.0000   0.1915
  -6.000  -0.3378   0.10392   0.09768  -0.0136  1.0000  0.1583  -1.4503   0.0000   0.0000   0.0000   0.2041
  -5.500  -0.3598   0.10080   0.09480  -0.0147  1.0000  0.1625  -1.5402   0.0000   0.0000   0.0000   0.2044
  -5.000  -0.3525   0.09500   0.08911  -0.0112  1.0000  0.1671  -1.5056   0.0000   0.0000   0.0000   0.2139
  -4.000  -0.3146   0.07327   0.06728  -0.0350  1.0000  0.0928  -1.9332   0.0000   0.0000   0.0000   0.1343
  -3.500  -0.2368   0.05774   0.05132  -0.0598  1.0000  0.0889  -2.1608   0.0000   0.0000   0.0000  -0.0084
  -3.000  -0.1585   0.04999   0.04305  -0.0751  1.0000  0.1199  -2.0785   0.0000   0.0000   0.0000  -0.2315
  -2.500  -0.0651   0.04196   0.03405  -0.0899  1.0000  0.1341  -2.0287   0.0000   0.0000   0.0000  -1.1485
  -2.000   0.0209   0.03700   0.02801  -0.1000  1.0000  0.1485  -1.8889   0.0000   0.0000   0.0000   5.0734
  -1.500   0.0850   0.03515   0.02564  -0.1039  0.9993  0.1680  -1.6771   0.0000   0.0000   0.0000   1.4814
  -1.000   0.1861   0.03455   0.02459  -0.1135  0.9821  0.2149  -1.3425   0.0000   0.0000   0.0000   0.8626
  -0.500   0.2800   0.03430   0.02425  -0.1213  0.9619  0.2815  -1.0074   0.0000   0.0000   0.0000   0.6837
   0.000   0.3670   0.03406   0.02407  -0.1273  0.9381  0.3655  -0.8122   0.0000   0.0000   0.0000   0.5962
   0.500   0.4533   0.03357   0.02397  -0.1325  0.9129  0.4922  -0.6858   0.0000   0.0000   0.0000   0.5410
   1.000   0.5172   0.03195   0.02356  -0.1318  0.8869  0.7964  -0.7561   0.0000   0.0000   0.0000   0.5027
   1.500   0.6002   0.03165   0.02268  -0.1361  0.8550  1.0000  -0.8433   0.0000   0.0000   0.0000   0.4740
   2.000   0.6877   0.03122   0.02189  -0.1401  0.8250  1.0000  -0.9476   0.0000   0.0000   0.0000   0.4503
   2.500   0.7708   0.03033   0.02081  -0.1424  0.7930  1.0000  -1.0580   0.0000   0.0000   0.0000   0.4308
   3.000   0.8574   0.02898   0.01937  -0.1445  0.7602  1.0000  -1.1833   0.0000   0.0000   0.0000   0.4140
   3.500   0.9400   0.02783   0.01817  -0.1459  0.7204  1.0000  -1.3154   0.0000   0.0000   0.0000   0.4000
   4.000   1.0296   0.02670   0.01690  -0.1482  0.6745  1.0000  -1.4662   0.0000   0.0000   0.0000   0.3882
   4.500   1.1035   0.02655   0.01657  -0.1485  0.6198  1.0000  -1.6104   0.0000   0.0000   0.0000   0.3782
   5.000   1.1674   0.02717   0.01691  -0.1478  0.5638  1.0000  -1.7513   0.0000   0.0000   0.0000   0.3695
   5.500   1.2209   0.02839   0.01796  -0.1458  0.5107  1.0000  -1.8839   0.0000   0.0000   0.0000   0.3617
   6.000   1.2708   0.02992   0.01926  -0.1435  0.4627  1.0000  -2.0200   0.0000   0.0000   0.0000   0.3545
   6.500   1.3191   0.03169   0.02083  -0.1412  0.4204  1.0000  -2.1962   0.0000   0.0000   0.0000   0.3479
   7.000   1.3620   0.03378   0.02290  -0.1383  0.3829  1.0000  -2.3632   0.0000   0.0000   0.0000   0.3418
   7.500   1.4049   0.03604   0.02529  -0.1355  0.3502  1.0000  -2.5325   0.0000   0.0000   0.0000   0.3360
   8.000   1.4488   0.03846   0.02768  -0.1330  0.3216  1.0000  -2.7060   0.0000   0.0000   0.0000   0.3306
   8.500   1.4835   0.04133   0.03077  -0.1293  0.2963  1.0000  -2.8584   0.0000   0.0000   0.0000   0.3252
   9.000   1.5169   0.04440   0.03405  -0.1257  0.2740  1.0000  -3.0848   0.0000   0.0000   0.0000   0.3201
   9.500   1.5480   0.04775   0.03762  -0.1218  0.2545  1.0000  -3.3258   0.0000   0.0000   0.0000   0.3152
  10.000   1.5721   0.05154   0.04183  -0.1174  0.2375  1.0000  -3.5460   0.0000   0.0000   0.0000   0.3104
  10.500   1.5861   0.05587   0.04654  -0.1120  0.2228  1.0000  -3.7337   0.0000   0.0000   0.0000   0.3056
  11.000   1.5777   0.06084   0.05199  -0.1045  0.2107  1.0000  -3.8454   0.0000   0.0000   0.0000   0.3005
  11.500   1.5623   0.06659   0.05816  -0.0976  0.2006  1.0000  -3.9291   0.0000   0.0000   0.0000   0.2959
  12.000   1.5424   0.07301   0.06495  -0.0919  0.1912  1.0000  -3.9941   0.0000   0.0000   0.0000   0.2922
  12.500   1.4365   0.08885   0.08143  -0.0891  0.1905  1.0000  -3.6897   0.0000   0.0000   0.0000   0.2940
  13.000   1.2257   0.13526   0.12792  -0.1143  0.1922  1.0000  -2.7049   0.0000   0.0000   0.0000   0.3255
  13.500   1.1841   0.15414   0.14680  -0.1253  0.1830  1.0000  -2.4847   0.0000   0.0000   0.0000   0.3377
  14.000   1.1638   0.16909   0.16177  -0.1342  0.1776  1.0000  -2.3505   0.0000   0.0000   0.0000   0.3467
  14.500   1.1732   0.17764   0.17041  -0.1376  0.1697  1.0000  -2.3984   0.0000   0.0000   0.0000   0.3479
  15.000   1.1845   0.18532   0.17818  -0.1407  0.1600  1.0000  -2.4584   0.0000   0.0000   0.0000   0.3486
  15.500   1.1798   0.19787   0.19077  -0.1486  0.1594  1.0000  -2.3600   0.0000   0.0000   0.0000   0.3552
  16.000   1.1649   0.21285   0.20580  -0.1603  0.1775  1.0000  -2.1378   0.0000   0.0000   0.0000   0.3665
  18.500   1.2284   0.24877   0.24219  -0.1815  0.1305  1.0000  -2.2188   0.0000   0.0000   0.0000   0.3719
  20.000   0.9352   0.26762   0.26251  -0.1584  0.1410  1.0000  -1.2551   0.0000   0.0000   0.0000   0.3946


