xflr5 v6.61

 Calculated polar for: E63_15_00

 1 1 Reynolds number fixed          Mach number fixed         

 xtrf =   1.000 (top)        1.000 (bottom)
 Mach =   0.200     Re =     0.100 e 6     Ncrit =   9.000

  alpha     CL        CD       CDp       Cm    Top Xtr Bot Xtr   Cpmin    Chinge    XCp    
 ------- -------- --------- --------- -------- ------- ------- -------- --------- ---------
 -20.000  -0.4766   0.24066   0.23421  -0.0081  1.0000  0.0592  -1.3492   0.0000   0.0000   0.0000   0.1977
 -18.000  -0.4212   0.21972   0.21343  -0.0175  1.0000  0.0671  -1.3871   0.0000   0.0000   0.0000   0.1748
 -15.500  -0.3569   0.19279   0.18674  -0.0254  1.0000  0.0771  -1.3739   0.0000   0.0000   0.0000   0.1470
 -15.000  -0.3405   0.18718   0.18118  -0.0255  1.0000  0.0796  -1.3211   0.0000   0.0000   0.0000   0.1433
 -14.500  -0.3294   0.18197   0.17602  -0.0265  1.0000  0.0835  -1.3146   0.0000   0.0000   0.0000   0.1383
 -14.000  -0.3406   0.17954   0.17368  -0.0303  1.0000  0.0863  -1.4595   0.0000   0.0000   0.0000   0.1317
 -13.500  -0.3143   0.17066   0.16484  -0.0285  1.0000  0.0884  -1.3540   0.0000   0.0000   0.0000   0.1291
 -13.000  -0.3024   0.16536   0.15960  -0.0283  1.0000  0.0935  -1.3508   0.0000   0.0000   0.0000   0.1266
 -12.500  -0.3122   0.16052   0.15486  -0.0308  1.0000  0.0976  -1.5182   0.0000   0.0000   0.0000   0.1236
 -12.000  -0.2919   0.15405   0.14844  -0.0288  1.0000  0.1048  -1.4805   0.0000   0.0000   0.0000   0.1234
 -11.500  -0.2916   0.14845   0.14291  -0.0291  1.0000  0.1099  -1.5538   0.0000   0.0000   0.0000   0.1234
 -11.000  -0.2856   0.14393   0.13845  -0.0283  1.0000  0.1167  -1.5465   0.0000   0.0000   0.0000   0.1251
 -10.500  -0.2973   0.13949   0.13410  -0.0290  1.0000  0.1194  -1.6234   0.0000   0.0000   0.0000   0.1286
 -10.000  -0.2795   0.13477   0.12944  -0.0262  1.0000  0.1272  -1.5163   0.0000   0.0000   0.0000   0.1327
  -9.750  -0.2996   0.13390   0.12864  -0.0273  1.0000  0.1292  -1.6050   0.0000   0.0000   0.0000   0.1375
  -9.500  -0.2853   0.13029   0.12507  -0.0254  1.0000  0.1312  -1.5303   0.0000   0.0000   0.0000   0.1392
  -9.250  -0.2767   0.12821   0.12302  -0.0237  1.0000  0.1347  -1.4716   0.0000   0.0000   0.0000   0.1429
  -9.000  -0.2815   0.12651   0.12138  -0.0231  1.0000  0.1382  -1.4785   0.0000   0.0000   0.0000   0.1474
  -8.750  -0.3070   0.12585   0.12080  -0.0238  1.0000  0.1400  -1.5732   0.0000   0.0000   0.0000   0.1542
  -8.500  -0.3007   0.12270   0.11770  -0.0223  1.0000  0.1413  -1.5314   0.0000   0.0000   0.0000   0.1580
  -8.250  -0.2893   0.12022   0.11523  -0.0201  1.0000  0.1432  -1.4602   0.0000   0.0000   0.0000   0.1625
  -8.000  -0.2888   0.11839   0.11345  -0.0186  1.0000  0.1453  -1.4340   0.0000   0.0000   0.0000   0.1682
  -7.750  -0.2947   0.11676   0.11188  -0.0175  1.0000  0.1481  -1.4337   0.0000   0.0000   0.0000   0.1744
  -7.500  -0.3287   0.11633   0.11155  -0.0177  1.0000  0.1509  -1.5418   0.0000   0.0000   0.0000   0.1819
  -7.250  -0.3398   0.11421   0.10951  -0.0165  1.0000  0.1517  -1.5597   0.0000   0.0000   0.0000   0.1880
  -7.000  -0.3243   0.11149   0.10681  -0.0141  1.0000  0.1530  -1.4719   0.0000   0.0000   0.0000   0.1933
  -6.750  -0.3220   0.10975   0.10513  -0.0120  1.0000  0.1548  -1.4300   0.0000   0.0000   0.0000   0.1998
  -6.500  -0.3275   0.10830   0.10374  -0.0102  1.0000  0.1571  -1.4164   0.0000   0.0000   0.0000   0.2065
  -6.250  -0.3447   0.10713   0.10265  -0.0088  1.0000  0.1601  -1.4441   0.0000   0.0000   0.0000   0.2133
  -6.000  -0.3654   0.10458   0.10015  -0.0152  0.9919  0.1626  -1.5500   0.0000   0.0000   0.0000   0.1981
  -5.750  -0.3125   0.10078   0.09631  -0.0171  0.9880  0.1659  -1.3763   0.0000   0.0000   0.0000   0.1838
  -5.500  -0.3231   0.09755   0.09310  -0.0268  0.9739  0.1730  -1.4669   0.0000   0.0000   0.0000   0.1561
  -5.250  -0.2872   0.09435   0.08990  -0.0263  0.9682  0.1757  -1.3859   0.0000   0.0000   0.0000   0.1467
  -5.000  -0.3088   0.05852   0.05334  -0.0759  0.9546  0.1192  -2.2604   0.0000   0.0000   0.0000  -0.0095
  -4.750  -0.2553   0.08634   0.08188  -0.0390  0.9463  0.1855  -1.4253   0.0000   0.0000   0.0000   0.0854
  -4.500  -0.2191   0.04418   0.03805  -0.0981  0.9420  0.1248  -2.3363   0.0000   0.0000   0.0000  -0.2163
  -4.250  -0.1732   0.03958   0.03281  -0.1057  0.9344  0.1324  -2.3220   0.0000   0.0000   0.0000  -0.3829
  -4.000  -0.1268   0.03716   0.02988  -0.1109  0.9270  0.1416  -2.2519   0.0000   0.0000   0.0000  -0.6536
  -3.750  -0.0782   0.03635   0.02890  -0.1150  0.9205  0.1521  -2.1277   0.0000   0.0000   0.0000  -1.2643
  -3.500  -0.0393   0.03594   0.02844  -0.1171  0.9109  0.1629  -2.0090   0.0000   0.0000   0.0000  -2.8069
  -3.250   0.0007   0.03522   0.02755  -0.1194  0.9014  0.1733  -1.9084   0.0000   0.0000   0.0000  176.0808
  -3.000   0.0383   0.03464   0.02712  -0.1207  0.8918  0.1801  -1.8074   0.0000   0.0000   0.0000   3.4710
  -2.750   0.0793   0.03369   0.02605  -0.1230  0.8826  0.1893  -1.7161   0.0000   0.0000   0.0000   1.8300
  -2.500   0.1221   0.03265   0.02485  -0.1255  0.8737  0.1988  -1.6238   0.0000   0.0000   0.0000   1.2943
  -2.250   0.1737   0.03132   0.02332  -0.1292  0.8680  0.2084  -1.5206   0.0000   0.0000   0.0000   1.0038
  -2.000   0.2134   0.03047   0.02237  -0.1308  0.8581  0.2186  -1.4274   0.0000   0.0000   0.0000   0.8698
  -1.750   0.2533   0.02962   0.02144  -0.1323  0.8483  0.2289  -1.3337   0.0000   0.0000   0.0000   0.7768
  -1.500   0.2940   0.02871   0.02046  -0.1338  0.8388  0.2393  -1.2401   0.0000   0.0000   0.0000   0.7079
  -1.250   0.3353   0.02779   0.01957  -0.1352  0.8296  0.2512  -1.1428   0.0000   0.0000   0.0000   0.6549
  -1.000   0.3882   0.02638   0.01820  -0.1383  0.8251  0.2654  -1.0301   0.0000   0.0000   0.0000   0.6065
  -0.750   0.4300   0.02534   0.01715  -0.1396  0.8153  0.2795  -0.9369   0.0000   0.0000   0.0000   0.5741
  -0.500   0.4736   0.02429   0.01614  -0.1411  0.8054  0.2967  -0.9067   0.0000   0.0000   0.0000   0.5468
  -0.250   0.5198   0.02324   0.01513  -0.1431  0.7952  0.3175  -0.9556   0.0000   0.0000   0.0000   0.5234
   0.000   0.5691   0.02217   0.01411  -0.1456  0.7844  0.3394  -1.0094   0.0000   0.0000   0.0000   0.5035
   0.250   0.6216   0.02115   0.01316  -0.1488  0.7724  0.3636  -1.0665   0.0000   0.0000   0.0000   0.4866
   0.500   0.6698   0.02043   0.01246  -0.1514  0.7571  0.3915  -1.1204   0.0000   0.0000   0.0000   0.4728
   0.750   0.7159   0.01982   0.01191  -0.1537  0.7399  0.4214  -1.1778   0.0000   0.0000   0.0000   0.4610
   1.000   0.7544   0.01945   0.01159  -0.1546  0.7203  0.4554  -1.2296   0.0000   0.0000   0.0000   0.4509
   1.250   0.7913   0.01917   0.01136  -0.1553  0.7000  0.4950  -1.2806   0.0000   0.0000   0.0000   0.4418
   1.500   0.8244   0.01899   0.01125  -0.1553  0.6791  0.5397  -1.3287   0.0000   0.0000   0.0000   0.4335
   2.000   0.8819   0.01883   0.01122  -0.1535  0.6373  0.6493  -1.4221   0.0000   0.0000   0.0000   0.4184
   2.250   0.9066   0.01875   0.01123  -0.1516  0.6176  0.7224  -1.4688   0.0000   0.0000   0.0000   0.4113
   2.500   0.9199   0.01858   0.01126  -0.1474  0.5989  0.8239  -1.5046   0.0000   0.0000   0.0000   0.4039
   2.750   0.9493   0.01854   0.01111  -0.1470  0.5784  1.0000  -1.5555   0.0000   0.0000   0.0000   0.3982
   3.000   0.9782   0.01896   0.01124  -0.1469  0.5587  1.0000  -1.6062   0.0000   0.0000   0.0000   0.3931
   3.250   1.0067   0.01938   0.01139  -0.1466  0.5404  1.0000  -1.6573   0.0000   0.0000   0.0000   0.3882
   3.500   1.0310   0.01983   0.01166  -0.1455  0.5223  1.0000  -1.7041   0.0000   0.0000   0.0000   0.3833
   3.750   1.0563   0.02032   0.01194  -0.1446  0.5053  1.0000  -1.7521   0.0000   0.0000   0.0000   0.3787
   4.000   1.0810   0.02081   0.01226  -0.1435  0.4890  1.0000  -1.7999   0.0000   0.0000   0.0000   0.3743
   4.250   1.1056   0.02133   0.01261  -0.1425  0.4735  1.0000  -1.8477   0.0000   0.0000   0.0000   0.3700
   4.500   1.1284   0.02186   0.01302  -0.1412  0.4584  1.0000  -1.8934   0.0000   0.0000   0.0000   0.3659
   4.750   1.1532   0.02240   0.01338  -0.1402  0.4443  1.0000  -1.9421   0.0000   0.0000   0.0000   0.3620
   5.000   1.1774   0.02297   0.01380  -0.1392  0.4309  1.0000  -1.9976   0.0000   0.0000   0.0000   0.3582
   5.250   1.1991   0.02356   0.01432  -0.1377  0.4178  1.0000  -2.0499   0.0000   0.0000   0.0000   0.3545
   5.500   1.2218   0.02418   0.01487  -0.1364  0.4054  1.0000  -2.1037   0.0000   0.0000   0.0000   0.3510
   5.750   1.2449   0.02482   0.01542  -0.1352  0.3939  1.0000  -2.1580   0.0000   0.0000   0.0000   0.3476
   6.000   1.2673   0.02547   0.01598  -0.1340  0.3826  1.0000  -2.2121   0.0000   0.0000   0.0000   0.3443
   6.250   1.2891   0.02612   0.01655  -0.1326  0.3717  1.0000  -2.2656   0.0000   0.0000   0.0000   0.3410
   6.500   1.3106   0.02678   0.01714  -0.1311  0.3613  1.0000  -2.3190   0.0000   0.0000   0.0000   0.3379
   6.750   1.3324   0.02747   0.01775  -0.1298  0.3515  1.0000  -2.3730   0.0000   0.0000   0.0000   0.3349
   7.000   1.3559   0.02819   0.01838  -0.1288  0.3424  1.0000  -2.4306   0.0000   0.0000   0.0000   0.3320
   7.250   1.3805   0.02894   0.01910  -0.1279  0.3339  1.0000  -2.4933   0.0000   0.0000   0.0000   0.3294
   7.500   1.3978   0.02977   0.01999  -0.1259  0.3255  1.0000  -2.5443   0.0000   0.0000   0.0000   0.3264
   7.750   1.4182   0.03064   0.02086  -0.1244  0.3178  1.0000  -2.6003   0.0000   0.0000   0.0000   0.3237
   8.000   1.4445   0.03147   0.02157  -0.1240  0.3106  1.0000  -2.6661   0.0000   0.0000   0.0000   0.3213
   8.250   1.4606   0.03234   0.02252  -0.1218  0.3032  1.0000  -2.7175   0.0000   0.0000   0.0000   0.3185
   8.500   1.4775   0.03329   0.02350  -0.1198  0.2963  1.0000  -2.7740   0.0000   0.0000   0.0000   0.3158
   8.750   1.5063   0.03408   0.02413  -0.1198  0.2896  1.0000  -2.8518   0.0000   0.0000   0.0000   0.3138
   9.000   1.5125   0.03512   0.02537  -0.1161  0.2831  1.0000  -2.8905   0.0000   0.0000   0.0000   0.3107
   9.250   1.5352   0.03605   0.02623  -0.1151  0.2772  1.0000  -2.9581   0.0000   0.0000   0.0000   0.3085
   9.500   1.5453   0.03707   0.02736  -0.1122  0.2713  1.0000  -3.0042   0.0000   0.0000   0.0000   0.3057
   9.750   1.5646   0.03811   0.02839  -0.1108  0.2660  1.0000  -3.0659   0.0000   0.0000   0.0000   0.3034
  10.000   1.5731   0.03930   0.02976  -0.1077  0.2608  1.0000  -3.1085   0.0000   0.0000   0.0000   0.3007
  10.250   1.5986   0.04039   0.03079  -0.1073  0.2561  1.0000  -3.1802   0.0000   0.0000   0.0000   0.2989
  10.500   1.5958   0.04190   0.03254  -0.1028  0.2518  1.0000  -3.2018   0.0000   0.0000   0.0000   0.2958
  10.750   1.6267   0.04281   0.03333  -0.1031  0.2469  1.0000  -3.2848   0.0000   0.0000   0.0000   0.2943
  11.000   1.6179   0.04456   0.03535  -0.0981  0.2432  1.0000  -3.2998   0.0000   0.0000   0.0000   0.2911
  11.250   1.6223   0.04600   0.03690  -0.0949  0.2390  1.0000  -3.3413   0.0000   0.0000   0.0000   0.2886
  11.500   1.6481   0.04707   0.03789  -0.0946  0.2347  1.0000  -3.4317   0.0000   0.0000   0.0000   0.2870
  11.750   1.6270   0.04941   0.04057  -0.0888  0.2316  1.0000  -3.4287   0.0000   0.0000   0.0000   0.2838
  12.000   1.6275   0.05126   0.04256  -0.0857  0.2282  1.0000  -3.4723   0.0000   0.0000   0.0000   0.2814
  12.250   1.6637   0.05213   0.04332  -0.0866  0.2243  1.0000  -3.5957   0.0000   0.0000   0.0000   0.2803
  12.500   1.0980   0.11993   0.11332  -0.0921  0.2225  1.0000  -2.1735   0.0000   0.0000   0.0000   0.3130
  12.750   1.5945   0.05926   0.05117  -0.0755  0.2199  1.0000  -3.5207   0.0000   0.0000   0.0000   0.2747
  13.000   1.5944   0.06150   0.05350  -0.0734  0.2167  1.0000  -3.5616   0.0000   0.0000   0.0000   0.2729
  13.250   1.6199   0.06244   0.05437  -0.0730  0.2132  1.0000  -3.6638   0.0000   0.0000   0.0000   0.2715
  13.500   1.5511   0.06950   0.06189  -0.0687  0.2121  1.0000  -3.5350   0.0000   0.0000   0.0000   0.2702
  16.000   1.0034   0.20670   0.20055  -0.1370  0.2227  1.0000  -1.5902   0.0000   0.0000   0.0000   0.3627
  17.500   1.0466   0.22377   0.21770  -0.1462  0.1958  1.0000  -1.6179   0.0000   0.0000   0.0000   0.3630
  18.000   1.0604   0.22968   0.22363  -0.1497  0.1881  1.0000  -1.6114   0.0000   0.0000   0.0000   0.3634
  18.500   1.1006   0.23650   0.23056  -0.1484  0.1817  1.0000  -1.7219   0.0000   0.0000   0.0000   0.3558
  19.000   1.0946   0.24080   0.23486  -0.1555  0.1732  1.0000  -1.6188   0.0000   0.0000   0.0000   0.3621
  19.500   1.1105   0.24723   0.24132  -0.1589  0.1695  1.0000  -1.6761   0.0000   0.0000   0.0000   0.3620
  20.000   1.1248   0.25233   0.24646  -0.1625  0.1622  1.0000  -1.7291   0.0000   0.0000   0.0000   0.3623


