xflr5 v6.61

 Calculated polar for: E63_15_00

 1 1 Reynolds number fixed          Mach number fixed         

 xtrf =   1.000 (top)        1.000 (bottom)
 Mach =   0.200     Re =     0.125 e 6     Ncrit =   7.000

  alpha     CL        CD       CDp       Cm    Top Xtr Bot Xtr   Cpmin    Chinge    XCp    
 ------- -------- --------- --------- -------- ------- ------- -------- --------- ---------
 -30.000  -0.7761   0.33825   0.33231   0.0579  1.0000  0.0294  -1.6361   0.0000   0.0000   0.0000   0.2742
 -29.500  -0.7621   0.33375   0.32780   0.0542  1.0000  0.0300  -1.6011   0.0000   0.0000   0.0000   0.2720
 -29.000  -0.7481   0.32934   0.32338   0.0505  1.0000  0.0307  -1.5742   0.0000   0.0000   0.0000   0.2694
 -28.500  -0.7339   0.32488   0.31892   0.0467  1.0000  0.0315  -1.5511   0.0000   0.0000   0.0000   0.2666
 -28.000  -0.7196   0.32033   0.31436   0.0429  1.0000  0.0324  -1.5305   0.0000   0.0000   0.0000   0.2637
 -27.500  -0.7052   0.31568   0.30971   0.0392  1.0000  0.0334  -1.5120   0.0000   0.0000   0.0000   0.2605
 -27.000  -0.6906   0.31092   0.30493   0.0355  1.0000  0.0346  -1.4964   0.0000   0.0000   0.0000   0.2572
 -26.500  -0.6759   0.30608   0.30010   0.0317  1.0000  0.0358  -1.4883   0.0000   0.0000   0.0000   0.2535
 -26.000  -0.6616   0.30141   0.29543   0.0276  1.0000  0.0366  -1.4988   0.0000   0.0000   0.0000   0.2492
 -25.500  -0.6480   0.29718   0.29120   0.0234  1.0000  0.0370  -1.5462   0.0000   0.0000   0.0000   0.2444
 -25.000  -0.6360   0.29402   0.28805   0.0190  1.0000  0.0372  -1.6082   0.0000   0.0000   0.0000   0.2389
 -24.500  -0.6251   0.29126   0.28530   0.0146  1.0000  0.0374  -1.6696   0.0000   0.0000   0.0000   0.2333
 -24.000  -0.6049   0.28158   0.27564   0.0130  1.0000  0.0378  -1.5954   0.0000   0.0000   0.0000   0.2318
 -23.500  -0.5871   0.27550   0.26957   0.0109  1.0000  0.0384  -1.5280   0.0000   0.0000   0.0000   0.2295
 -23.000  -0.5707   0.27047   0.26455   0.0084  1.0000  0.0393  -1.4858   0.0000   0.0000   0.0000   0.2262
 -22.500  -0.5547   0.26552   0.25962   0.0056  1.0000  0.0405  -1.4571   0.0000   0.0000   0.0000   0.2224
 -22.000  -0.5390   0.26048   0.25460   0.0029  1.0000  0.0419  -1.4378   0.0000   0.0000   0.0000   0.2181
 -21.500  -0.5237   0.25532   0.24947  -0.0000  1.0000  0.0437  -1.4304   0.0000   0.0000   0.0000   0.2132
 -21.000  -0.5103   0.25044   0.24459  -0.0035  1.0000  0.0453  -1.4627   0.0000   0.0000   0.0000   0.2068
 -20.500  -0.5004   0.24669   0.24087  -0.0076  1.0000  0.0458  -1.5239   0.0000   0.0000   0.0000   0.1993
 -20.000  -0.4922   0.24321   0.23743  -0.0113  1.0000  0.0461  -1.5800   0.0000   0.0000   0.0000   0.1921
 -19.500  -0.4699   0.23390   0.22816  -0.0118  1.0000  0.0467  -1.5002   0.0000   0.0000   0.0000   0.1899
 -19.000  -0.4510   0.22806   0.22234  -0.0128  1.0000  0.0478  -1.4305   0.0000   0.0000   0.0000   0.1871
 -18.500  -0.4344   0.22314   0.21746  -0.0143  1.0000  0.0501  -1.3876   0.0000   0.0000   0.0000   0.1829
 -18.000  -0.4203   0.21803   0.21239  -0.0164  1.0000  0.0537  -1.3902   0.0000   0.0000   0.0000   0.1772
 -17.500  -0.4125   0.21347   0.20784  -0.0198  1.0000  0.0554  -1.4745   0.0000   0.0000   0.0000   0.1686
 -17.000  -0.4063   0.20906   0.20348  -0.0229  1.0000  0.0557  -1.5474   0.0000   0.0000   0.0000   0.1612
 -16.500  -0.4009   0.20433   0.19879  -0.0255  1.0000  0.0559  -1.6105   0.0000   0.0000   0.0000   0.1546
 -16.000  -0.3747   0.19545   0.18996  -0.0245  1.0000  0.0567  -1.4865   0.0000   0.0000   0.0000   0.1524
 -15.500  -0.3581   0.18995   0.18451  -0.0247  1.0000  0.0579  -1.4222   0.0000   0.0000   0.0000   0.1489
 -15.000  -0.3447   0.18471   0.17933  -0.0254  1.0000  0.0595  -1.3912   0.0000   0.0000   0.0000   0.1445
 -14.500  -0.3337   0.17928   0.17395  -0.0263  1.0000  0.0615  -1.3833   0.0000   0.0000   0.0000   0.1398
 -14.000  -0.3271   0.17360   0.16832  -0.0279  1.0000  0.0644  -1.4204   0.0000   0.0000   0.0000   0.1341
 -13.000  -0.3224   0.15826   0.15304  -0.0307  1.0000  0.0548  -1.6676   0.0000   0.0000   0.0000   0.1252
 -12.500  -0.3237   0.15049   0.14533  -0.0319  1.0000  0.0550  -1.8439   0.0000   0.0000   0.0000   0.1227
 -12.000  -0.3088   0.14690   0.14181  -0.0304  1.0000  0.0609  -1.7529   0.0000   0.0000   0.0000   0.1234
 -11.500  -0.3100   0.14058   0.13552  -0.0311  1.0000  0.0637  -1.8452   0.0000   0.0000   0.0000   0.1228
 -11.000  -0.3091   0.13461   0.12960  -0.0310  1.0000  0.0630  -1.8849   0.0000   0.0000   0.0000   0.1240
 -10.500  -0.3103   0.12868   0.12371  -0.0307  1.0000  0.0617  -1.9200   0.0000   0.0000   0.0000   0.1264
 -10.000  -0.3155   0.12258   0.11768  -0.0304  1.0000  0.0608  -1.9688   0.0000   0.0000   0.0000   0.1303
  -9.500  -0.3250   0.11636   0.11153  -0.0300  1.0000  0.0602  -2.0311   0.0000   0.0000   0.0000   0.1358
  -9.000  -0.3388   0.11011   0.10536  -0.0295  1.0000  0.0600  -2.1038   0.0000   0.0000   0.0000   0.1430
  -7.500  -0.4937   0.03642   0.03009  -0.1029  0.9701  0.0642  -3.9443   0.0000   0.0000   0.0000   0.0248
  -7.000  -0.4235   0.03316   0.02641  -0.1095  0.9598  0.0684  -3.6905   0.0000   0.0000   0.0000  -0.0264
  -6.500  -0.3495   0.03042   0.02309  -0.1154  0.9496  0.0756  -3.4631   0.0000   0.0000   0.0000  -0.0997
  -6.000  -0.2777   0.02977   0.02239  -0.1189  0.9378  0.0852  -3.1675   0.0000   0.0000   0.0000  -0.2002
  -5.500  -0.2035   0.02850   0.02077  -0.1230  0.9263  0.0974  -2.9113   0.0000   0.0000   0.0000  -0.3808
  -5.000  -0.1298   0.02712   0.01925  -0.1263  0.9145  0.1080  -2.6635   0.0000   0.0000   0.0000  -0.7597
  -4.500  -0.0544   0.02590   0.01789  -0.1295  0.9024  0.1194  -2.4127   0.0000   0.0000   0.0000  -2.2069
  -4.000   0.0215   0.02506   0.01708  -0.1324  0.8902  0.1331  -2.1500   0.0000   0.0000   0.0000   6.5882
  -3.500   0.0959   0.02407   0.01597  -0.1349  0.8771  0.1487  -1.9314   0.0000   0.0000   0.0000   1.6880
  -3.000   0.1664   0.02291   0.01471  -0.1365  0.8614  0.1633  -1.7314   0.0000   0.0000   0.0000   1.0844
  -2.500   0.2431   0.02148   0.01331  -0.1388  0.8485  0.1772  -1.5245   0.0000   0.0000   0.0000   0.8281
  -2.000   0.3191   0.02018   0.01192  -0.1410  0.8331  0.1945  -1.3260   0.0000   0.0000   0.0000   0.6953
  -1.500   0.3975   0.01891   0.01072  -0.1435  0.8153  0.2139  -1.1268   0.0000   0.0000   0.0000   0.6123
  -1.000   0.4800   0.01774   0.00954  -0.1469  0.7929  0.2377  -0.9304   0.0000   0.0000   0.0000   0.5556
  -0.500   0.5597   0.01694   0.00879  -0.1499  0.7621  0.2680  -0.9817   0.0000   0.0000   0.0000   0.5162
   0.000   0.6405   0.01642   0.00823  -0.1533  0.7261  0.3031  -1.0753   0.0000   0.0000   0.0000   0.4867
   0.500   0.7099   0.01622   0.00800  -0.1546  0.6855  0.3422  -1.1639   0.0000   0.0000   0.0000   0.4643
   1.000   0.7684   0.01625   0.00798  -0.1539  0.6434  0.3887  -1.2521   0.0000   0.0000   0.0000   0.4460
   1.500   0.8212   0.01643   0.00813  -0.1521  0.6022  0.4493  -1.3367   0.0000   0.0000   0.0000   0.4302
   2.000   0.8697   0.01669   0.00842  -0.1496  0.5632  0.5278  -1.4223   0.0000   0.0000   0.0000   0.4161
   2.500   0.9138   0.01698   0.00883  -0.1461  0.5261  0.6314  -1.5112   0.0000   0.0000   0.0000   0.4033
   3.000   0.9496   0.01711   0.00921  -0.1406  0.4937  0.7965  -1.5934   0.0000   0.0000   0.0000   0.3907
   3.500   0.9925   0.01746   0.00942  -0.1370  0.4627  1.0000  -1.6828   0.0000   0.0000   0.0000   0.3800
   4.000   1.0371   0.01827   0.00991  -0.1343  0.4337  1.0000  -1.7746   0.0000   0.0000   0.0000   0.3707
   4.500   1.0806   0.01915   0.01053  -0.1314  0.4072  1.0000  -1.8662   0.0000   0.0000   0.0000   0.3621
   5.000   1.1229   0.02007   0.01123  -0.1283  0.3826  1.0000  -1.9573   0.0000   0.0000   0.0000   0.3541
   5.500   1.1648   0.02105   0.01202  -0.1252  0.3607  1.0000  -2.0624   0.0000   0.0000   0.0000   0.3466
   6.000   1.2056   0.02209   0.01292  -0.1220  0.3406  1.0000  -2.1678   0.0000   0.0000   0.0000   0.3396
   6.500   1.2448   0.02319   0.01384  -0.1187  0.3219  1.0000  -2.2729   0.0000   0.0000   0.0000   0.3329
   7.000   1.2827   0.02435   0.01493  -0.1152  0.3045  1.0000  -2.3761   0.0000   0.0000   0.0000   0.3266
   7.500   1.3222   0.02560   0.01612  -0.1121  0.2902  1.0000  -2.4854   0.0000   0.0000   0.0000   0.3208
   8.000   1.3596   0.02694   0.01743  -0.1088  0.2766  1.0000  -2.5976   0.0000   0.0000   0.0000   0.3152
   8.500   1.3951   0.02837   0.01885  -0.1053  0.2638  1.0000  -2.7080   0.0000   0.0000   0.0000   0.3099
   9.000   1.4282   0.02989   0.02036  -0.1016  0.2518  1.0000  -2.8230   0.0000   0.0000   0.0000   0.3047
   9.500   1.4595   0.03154   0.02202  -0.0978  0.2408  1.0000  -2.9390   0.0000   0.0000   0.0000   0.2998
  10.000   1.4896   0.03332   0.02384  -0.0941  0.2308  1.0000  -3.0535   0.0000   0.0000   0.0000   0.2950
  10.500   1.5208   0.03523   0.02582  -0.0907  0.2221  1.0000  -3.1698   0.0000   0.0000   0.0000   0.2906
  11.000   1.5531   0.03718   0.02775  -0.0876  0.2141  1.0000  -3.2895   0.0000   0.0000   0.0000   0.2865
  11.500   1.5709   0.03966   0.03047  -0.0832  0.2060  1.0000  -3.3815   0.0000   0.0000   0.0000   0.2821
  12.000   1.5898   0.04230   0.03326  -0.0793  0.1987  1.0000  -3.4952   0.0000   0.0000   0.0000   0.2781
  12.500   1.6151   0.04468   0.03566  -0.0762  0.1918  1.0000  -3.6459   0.0000   0.0000   0.0000   0.2744
  13.000   1.6158   0.04839   0.03970  -0.0717  0.1847  1.0000  -3.7389   0.0000   0.0000   0.0000   0.2706
  13.500   1.6199   0.05221   0.04371  -0.0682  0.1779  1.0000  -3.8408   0.0000   0.0000   0.0000   0.2673
  14.000   1.6321   0.05553   0.04704  -0.0656  0.1712  1.0000  -3.9659   0.0000   0.0000   0.0000   0.2643
  14.500   1.6142   0.06188   0.05384  -0.0632  0.1654  1.0000  -4.0048   0.0000   0.0000   0.0000   0.2621
  15.000   1.6273   0.06572   0.05771  -0.0617  0.1598  1.0000  -4.1288   0.0000   0.0000   0.0000   0.2597
  15.500   1.5944   0.07493   0.06745  -0.0617  0.1550  1.0000  -4.1143   0.0000   0.0000   0.0000   0.2593
  16.000   1.6057   0.07941   0.07194  -0.0613  0.1500  1.0000  -4.2290   0.0000   0.0000   0.0000   0.2576
  16.500   1.5452   0.09387   0.08702  -0.0655  0.1457  1.0000  -4.1113   0.0000   0.0000   0.0000   0.2607
  17.000   1.5067   0.10645   0.09993  -0.0706  0.1411  1.0000  -4.0479   0.0000   0.0000   0.0000   0.2639
  19.500   1.1893   0.21534   0.20987  -0.1394  0.0984  1.0000  -2.4714   0.0000   0.0000   0.0000   0.3329


