xflr5 v6.61

 Calculated polar for: E63_13_00

 1 1 Reynolds number fixed          Mach number fixed         

 xtrf =   1.000 (top)        1.000 (bottom)
 Mach =   0.200     Re =     0.070 e 6     Ncrit =   9.000

  alpha     CL        CD       CDp       Cm    Top Xtr Bot Xtr   Cpmin    Chinge    XCp    
 ------- -------- --------- --------- -------- ------- ------- -------- --------- ---------
 -19.500  -0.4937   0.23928   0.23172  -0.0083  1.0000  0.0670  -1.3888   0.0000   0.0000   0.0000   0.2058
 -19.000  -0.4764   0.23329   0.22577  -0.0099  1.0000  0.0692  -1.3459   0.0000   0.0000   0.0000   0.2022
 -18.500  -0.4612   0.22806   0.22057  -0.0120  1.0000  0.0720  -1.3297   0.0000   0.0000   0.0000   0.1973
 -18.000  -0.4492   0.22387   0.21643  -0.0149  1.0000  0.0748  -1.3501   0.0000   0.0000   0.0000   0.1908
 -17.500  -0.4470   0.22328   0.21590  -0.0189  1.0000  0.0759  -1.4331   0.0000   0.0000   0.0000   0.1827
 -17.000  -0.4193   0.21201   0.20466  -0.0181  1.0000  0.0789  -1.3041   0.0000   0.0000   0.0000   0.1814
 -16.500  -0.4048   0.20675   0.19944  -0.0196  1.0000  0.0830  -1.2773   0.0000   0.0000   0.0000   0.1765
 -16.000  -0.3980   0.20354   0.19629  -0.0225  1.0000  0.0860  -1.3225   0.0000   0.0000   0.0000   0.1692
 -15.500  -0.3865   0.19760   0.19044  -0.0240  1.0000  0.0871  -1.3425   0.0000   0.0000   0.0000   0.1638
 -15.000  -0.3670   0.19045   0.18333  -0.0239  1.0000  0.0901  -1.2884   0.0000   0.0000   0.0000   0.1607
 -14.500  -0.3548   0.18523   0.17817  -0.0250  1.0000  0.0940  -1.2884   0.0000   0.0000   0.0000   0.1559
 -14.000  -0.3547   0.18256   0.17558  -0.0277  1.0000  0.0968  -1.3661   0.0000   0.0000   0.0000   0.1494
 -13.500  -0.3374   0.17477   0.16784  -0.0275  1.0000  0.0987  -1.3293   0.0000   0.0000   0.0000   0.1459
 -13.000  -0.3230   0.16892   0.16205  -0.0273  1.0000  0.1026  -1.2956   0.0000   0.0000   0.0000   0.1429
 -12.500  -0.3217   0.16510   0.15833  -0.0289  1.0000  0.1071  -1.3441   0.0000   0.0000   0.0000   0.1387
 -12.000  -0.3124   0.15884   0.15216  -0.0290  1.0000  0.1091  -1.3428   0.0000   0.0000   0.0000   0.1361
 -11.500  -0.2989   0.15297   0.14637  -0.0282  1.0000  0.1141  -1.3040   0.0000   0.0000   0.0000   0.1349
 -11.000  -0.3111   0.15048   0.14401  -0.0300  1.0000  0.1185  -1.4001   0.0000   0.0000   0.0000   0.1348
 -10.500  -0.2895   0.14245   0.13605  -0.0279  1.0000  0.1226  -1.3253   0.0000   0.0000   0.0000   0.1345
 -10.000  -0.2986   0.13907   0.13280  -0.0284  1.0000  0.1290  -1.3916   0.0000   0.0000   0.0000   0.1374
  -9.750  -0.2955   0.13566   0.12945  -0.0278  1.0000  0.1306  -1.3931   0.0000   0.0000   0.0000   0.1386
  -9.500  -0.2845   0.13223   0.12605  -0.0263  1.0000  0.1344  -1.3522   0.0000   0.0000   0.0000   0.1402
  -9.250  -0.2900   0.13047   0.12436  -0.0262  1.0000  0.1389  -1.3973   0.0000   0.0000   0.0000   0.1432
  -9.000  -0.3131   0.13045   0.12446  -0.0271  1.0000  0.1403  -1.5019   0.0000   0.0000   0.0000   0.1488
  -8.750  -0.2864   0.12480   0.11882  -0.0243  1.0000  0.1458  -1.4369   0.0000   0.0000   0.0000   0.1494
  -8.500  -0.2998   0.12370   0.11780  -0.0243  1.0000  0.1504  -1.5048   0.0000   0.0000   0.0000   0.1546
  -8.250  -0.2903   0.12019   0.11429  -0.0224  1.0000  0.1563  -1.4910   0.0000   0.0000   0.0000   0.1583
  -8.000  -0.3083   0.11962   0.11382  -0.0221  1.0000  0.1616  -1.5599   0.0000   0.0000   0.0000   0.1652
  -7.750  -0.3016   0.11691   0.11115  -0.0201  1.0000  0.1717  -1.5368   0.0000   0.0000   0.0000   0.1704
  -7.500  -0.2992   0.11427   0.10857  -0.0185  1.0000  0.1772  -1.5290   0.0000   0.0000   0.0000   0.1758
  -7.250  -0.3114   0.11324   0.10763  -0.0172  1.0000  0.1829  -1.5609   0.0000   0.0000   0.0000   0.1831
  -7.000  -0.3402   0.11331   0.10782  -0.0161  1.0000  0.1841  -1.6407   0.0000   0.0000   0.0000   0.1926
  -6.750  -0.3146   0.10900   0.10351  -0.0138  1.0000  0.1921  -1.5499   0.0000   0.0000   0.0000   0.1958
  -6.500  -0.3433   0.10902   0.10365  -0.0121  1.0000  0.1947  -1.6200   0.0000   0.0000   0.0000   0.2057
  -6.250  -0.3351   0.10576   0.10044  -0.0102  1.0000  0.1976  -1.5823   0.0000   0.0000   0.0000   0.2106
  -6.000  -0.3373   0.10393   0.09867  -0.0080  1.0000  0.2014  -1.5673   0.0000   0.0000   0.0000   0.2176
  -5.750  -0.3635   0.10361   0.09846  -0.0055  1.0000  0.2049  -1.6171   0.0000   0.0000   0.0000   0.2274
  -5.500  -0.3814   0.10211   0.09706  -0.0047  1.0000  0.2069  -1.6581   0.0000   0.0000   0.0000   0.2308
  -5.250  -0.3726   0.09946   0.09444  -0.0018  1.0000  0.2101  -1.6027   0.0000   0.0000   0.0000   0.2383
  -5.000  -0.3828   0.09791   0.09297  -0.0014  1.0000  0.2151  -1.6175   0.0000   0.0000   0.0000   0.2402
  -4.750  -0.3930   0.09569   0.09082  -0.0025  1.0000  0.2182  -1.6464   0.0000   0.0000   0.0000   0.2378
  -4.500  -0.3889   0.09354   0.08872   0.0001  1.0000  0.2217  -1.6025   0.0000   0.0000   0.0000   0.2446
  -4.250  -0.3968   0.09107   0.08629  -0.0052  1.0000  0.2285  -1.6522   0.0000   0.0000   0.0000   0.2316
  -4.000  -0.3379   0.08677   0.08234  -0.0109  0.9849  0.2390  -1.4403   0.0000   0.0000   0.0000   0.2133
  -3.750  -0.3891   0.08604   0.08132  -0.0074  1.0000  0.2395  -1.6164   0.0000   0.0000   0.0000   0.2261
  -3.000  -0.2016   0.05366   0.04767  -0.0712  0.9822  0.1591  -1.7751   0.0000   0.0000   0.0000  -0.1131
  -2.750  -0.1177   0.04496   0.03802  -0.0898  0.9756  0.1585  -1.7608   0.0000   0.0000   0.0000  -0.5298
  -2.500  -0.0591   0.04230   0.03485  -0.0979  0.9659  0.1691  -1.7127   0.0000   0.0000   0.0000  -1.4378
  -2.250  -0.0030   0.04043   0.03248  -0.1048  0.9558  0.1850  -1.6483   0.0000   0.0000   0.0000  -35.6700
  -2.000   0.0418   0.04008   0.03216  -0.1083  0.9442  0.2003  -1.5446   0.0000   0.0000   0.0000   2.8756
  -1.750   0.0945   0.03883   0.03050  -0.1136  0.9334  0.2176  -1.4617   0.0000   0.0000   0.0000   1.4658
  -1.500   0.1400   0.03841   0.03011  -0.1168  0.9218  0.2342  -1.3578   0.0000   0.0000   0.0000   1.0916
  -1.250   0.1903   0.03753   0.02896  -0.1210  0.9107  0.2512  -1.2790   0.0000   0.0000   0.0000   0.8902
  -1.000   0.2349   0.03702   0.02842  -0.1239  0.8985  0.2696  -1.1906   0.0000   0.0000   0.0000   0.7799
  -0.750   0.2757   0.03643   0.02780  -0.1260  0.8850  0.2863  -1.1088   0.0000   0.0000   0.0000   0.7086
  -0.500   0.3196   0.03585   0.02719  -0.1285  0.8723  0.3071  -1.0202   0.0000   0.0000   0.0000   0.6525
  -0.250   0.3647   0.03517   0.02649  -0.1310  0.8601  0.3289  -0.9300   0.0000   0.0000   0.0000   0.6088
   0.000   0.4102   0.03446   0.02586  -0.1333  0.8481  0.3551  -0.8367   0.0000   0.0000   0.0000   0.5738
   0.250   0.4567   0.03365   0.02512  -0.1355  0.8363  0.3860  -0.8169   0.0000   0.0000   0.0000   0.5450
   0.500   0.4996   0.03282   0.02438  -0.1370  0.8233  0.4180  -0.8627   0.0000   0.0000   0.0000   0.5221
   0.750   0.5393   0.03206   0.02374  -0.1379  0.8089  0.4558  -0.9068   0.0000   0.0000   0.0000   0.5031
   1.000   0.5848   0.03094   0.02280  -0.1392  0.7968  0.5060  -0.9569   0.0000   0.0000   0.0000   0.4851
   1.250   0.6314   0.02957   0.02165  -0.1404  0.7854  0.5704  -1.0134   0.0000   0.0000   0.0000   0.4689
   1.500   0.6762   0.02804   0.02047  -0.1409  0.7740  0.6574  -1.0700   0.0000   0.0000   0.0000   0.4546
   1.750   0.7094   0.02634   0.01927  -0.1388  0.7623  0.7926  -1.1202   0.0000   0.0000   0.0000   0.4415
   2.000   0.7686   0.02454   0.01734  -0.1424  0.7494  1.0000  -1.1966   0.0000   0.0000   0.0000   0.4308
   2.250   0.8181   0.02395   0.01649  -0.1450  0.7310  1.0000  -1.2646   0.0000   0.0000   0.0000   0.4224
   2.500   0.8726   0.02325   0.01556  -0.1482  0.7122  1.0000  -1.3390   0.0000   0.0000   0.0000   0.4147
   2.750   0.9212   0.02282   0.01490  -0.1505  0.6911  1.0000  -1.4084   0.0000   0.0000   0.0000   0.4078
   3.000   0.9623   0.02270   0.01457  -0.1516  0.6681  1.0000  -1.4705   0.0000   0.0000   0.0000   0.4017
   3.250   0.9995   0.02277   0.01443  -0.1522  0.6446  1.0000  -1.5291   0.0000   0.0000   0.0000   0.3961
   3.500   1.0342   0.02297   0.01441  -0.1524  0.6212  1.0000  -1.5853   0.0000   0.0000   0.0000   0.3909
   3.750   1.0664   0.02330   0.01453  -0.1523  0.5984  1.0000  -1.6391   0.0000   0.0000   0.0000   0.3860
   4.000   1.0959   0.02374   0.01479  -0.1518  0.5761  1.0000  -1.6902   0.0000   0.0000   0.0000   0.3813
   4.250   1.1231   0.02427   0.01514  -0.1510  0.5548  1.0000  -1.7437   0.0000   0.0000   0.0000   0.3769
   4.500   1.1489   0.02486   0.01558  -0.1500  0.5343  1.0000  -1.7985   0.0000   0.0000   0.0000   0.3727
   4.750   1.1746   0.02549   0.01605  -0.1490  0.5148  1.0000  -1.8535   0.0000   0.0000   0.0000   0.3686
   5.000   1.2019   0.02611   0.01649  -0.1483  0.4964  1.0000  -1.9112   0.0000   0.0000   0.0000   0.3648
   5.250   1.2247   0.02680   0.01712  -0.1468  0.4780  1.0000  -1.9631   0.0000   0.0000   0.0000   0.3610
   5.500   1.2474   0.02753   0.01774  -0.1454  0.4609  1.0000  -2.0153   0.0000   0.0000   0.0000   0.3573
   5.750   1.2719   0.02824   0.01831  -0.1443  0.4447  1.0000  -2.0748   0.0000   0.0000   0.0000   0.3539
   6.000   1.2948   0.02905   0.01902  -0.1430  0.4296  1.0000  -2.1315   0.0000   0.0000   0.0000   0.3505
   6.250   1.3160   0.02991   0.01985  -0.1415  0.4152  1.0000  -2.1857   0.0000   0.0000   0.0000   0.3472
   6.500   1.3395   0.03078   0.02063  -0.1404  0.4019  1.0000  -2.2447   0.0000   0.0000   0.0000   0.3441
   6.750   1.3639   0.03169   0.02146  -0.1394  0.3894  1.0000  -2.3094   0.0000   0.0000   0.0000   0.3412
   7.000   1.3877   0.03268   0.02238  -0.1384  0.3778  1.0000  -2.3727   0.0000   0.0000   0.0000   0.3383
   7.250   1.4097   0.03374   0.02352  -0.1371  0.3669  1.0000  -2.4332   0.0000   0.0000   0.0000   0.3355
   7.500   1.4298   0.03487   0.02468  -0.1356  0.3565  1.0000  -2.4903   0.0000   0.0000   0.0000   0.3327
   7.750   1.4484   0.03605   0.02591  -0.1339  0.3465  1.0000  -2.5451   0.0000   0.0000   0.0000   0.3299
   8.000   1.4658   0.03727   0.02718  -0.1320  0.3367  1.0000  -2.5982   0.0000   0.0000   0.0000   0.3271
   8.250   1.4827   0.03850   0.02846  -0.1300  0.3273  1.0000  -2.6510   0.0000   0.0000   0.0000   0.3244
   8.500   1.5006   0.03974   0.02974  -0.1282  0.3184  1.0000  -2.7058   0.0000   0.0000   0.0000   0.3218
   8.750   1.5224   0.04093   0.03090  -0.1271  0.3100  1.0000  -2.7836   0.0000   0.0000   0.0000   0.3194
   9.000   1.5388   0.04227   0.03230  -0.1251  0.3020  1.0000  -2.8580   0.0000   0.0000   0.0000   0.3169
   9.250   1.5441   0.04409   0.03435  -0.1218  0.2952  1.0000  -2.9073   0.0000   0.0000   0.0000   0.3141
   9.500   1.5662   0.04548   0.03572  -0.1208  0.2884  1.0000  -2.9939   0.0000   0.0000   0.0000   0.3119
   9.750   1.5692   0.04737   0.03782  -0.1173  0.2821  1.0000  -3.0391   0.0000   0.0000   0.0000   0.3091
  10.000   1.5777   0.04917   0.03982  -0.1146  0.2761  1.0000  -3.0968   0.0000   0.0000   0.0000   0.3066
  10.250   1.5888   0.05082   0.04156  -0.1122  0.2700  1.0000  -3.1612   0.0000   0.0000   0.0000   0.3042
  10.500   1.5843   0.05313   0.04408  -0.1081  0.2654  1.0000  -3.1899   0.0000   0.0000   0.0000   0.3015
  10.750   1.5692   0.05577   0.04698  -0.1029  0.2615  1.0000  -3.1947   0.0000   0.0000   0.0000   0.2985
  11.000   1.5916   0.05731   0.04850  -0.1022  0.2561  1.0000  -3.2837   0.0000   0.0000   0.0000   0.2967
  11.250   1.5459   0.06144   0.05301  -0.0947  0.2541  1.0000  -3.2176   0.0000   0.0000   0.0000   0.2934
  11.500   1.4950   0.06678   0.05870  -0.0887  0.2523  1.0000  -3.1348   0.0000   0.0000   0.0000   0.2911
  11.750   1.0346   0.13755   0.13023  -0.1148  0.2652  1.0000  -1.7852   0.0000   0.0000   0.0000   0.3445
  12.000   1.4182   0.07872   0.07106  -0.0836  0.2474  1.0000  -3.0118   0.0000   0.0000   0.0000   0.2899
  12.250   1.0307   0.14964   0.14240  -0.1195  0.2676  1.0000  -1.7513   0.0000   0.0000   0.0000   0.3490
  14.750   0.8094   0.19066   0.18481  -0.1232  0.2687  1.0000  -1.1069   0.0000   0.0000   0.0000   0.3852
  15.000   0.8008   0.19256   0.18674  -0.1249  0.2622  1.0000  -1.0670   0.0000   0.0000   0.0000   0.3888
  16.000   0.8182   0.20362   0.19795  -0.1284  0.2390  1.0000  -1.0463   0.0000   0.0000   0.0000   0.3883
  16.500   0.8244   0.20943   0.20382  -0.1306  0.2296  1.0000  -1.0185   0.0000   0.0000   0.0000   0.3890
  17.000   0.8326   0.21514   0.20960  -0.1326  0.2186  1.0000  -1.0310   0.0000   0.0000   0.0000   0.3891
  17.500   0.8405   0.22118   0.21572  -0.1347  0.2102  1.0000  -1.0666   0.0000   0.0000   0.0000   0.3893
  18.000   0.8646   0.22889   0.22351  -0.1352  0.2031  1.0000  -1.1672   0.0000   0.0000   0.0000   0.3844
  18.500   0.8574   0.23330   0.22799  -0.1390  0.1949  1.0000  -1.1374   0.0000   0.0000   0.0000   0.3895
  19.000   0.8632   0.23980   0.23458  -0.1416  0.1897  1.0000  -1.1556   0.0000   0.0000   0.0000   0.3905
  19.500   0.8775   0.24642   0.24134  -0.1430  0.1824  1.0000  -1.2122   0.0000   0.0000   0.0000   0.3885
  20.000   0.8781   0.25221   0.24721  -0.1462  0.1739  1.0000  -1.2001   0.0000   0.0000   0.0000   0.3912


