xflr5 v6.61

 Calculated polar for: E63_16_00

 1 1 Reynolds number fixed          Mach number fixed         

 xtrf =   1.000 (top)        1.000 (bottom)
 Mach =   0.200     Re =     0.100 e 6     Ncrit =   9.000

  alpha     CL        CD       CDp       Cm    Top Xtr Bot Xtr   Cpmin    Chinge    XCp    
 ------- -------- --------- --------- -------- ------- ------- -------- --------- ---------
 -20.000  -0.2926   0.21231   0.20681  -0.0243  1.0000  0.0663  -0.9759   0.0000   0.0000   0.0000   0.1375
 -19.500  -0.2784   0.20699   0.20150  -0.0243  1.0000  0.0677  -0.9285   0.0000   0.0000   0.0000   0.1330
 -19.000  -0.2690   0.20338   0.19789  -0.0249  1.0000  0.0698  -0.9158   0.0000   0.0000   0.0000   0.1276
 -18.500  -0.2616   0.19999   0.19453  -0.0257  1.0000  0.0724  -0.9210   0.0000   0.0000   0.0000   0.1217
 -18.000  -0.2599   0.19771   0.19226  -0.0273  1.0000  0.0751  -0.9717   0.0000   0.0000   0.0000   0.1150
 -17.500  -0.2727   0.19954   0.19410  -0.0298  1.0000  0.0758  -1.0950   0.0000   0.0000   0.0000   0.1114
 -17.000  -0.2469   0.18985   0.18446  -0.0283  1.0000  0.0773  -0.9852   0.0000   0.0000   0.0000   0.1051
 -16.500  -0.2371   0.18623   0.18088  -0.0280  1.0000  0.0799  -0.9573   0.0000   0.0000   0.0000   0.1011
 -16.000  -0.2325   0.18322   0.17790  -0.0284  1.0000  0.0839  -0.9689   0.0000   0.0000   0.0000   0.0971
 -15.500  -0.2517   0.18502   0.17969  -0.0311  1.0000  0.0864  -1.1250   0.0000   0.0000   0.0000   0.0968
 -15.000  -0.2277   0.17681   0.17156  -0.0290  1.0000  0.0889  -1.0505   0.0000   0.0000   0.0000   0.0919
 -14.500  -0.2241   0.17386   0.16861  -0.0289  1.0000  0.0950  -1.0943   0.0000   0.0000   0.0000   0.0907
 -14.000  -0.2265   0.16985   0.16464  -0.0292  1.0000  0.0988  -1.1946   0.0000   0.0000   0.0000   0.0908
 -13.500  -0.2226   0.16620   0.16101  -0.0286  1.0000  0.1060  -1.2251   0.0000   0.0000   0.0000   0.0916
 -13.000  -0.2240   0.16211   0.15695  -0.0285  1.0000  0.1096  -1.2679   0.0000   0.0000   0.0000   0.0937
 -12.500  -0.2183   0.15863   0.15350  -0.0273  1.0000  0.1165  -1.2414   0.0000   0.0000   0.0000   0.0964
 -12.000  -0.2264   0.15496   0.14988  -0.0275  1.0000  0.1197  -1.2870   0.0000   0.0000   0.0000   0.1016
 -11.500  -0.2142   0.15091   0.14589  -0.0251  1.0000  0.1254  -1.2082   0.0000   0.0000   0.0000   0.1061
 -11.000  -0.2434   0.14920   0.14423  -0.0264  1.0000  0.1294  -1.3272   0.0000   0.0000   0.0000   0.1182
 -10.500  -0.2225   0.14305   0.13817  -0.0231  1.0000  0.1316  -1.2130   0.0000   0.0000   0.0000   0.1223
 -10.000  -0.2195   0.13937   0.13457  -0.0209  1.0000  0.1352  -1.1668   0.0000   0.0000   0.0000   0.1323
  -9.750  -0.2237   0.13766   0.13290  -0.0202  1.0000  0.1378  -1.1690   0.0000   0.0000   0.0000   0.1380
  -9.500  -0.2464   0.13676   0.13205  -0.0209  1.0000  0.1400  -1.2488   0.0000   0.0000   0.0000   0.1455
  -9.250  -0.2549   0.13464   0.12998  -0.0204  1.0000  0.1407  -1.2665   0.0000   0.0000   0.0000   0.1514
  -9.000  -0.2414   0.13193   0.12731  -0.0182  1.0000  0.1418  -1.1907   0.0000   0.0000   0.0000   0.1559
  -8.750  -0.2374   0.13015   0.12556  -0.0165  1.0000  0.1434  -1.1490   0.0000   0.0000   0.0000   0.1624
  -8.500  -0.2383   0.12859   0.12405  -0.0151  1.0000  0.1454  -1.1270   0.0000   0.0000   0.0000   0.1691
  -8.250  -0.2440   0.12707   0.12258  -0.0141  1.0000  0.1481  -1.1249   0.0000   0.0000   0.0000   0.1756
  -8.000  -0.2718   0.12599   0.12156  -0.0147  1.0000  0.1508  -1.2094   0.0000   0.0000   0.0000   0.1812
  -7.750  -0.2692   0.12291   0.11851  -0.0156  0.9983  0.1519  -1.1980   0.0000   0.0000   0.0000   0.1774
  -7.500  -0.2273   0.11891   0.11450  -0.0184  0.9926  0.1556  -1.1059   0.0000   0.0000   0.0000   0.1528
  -7.250  -0.2304   0.11565   0.11123  -0.0242  0.9865  0.1617  -1.1741   0.0000   0.0000   0.0000   0.1291
  -7.000  -0.2055   0.11118   0.10676  -0.0273  0.9803  0.1638  -1.1488   0.0000   0.0000   0.0000   0.0998
  -6.750  -0.1790   0.10765   0.10323  -0.0298  0.9731  0.1672  -1.1096   0.0000   0.0000   0.0000   0.0642
  -6.500  -0.1824   0.10423   0.09981  -0.0343  0.9646  0.1724  -1.1651   0.0000   0.0000   0.0000   0.0436
  -6.250  -0.1756   0.10001   0.09560  -0.0377  0.9564  0.1741  -1.1896   0.0000   0.0000   0.0000   0.0170
  -6.000  -0.1393   0.09610   0.09168  -0.0402  0.9509  0.1772  -1.1276   0.0000   0.0000   0.0000  -0.0606
  -5.250  -0.2939   0.07493   0.07012  -0.0591  0.9433  0.1290  -1.9721   0.0000   0.0000   0.0000   0.0339
  -5.000  -0.2729   0.06839   0.06349  -0.0666  0.9337  0.1275  -2.0186   0.0000   0.0000   0.0000  -0.0100
  -4.750  -0.2403   0.04660   0.04058  -0.0969  0.9276  0.1325  -2.3903   0.0000   0.0000   0.0000  -0.1729
  -4.500  -0.1915   0.04218   0.03558  -0.1053  0.9214  0.1420  -2.3456   0.0000   0.0000   0.0000  -0.3234
  -4.250  -0.1512   0.04040   0.03345  -0.1093  0.9123  0.1518  -2.2609   0.0000   0.0000   0.0000  -0.5011
  -4.000  -0.1174   0.04137   0.03479  -0.1088  0.9023  0.1582  -2.1223   0.0000   0.0000   0.0000  -0.7101
  -3.750  -0.0784   0.04023   0.03353  -0.1115  0.8931  0.1671  -2.0345   0.0000   0.0000   0.0000  -1.2175
  -3.500  -0.0318   0.03756   0.03037  -0.1164  0.8857  0.1751  -1.9749   0.0000   0.0000   0.0000  -3.5204
  -3.250   0.0176   0.03580   0.02825  -0.1208  0.8790  0.1846  -1.8854   0.0000   0.0000   0.0000   7.2889
  -3.000   0.0540   0.03525   0.02785  -0.1217  0.8692  0.1910  -1.7806   0.0000   0.0000   0.0000   2.5523
  -2.750   0.0946   0.03381   0.02617  -0.1240  0.8598  0.1980  -1.6970   0.0000   0.0000   0.0000   1.5864
  -2.500   0.1369   0.03248   0.02452  -0.1265  0.8507  0.2064  -1.6105   0.0000   0.0000   0.0000   1.1893
  -2.250   0.1774   0.03164   0.02375  -0.1279  0.8419  0.2147  -1.5070   0.0000   0.0000   0.0000   0.9813
  -2.000   0.2272   0.03031   0.02235  -0.1309  0.8362  0.2241  -1.3970   0.0000   0.0000   0.0000   0.8325
  -1.750   0.2668   0.02924   0.02119  -0.1322  0.8266  0.2325  -1.3051   0.0000   0.0000   0.0000   0.7497
  -1.500   0.3075   0.02821   0.02011  -0.1335  0.8173  0.2429  -1.2099   0.0000   0.0000   0.0000   0.6868
  -1.250   0.3510   0.02705   0.01892  -0.1351  0.8088  0.2540  -1.1117   0.0000   0.0000   0.0000   0.6363
  -1.000   0.4068   0.02548   0.01730  -0.1386  0.8037  0.2671  -0.9981   0.0000   0.0000   0.0000   0.5909
  -0.750   0.4526   0.02439   0.01614  -0.1406  0.7936  0.2821  -0.9285   0.0000   0.0000   0.0000   0.5600
  -0.500   0.5007   0.02337   0.01520  -0.1430  0.7830  0.2985  -0.9793   0.0000   0.0000   0.0000   0.5341
  -0.250   0.5533   0.02235   0.01417  -0.1463  0.7715  0.3179  -1.0340   0.0000   0.0000   0.0000   0.5122
   0.000   0.5967   0.02166   0.01348  -0.1481  0.7561  0.3352  -1.0836   0.0000   0.0000   0.0000   0.4954
   0.250   0.6460   0.02097   0.01279  -0.1509  0.7404  0.3555  -1.1385   0.0000   0.0000   0.0000   0.4804
   0.500   0.6862   0.02054   0.01236  -0.1522  0.7223  0.3768  -1.1866   0.0000   0.0000   0.0000   0.4682
   0.750   0.7290   0.02015   0.01192  -0.1540  0.7041  0.4014  -1.2380   0.0000   0.0000   0.0000   0.4572
   1.000   0.7641   0.01996   0.01172  -0.1545  0.6845  0.4277  -1.2866   0.0000   0.0000   0.0000   0.4476
   1.250   0.7935   0.01990   0.01167  -0.1539  0.6643  0.4569  -1.3312   0.0000   0.0000   0.0000   0.4390
   1.500   0.8219   0.01988   0.01167  -0.1531  0.6445  0.4896  -1.3753   0.0000   0.0000   0.0000   0.4310
   1.750   0.8500   0.01988   0.01170  -0.1523  0.6253  0.5265  -1.4194   0.0000   0.0000   0.0000   0.4235
   2.000   0.8788   0.01990   0.01172  -0.1516  0.6070  0.5702  -1.4656   0.0000   0.0000   0.0000   0.4164
   2.250   0.9008   0.01999   0.01190  -0.1497  0.5882  0.6167  -1.5094   0.0000   0.0000   0.0000   0.4096
   2.500   0.9237   0.02006   0.01205  -0.1478  0.5708  0.6746  -1.5546   0.0000   0.0000   0.0000   0.4031
   2.750   0.9433   0.02007   0.01219  -0.1451  0.5545  0.7480  -1.5968   0.0000   0.0000   0.0000   0.3966
   3.000   0.9576   0.01981   0.01217  -0.1411  0.5397  0.8873  -1.6344   0.0000   0.0000   0.0000   0.3897
   3.250   0.9907   0.02012   0.01222  -0.1420  0.5221  1.0000  -1.6892   0.0000   0.0000   0.0000   0.3853
   3.500   1.0184   0.02059   0.01244  -0.1416  0.5063  1.0000  -1.7395   0.0000   0.0000   0.0000   0.3807
   3.750   1.0429   0.02107   0.01273  -0.1407  0.4910  1.0000  -1.7868   0.0000   0.0000   0.0000   0.3761
   4.000   1.0697   0.02157   0.01301  -0.1401  0.4770  1.0000  -1.8371   0.0000   0.0000   0.0000   0.3719
   4.250   1.0946   0.02208   0.01337  -0.1392  0.4634  1.0000  -1.8853   0.0000   0.0000   0.0000   0.3677
   4.500   1.1171   0.02262   0.01379  -0.1378  0.4500  1.0000  -1.9309   0.0000   0.0000   0.0000   0.3635
   4.750   1.1406   0.02317   0.01421  -0.1367  0.4374  1.0000  -1.9779   0.0000   0.0000   0.0000   0.3596
   5.000   1.1641   0.02373   0.01465  -0.1356  0.4254  1.0000  -2.0252   0.0000   0.0000   0.0000   0.3558
   5.250   1.1875   0.02431   0.01511  -0.1344  0.4139  1.0000  -2.0731   0.0000   0.0000   0.0000   0.3522
   5.500   1.2106   0.02492   0.01564  -0.1332  0.4029  1.0000  -2.1266   0.0000   0.0000   0.0000   0.3487
   5.750   1.2333   0.02555   0.01618  -0.1320  0.3924  1.0000  -2.1809   0.0000   0.0000   0.0000   0.3453
   6.000   1.2557   0.02620   0.01675  -0.1307  0.3825  1.0000  -2.2350   0.0000   0.0000   0.0000   0.3420
   6.250   1.2782   0.02686   0.01733  -0.1295  0.3729  1.0000  -2.2895   0.0000   0.0000   0.0000   0.3388
   6.500   1.3009   0.02751   0.01788  -0.1283  0.3636  1.0000  -2.3449   0.0000   0.0000   0.0000   0.3357
   6.750   1.3251   0.02815   0.01839  -0.1273  0.3546  1.0000  -2.4031   0.0000   0.0000   0.0000   0.3328
   7.000   1.3438   0.02883   0.01905  -0.1255  0.3457  1.0000  -2.4535   0.0000   0.0000   0.0000   0.3297
   7.250   1.3611   0.02961   0.01985  -0.1234  0.3374  1.0000  -2.5010   0.0000   0.0000   0.0000   0.3267
   7.500   1.3827   0.03040   0.02066  -0.1222  0.3300  1.0000  -2.5548   0.0000   0.0000   0.0000   0.3239
   7.750   1.4100   0.03115   0.02128  -0.1218  0.3229  1.0000  -2.6209   0.0000   0.0000   0.0000   0.3216
   8.000   1.4219   0.03208   0.02233  -0.1190  0.3159  1.0000  -2.6642   0.0000   0.0000   0.0000   0.3185
   8.250   1.4454   0.03295   0.02313  -0.1181  0.3095  1.0000  -2.7258   0.0000   0.0000   0.0000   0.3161
   8.500   1.4628   0.03384   0.02404  -0.1162  0.3030  1.0000  -2.7783   0.0000   0.0000   0.0000   0.3134
   8.750   1.4774   0.03481   0.02506  -0.1139  0.2970  1.0000  -2.8264   0.0000   0.0000   0.0000   0.3107
   9.000   1.5018   0.03561   0.02577  -0.1132  0.2908  1.0000  -2.8912   0.0000   0.0000   0.0000   0.3085
   9.250   1.5068   0.03674   0.02705  -0.1095  0.2853  1.0000  -2.9270   0.0000   0.0000   0.0000   0.3054
   9.500   1.5352   0.03753   0.02771  -0.1094  0.2796  1.0000  -3.0046   0.0000   0.0000   0.0000   0.3036
   9.750   1.5344   0.03884   0.02922  -0.1050  0.2747  1.0000  -3.0317   0.0000   0.0000   0.0000   0.3003
  10.000   1.5577   0.03970   0.03001  -0.1042  0.2693  1.0000  -3.1014   0.0000   0.0000   0.0000   0.2983
  10.250   1.5599   0.04107   0.03159  -0.1004  0.2648  1.0000  -3.1335   0.0000   0.0000   0.0000   0.2954
  10.500   1.5701   0.04222   0.03279  -0.0978  0.2600  1.0000  -3.1805   0.0000   0.0000   0.0000   0.2929
  10.750   1.5886   0.04339   0.03395  -0.0965  0.2557  1.0000  -3.2408   0.0000   0.0000   0.0000   0.2909
  11.000   1.5795   0.04522   0.03603  -0.0917  0.2520  1.0000  -3.2513   0.0000   0.0000   0.0000   0.2878
  11.250   1.6012   0.04629   0.03705  -0.0909  0.2479  1.0000  -3.3176   0.0000   0.0000   0.0000   0.2860
  11.500   1.6023   0.04810   0.03900  -0.0877  0.2445  1.0000  -3.3453   0.0000   0.0000   0.0000   0.2836
  11.750   1.5838   0.05054   0.04172  -0.0827  0.2414  1.0000  -3.3367   0.0000   0.0000   0.0000   0.2806
  12.000   1.5976   0.05184   0.04302  -0.0811  0.2376  1.0000  -3.3891   0.0000   0.0000   0.0000   0.2787
  12.250   1.6051   0.05358   0.04481  -0.0791  0.2342  1.0000  -3.4286   0.0000   0.0000   0.0000   0.2767
  12.500   1.5637   0.05759   0.04920  -0.0735  0.2319  1.0000  -3.3725   0.0000   0.0000   0.0000   0.2739
  12.750   1.5377   0.06134   0.05319  -0.0700  0.2292  1.0000  -3.3440   0.0000   0.0000   0.0000   0.2720
  13.000   1.5936   0.06043   0.05206  -0.0713  0.2251  1.0000  -3.4824   0.0000   0.0000   0.0000   0.2707
  13.250   1.5400   0.06624   0.05821  -0.0670  0.2236  1.0000  -3.3961   0.0000   0.0000   0.0000   0.2690
  14.500   0.9173   0.18815   0.18179  -0.1244  0.2504  1.0000  -1.4334   0.0000   0.0000   0.0000   0.3638
  14.750   0.9358   0.19088   0.18452  -0.1243  0.2476  1.0000  -1.4854   0.0000   0.0000   0.0000   0.3605
  15.000   0.9536   0.19467   0.18831  -0.1246  0.2460  1.0000  -1.5313   0.0000   0.0000   0.0000   0.3578
  15.500   0.9657   0.19983   0.19349  -0.1272  0.2361  1.0000  -1.5578   0.0000   0.0000   0.0000   0.3580
  16.000   0.9692   0.20533   0.19899  -0.1313  0.2268  1.0000  -1.5479   0.0000   0.0000   0.0000   0.3609
  16.500   0.9783   0.21142   0.20511  -0.1351  0.2198  1.0000  -1.5475   0.0000   0.0000   0.0000   0.3626
  17.500   0.7791   0.21058   0.20555  -0.1191  0.1933  1.0000  -1.0828   0.0000   0.0000   0.0000   0.3808
  18.000   0.7785   0.21615   0.21118  -0.1224  0.1853  1.0000  -1.0343   0.0000   0.0000   0.0000   0.3846
  18.500   0.7867   0.22183   0.21691  -0.1246  0.1781  1.0000  -1.0155   0.0000   0.0000   0.0000   0.3850
  19.000   0.8100   0.22738   0.22249  -0.1250  0.1713  1.0000  -1.0612   0.0000   0.0000   0.0000   0.3797
  19.500   0.8040   0.23302   0.22824  -0.1291  0.1639  1.0000  -0.9723   0.0000   0.0000   0.0000   0.3855
  20.000   0.8307   0.23966   0.23492  -0.1292  0.1603  1.0000  -1.0491   0.0000   0.0000   0.0000   0.3791


