xflr5 v6.61

 Calculated polar for: E63_12_00

 1 1 Reynolds number fixed          Mach number fixed         

 xtrf =   1.000 (top)        1.000 (bottom)
 Mach =   0.200     Re =     0.080 e 6     Ncrit =   7.000

  alpha     CL        CD       CDp       Cm    Top Xtr Bot Xtr   Cpmin    Chinge    XCp    
 ------- -------- --------- --------- -------- ------- ------- -------- --------- ---------
 -25.000  -0.6771   0.29785   0.29066   0.0262  1.0000  0.0377  -1.5534   0.0000   0.0000   0.0000   0.2580
 -24.500  -0.6604   0.29065   0.28346   0.0238  1.0000  0.0385  -1.4897   0.0000   0.0000   0.0000   0.2560
 -24.000  -0.6447   0.28529   0.27809   0.0208  1.0000  0.0395  -1.4522   0.0000   0.0000   0.0000   0.2530
 -23.500  -0.6292   0.28019   0.27299   0.0177  1.0000  0.0406  -1.4253   0.0000   0.0000   0.0000   0.2495
 -23.000  -0.6138   0.27510   0.26792   0.0145  1.0000  0.0419  -1.4046   0.0000   0.0000   0.0000   0.2458
 -22.500  -0.5985   0.27005   0.26287   0.0114  1.0000  0.0434  -1.3897   0.0000   0.0000   0.0000   0.2417
 -20.500  -0.5393   0.24939   0.24230  -0.0010  1.0000  0.0472  -1.4114   0.0000   0.0000   0.0000   0.2230
 -20.000  -0.5226   0.24354   0.23647  -0.0030  1.0000  0.0486  -1.3758   0.0000   0.0000   0.0000   0.2196
 -19.500  -0.5069   0.23820   0.23115  -0.0052  1.0000  0.0502  -1.3625   0.0000   0.0000   0.0000   0.2154
 -19.000  -0.4918   0.23291   0.22589  -0.0076  1.0000  0.0522  -1.3610   0.0000   0.0000   0.0000   0.2107
 -18.500  -0.4776   0.22785   0.22086  -0.0103  1.0000  0.0542  -1.3769   0.0000   0.0000   0.0000   0.2051
 -18.000  -0.4666   0.22396   0.21702  -0.0136  1.0000  0.0554  -1.4306   0.0000   0.0000   0.0000   0.1981
 -17.500  -0.4597   0.22143   0.21455  -0.0171  1.0000  0.0558  -1.5037   0.0000   0.0000   0.0000   0.1907
 -17.000  -0.4384   0.21188   0.20502  -0.0174  1.0000  0.0567  -1.4273   0.0000   0.0000   0.0000   0.1881
 -16.500  -0.4212   0.20560   0.19878  -0.0182  1.0000  0.0585  -1.3677   0.0000   0.0000   0.0000   0.1849
 -16.000  -0.4068   0.20016   0.19339  -0.0196  1.0000  0.0608  -1.3431   0.0000   0.0000   0.0000   0.1803
 -15.500  -0.3945   0.19492   0.18820  -0.0213  1.0000  0.0637  -1.3442   0.0000   0.0000   0.0000   0.1747
 -15.000  -0.3892   0.19124   0.18458  -0.0243  1.0000  0.0655  -1.4110   0.0000   0.0000   0.0000   0.1670
 -14.500  -0.3739   0.18408   0.17750  -0.0248  1.0000  0.0670  -1.3691   0.0000   0.0000   0.0000   0.1633
 -14.000  -0.3582   0.17831   0.17178  -0.0249  1.0000  0.0709  -1.3031   0.0000   0.0000   0.0000   0.1603
 -13.500  -0.3513   0.17372   0.16723  -0.0267  1.0000  0.0747  -1.3419   0.0000   0.0000   0.0000   0.1545
 -13.000  -0.3575   0.17142   0.16503  -0.0297  1.0000  0.0757  -1.4702   0.0000   0.0000   0.0000   0.1486
 -12.500  -0.3328   0.16206   0.15572  -0.0281  1.0000  0.0774  -1.3798   0.0000   0.0000   0.0000   0.1468
 -12.000  -0.3202   0.15638   0.15011  -0.0278  1.0000  0.0801  -1.3527   0.0000   0.0000   0.0000   0.1447
 -11.500  -0.3131   0.15120   0.14500  -0.0282  1.0000  0.0835  -1.3660   0.0000   0.0000   0.0000   0.1421
 -11.000  -0.3191   0.14743   0.14134  -0.0300  1.0000  0.0861  -1.4632   0.0000   0.0000   0.0000   0.1393
 -10.500  -0.3183   0.14191   0.13593  -0.0304  1.0000  0.0868  -1.5065   0.0000   0.0000   0.0000   0.1388
 -10.000  -0.2995   0.13507   0.12916  -0.0281  1.0000  0.0892  -1.4218   0.0000   0.0000   0.0000   0.1402
  -9.500  -0.2949   0.13005   0.12424  -0.0273  1.0000  0.0925  -1.4174   0.0000   0.0000   0.0000   0.1425
  -9.000  -0.3027   0.12573   0.12004  -0.0274  1.0000  0.0961  -1.4847   0.0000   0.0000   0.0000   0.1458
  -8.500  -0.3194   0.12167   0.11613  -0.0276  1.0000  0.0969  -1.5893   0.0000   0.0000   0.0000   0.1514
  -7.000  -0.3655   0.09955   0.09436  -0.0240  1.0000  0.0654  -2.0578   0.0000   0.0000   0.0000   0.1747
  -6.500  -0.3899   0.09475   0.08972  -0.0206  1.0000  0.0650  -2.1540   0.0000   0.0000   0.0000   0.1887
  -6.000  -0.4113   0.08706   0.08216  -0.0227  1.0000  0.0652  -2.3465   0.0000   0.0000   0.0000   0.1870
  -5.500  -0.4125   0.08103   0.07624  -0.0244  1.0000  0.0679  -2.4025   0.0000   0.0000   0.0000   0.1839
  -5.000  -0.3420   0.06327   0.05815  -0.0550  0.9867  0.0732  -2.6541   0.0000   0.0000   0.0000   0.0806
  -4.500  -0.2228   0.04109   0.03443  -0.0949  0.9801  0.0837  -2.8392   0.0000   0.0000   0.0000  -0.1889
  -4.000  -0.1415   0.03945   0.03249  -0.1028  0.9668  0.1012  -2.4635   0.0000   0.0000   0.0000  -0.4944
  -3.500  -0.0444   0.03382   0.02575  -0.1147  0.9567  0.1106  -2.2123   0.0000   0.0000   0.0000  -2.3857
  -3.000   0.0429   0.03130   0.02266  -0.1215  0.9438  0.1241  -1.8991   0.0000   0.0000   0.0000   3.1311
  -2.500   0.1268   0.03005   0.02113  -0.1269  0.9289  0.1491  -1.6408   0.0000   0.0000   0.0000   1.2637
  -2.000   0.2067   0.02918   0.02022  -0.1312  0.9121  0.1799  -1.4301   0.0000   0.0000   0.0000   0.8903
  -1.500   0.2842   0.02818   0.01917  -0.1347  0.8936  0.2120  -1.2264   0.0000   0.0000   0.0000   0.7265
  -1.000   0.3642   0.02708   0.01805  -0.1381  0.8754  0.2498  -1.0476   0.0000   0.0000   0.0000   0.6300
  -0.500   0.4461   0.02581   0.01690  -0.1415  0.8576  0.2938  -0.8652   0.0000   0.0000   0.0000   0.5666
   0.000   0.5221   0.02456   0.01588  -0.1435  0.8370  0.3497  -0.8204   0.0000   0.0000   0.0000   0.5233
   0.500   0.6014   0.02306   0.01464  -0.1456  0.8160  0.4256  -0.9085   0.0000   0.0000   0.0000   0.4898
   1.000   0.6843   0.02133   0.01338  -0.1479  0.7932  0.5516  -1.0050   0.0000   0.0000   0.0000   0.4632
   1.500   0.7471   0.01967   0.01242  -0.1459  0.7634  0.7809  -1.0928   0.0000   0.0000   0.0000   0.4415
   2.000   0.8280   0.01861   0.01112  -0.1481  0.7276  1.0000  -1.2055   0.0000   0.0000   0.0000   0.4245
   2.500   0.9069   0.01851   0.01060  -0.1506  0.6827  1.0000  -1.3236   0.0000   0.0000   0.0000   0.4111
   3.000   0.9722   0.01886   0.01057  -0.1509  0.6330  1.0000  -1.4306   0.0000   0.0000   0.0000   0.3996
   3.500   1.0322   0.01947   0.01077  -0.1503  0.5845  1.0000  -1.5392   0.0000   0.0000   0.0000   0.3893
   4.000   1.0839   0.02034   0.01131  -0.1484  0.5379  1.0000  -1.6484   0.0000   0.0000   0.0000   0.3800
   4.500   1.1334   0.02134   0.01197  -0.1463  0.4955  1.0000  -1.7579   0.0000   0.0000   0.0000   0.3715
   5.000   1.1798   0.02245   0.01282  -0.1437  0.4565  1.0000  -1.8679   0.0000   0.0000   0.0000   0.3636
   5.500   1.2256   0.02366   0.01382  -0.1412  0.4216  1.0000  -1.9839   0.0000   0.0000   0.0000   0.3562
   6.000   1.2690   0.02497   0.01494  -0.1383  0.3898  1.0000  -2.1015   0.0000   0.0000   0.0000   0.3494
   6.500   1.3111   0.02637   0.01620  -0.1354  0.3612  1.0000  -2.2248   0.0000   0.0000   0.0000   0.3429
   7.000   1.3537   0.02786   0.01759  -0.1325  0.3363  1.0000  -2.3499   0.0000   0.0000   0.0000   0.3368
   7.500   1.3952   0.02947   0.01921  -0.1296  0.3139  1.0000  -2.4744   0.0000   0.0000   0.0000   0.3311
   8.000   1.4338   0.03118   0.02091  -0.1264  0.2933  1.0000  -2.6228   0.0000   0.0000   0.0000   0.3255
   8.500   1.4710   0.03299   0.02274  -0.1230  0.2751  1.0000  -2.7883   0.0000   0.0000   0.0000   0.3202
   9.000   1.5080   0.03493   0.02469  -0.1196  0.2589  1.0000  -2.9558   0.0000   0.0000   0.0000   0.3152
   9.500   1.5415   0.03705   0.02690  -0.1159  0.2442  1.0000  -3.1179   0.0000   0.0000   0.0000   0.3102
  10.000   1.5695   0.03941   0.02953  -0.1115  0.2308  1.0000  -3.2685   0.0000   0.0000   0.0000   0.3053
  10.500   1.5954   0.04195   0.03226  -0.1071  0.2189  1.0000  -3.4163   0.0000   0.0000   0.0000   0.3005
  11.000   1.6161   0.04473   0.03525  -0.1023  0.2080  1.0000  -3.5534   0.0000   0.0000   0.0000   0.2958
  11.500   1.6340   0.04794   0.03873  -0.0975  0.1987  1.0000  -3.6815   0.0000   0.0000   0.0000   0.2913
  12.000   1.6474   0.05129   0.04235  -0.0927  0.1898  1.0000  -3.8266   0.0000   0.0000   0.0000   0.2870
  12.500   1.6559   0.05462   0.04586  -0.0877  0.1805  1.0000  -4.0082   0.0000   0.0000   0.0000   0.2828
  13.000   1.6468   0.05904   0.05063  -0.0823  0.1722  1.0000  -4.1302   0.0000   0.0000   0.0000   0.2788
  13.500   1.6149   0.06596   0.05808  -0.0774  0.1656  1.0000  -4.1622   0.0000   0.0000   0.0000   0.2758
  14.000   1.6026   0.07173   0.06408  -0.0748  0.1579  1.0000  -4.2677   0.0000   0.0000   0.0000   0.2735
  14.500   1.5486   0.08314   0.07605  -0.0747  0.1530  1.0000  -4.1913   0.0000   0.0000   0.0000   0.2740
  15.000   1.5070   0.09484   0.08808  -0.0774  0.1479  1.0000  -4.1463   0.0000   0.0000   0.0000   0.2761
  16.000   1.1695   0.18677   0.18059  -0.1360  0.1338  1.0000  -2.3344   0.0000   0.0000   0.0000   0.3424
  16.500   1.1858   0.19238   0.18626  -0.1383  0.1269  1.0000  -2.4429   0.0000   0.0000   0.0000   0.3417
  17.000   1.1764   0.20549   0.19943  -0.1472  0.1225  1.0000  -2.3260   0.0000   0.0000   0.0000   0.3497
  17.500   1.1867   0.21367   0.20768  -0.1518  0.1198  1.0000  -2.3516   0.0000   0.0000   0.0000   0.3516
  18.000   1.1974   0.22165   0.21571  -0.1563  0.1167  1.0000  -2.3780   0.0000   0.0000   0.0000   0.3533
  18.500   1.1971   0.23176   0.22587  -0.1639  0.1151  1.0000  -2.2954   0.0000   0.0000   0.0000   0.3590
  19.000   1.2112   0.23659   0.23075  -0.1675  0.1030  1.0000  -2.3729   0.0000   0.0000   0.0000   0.3591
  19.500   1.2267   0.24155   0.23581  -0.1709  0.0936  1.0000  -2.4530   0.0000   0.0000   0.0000   0.3589
  20.000   1.2476   0.24585   0.24021  -0.1729  0.0876  1.0000  -2.5773   0.0000   0.0000   0.0000   0.3568


