xflr5 v6.61

 Calculated polar for: E63_14_00

 1 1 Reynolds number fixed          Mach number fixed         

 xtrf =   1.000 (top)        1.000 (bottom)
 Mach =   0.200     Re =     0.100 e 6     Ncrit =   9.000

  alpha     CL        CD       CDp       Cm    Top Xtr Bot Xtr   Cpmin    Chinge    XCp    
 ------- -------- --------- --------- -------- ------- ------- -------- --------- ---------
 -20.000  -0.5004   0.24598   0.23956  -0.0089  1.0000  0.0557  -1.4916   0.0000   0.0000   0.0000   0.2011
 -19.500  -0.4863   0.23961   0.23325  -0.0114  1.0000  0.0561  -1.4931   0.0000   0.0000   0.0000   0.1959
 -19.000  -0.4639   0.23099   0.22465  -0.0116  1.0000  0.0574  -1.3885   0.0000   0.0000   0.0000   0.1943
 -18.500  -0.4473   0.22556   0.21926  -0.0132  1.0000  0.0594  -1.3398   0.0000   0.0000   0.0000   0.1903
 -18.000  -0.4325   0.22032   0.21406  -0.0151  1.0000  0.0619  -1.3149   0.0000   0.0000   0.0000   0.1853
 -17.500  -0.4230   0.21634   0.21010  -0.0183  1.0000  0.0653  -1.3677   0.0000   0.0000   0.0000   0.1775
 -17.000  -0.4153   0.21171   0.20554  -0.0211  1.0000  0.0662  -1.4323   0.0000   0.0000   0.0000   0.1705
 -16.500  -0.3931   0.20407   0.19794  -0.0208  1.0000  0.0680  -1.3442   0.0000   0.0000   0.0000   0.1683
 -16.000  -0.3783   0.19872   0.19263  -0.0218  1.0000  0.0704  -1.3221   0.0000   0.0000   0.0000   0.1638
 -15.500  -0.3665   0.19357   0.18753  -0.0234  1.0000  0.0735  -1.3305   0.0000   0.0000   0.0000   0.1580
 -15.000  -0.3684   0.19114   0.18517  -0.0271  1.0000  0.0756  -1.4429   0.0000   0.0000   0.0000   0.1498
 -14.500  -0.3525   0.18338   0.17747  -0.0273  1.0000  0.0765  -1.4136   0.0000   0.0000   0.0000   0.1457
 -14.000  -0.3335   0.17691   0.17106  -0.0266  1.0000  0.0787  -1.3371   0.0000   0.0000   0.0000   0.1432
 -13.500  -0.3218   0.17164   0.16582  -0.0270  1.0000  0.0818  -1.3162   0.0000   0.0000   0.0000   0.1396
 -13.000  -0.3209   0.16730   0.16155  -0.0290  1.0000  0.0858  -1.3780   0.0000   0.0000   0.0000   0.1343
 -12.500  -0.3212   0.16197   0.15632  -0.0304  1.0000  0.0869  -1.4367   0.0000   0.0000   0.0000   0.1312
 -12.000  -0.2996   0.15520   0.14960  -0.0284  1.0000  0.0899  -1.3369   0.0000   0.0000   0.0000   0.1306
 -11.500  -0.2956   0.15023   0.14471  -0.0286  1.0000  0.0953  -1.3536   0.0000   0.0000   0.0000   0.1295
 -11.000  -0.3047   0.14514   0.13973  -0.0300  1.0000  0.0978  -1.4708   0.0000   0.0000   0.0000   0.1296
 -10.500  -0.2870   0.13911   0.13377  -0.0275  1.0000  0.1038  -1.4339   0.0000   0.0000   0.0000   0.1321
 -10.000  -0.2939   0.13362   0.12838  -0.0276  1.0000  0.1096  -1.5500   0.0000   0.0000   0.0000   0.1356
  -9.750  -0.2871   0.13113   0.12592  -0.0262  1.0000  0.1140  -1.5366   0.0000   0.0000   0.0000   0.1384
  -9.500  -0.3019   0.12967   0.12452  -0.0270  1.0000  0.1180  -1.6282   0.0000   0.0000   0.0000   0.1417
  -9.250  -0.3029   0.12664   0.12154  -0.0264  1.0000  0.1198  -1.6484   0.0000   0.0000   0.0000   0.1448
  -9.000  -0.2915   0.12398   0.11890  -0.0244  1.0000  0.1224  -1.5924   0.0000   0.0000   0.0000   0.1481
  -8.750  -0.2916   0.12190   0.11686  -0.0234  1.0000  0.1251  -1.5888   0.0000   0.0000   0.0000   0.1522
  -8.500  -0.3031   0.12029   0.11532  -0.0233  1.0000  0.1283  -1.6354   0.0000   0.0000   0.0000   0.1569
  -8.250  -0.3272   0.11919   0.11430  -0.0237  1.0000  0.1293  -1.7340   0.0000   0.0000   0.0000   0.1628
  -8.000  -0.3052   0.11571   0.11084  -0.0208  1.0000  0.1321  -1.6190   0.0000   0.0000   0.0000   0.1667
  -7.750  -0.3041   0.11412   0.10927  -0.0192  1.0000  0.1367  -1.5884   0.0000   0.0000   0.0000   0.1725
  -7.500  -0.3241   0.11294   0.10817  -0.0188  1.0000  0.1394  -1.6534   0.0000   0.0000   0.0000   0.1788
  -7.250  -0.3505   0.11188   0.10724  -0.0183  1.0000  0.1401  -1.7397   0.0000   0.0000   0.0000   0.1859
  -7.000  -0.3193   0.10884   0.10417  -0.0149  1.0000  0.1455  -1.5778   0.0000   0.0000   0.0000   0.1911
  -6.750  -0.3322   0.10757   0.10297  -0.0136  1.0000  0.1490  -1.5992   0.0000   0.0000   0.0000   0.1979
  -6.500  -0.3601   0.10670   0.10220  -0.0123  1.0000  0.1505  -1.6754   0.0000   0.0000   0.0000   0.2056
  -6.250  -0.3904   0.10588   0.10148  -0.0104  1.0000  0.1509  -1.7502   0.0000   0.0000   0.0000   0.2144
  -6.000  -0.3579   0.10275   0.09836  -0.0079  1.0000  0.1554  -1.5970   0.0000   0.0000   0.0000   0.2187
  -5.750  -0.3705   0.10160   0.09728  -0.0056  1.0000  0.1583  -1.6021   0.0000   0.0000   0.0000   0.2263
  -5.250  -0.3397   0.09500   0.09068  -0.0159  0.9850  0.1659  -1.5590   0.0000   0.0000   0.0000   0.1945
  -5.000  -0.2181   0.08426   0.08011  -0.0324  0.9471  0.1768  -1.2476   0.0000   0.0000   0.0000   0.0919
  -4.750  -0.2963   0.05802   0.05288  -0.0749  0.9648  0.1185  -2.2227   0.0000   0.0000   0.0000  -0.0146
  -4.500  -0.2596   0.05452   0.04930  -0.0801  0.9569  0.1199  -2.1151   0.0000   0.0000   0.0000  -0.0715
  -4.250  -0.1894   0.03994   0.03324  -0.1027  0.9548  0.1196  -2.3091   0.0000   0.0000   0.0000  -0.3109
  -4.000  -0.1491   0.03897   0.03228  -0.1055  0.9464  0.1236  -2.2074   0.0000   0.0000   0.0000  -0.4800
  -3.750  -0.0937   0.03587   0.02857  -0.1126  0.9414  0.1320  -2.1583   0.0000   0.0000   0.0000  -0.9852
  -3.500  -0.0503   0.03429   0.02659  -0.1163  0.9328  0.1413  -2.0829   0.0000   0.0000   0.0000  -2.1227
  -3.250  -0.0088   0.03361   0.02573  -0.1190  0.9238  0.1518  -1.9773   0.0000   0.0000   0.0000  -13.5692
  -3.000   0.0315   0.03331   0.02546  -0.1212  0.9146  0.1636  -1.8564   0.0000   0.0000   0.0000   4.1793
  -2.750   0.0722   0.03299   0.02520  -0.1233  0.9055  0.1759  -1.7349   0.0000   0.0000   0.0000   1.9871
  -2.500   0.1189   0.03216   0.02427  -0.1265  0.8981  0.1874  -1.6267   0.0000   0.0000   0.0000   1.3295
  -2.250   0.1632   0.03142   0.02346  -0.1291  0.8896  0.1995  -1.5287   0.0000   0.0000   0.0000   1.0510
  -2.000   0.2039   0.03059   0.02252  -0.1310  0.8799  0.2102  -1.4395   0.0000   0.0000   0.0000   0.8992
  -1.750   0.2447   0.02980   0.02166  -0.1328  0.8702  0.2214  -1.3479   0.0000   0.0000   0.0000   0.7973
  -1.500   0.2855   0.02907   0.02090  -0.1345  0.8606  0.2343  -1.2534   0.0000   0.0000   0.0000   0.7241
  -1.250   0.3274   0.02823   0.02001  -0.1363  0.8512  0.2476  -1.1600   0.0000   0.0000   0.0000   0.6680
  -1.000   0.3710   0.02734   0.01913  -0.1382  0.8426  0.2629  -1.0621   0.0000   0.0000   0.0000   0.6231
  -0.750   0.4206   0.02618   0.01799  -0.1408  0.8362  0.2808  -0.9567   0.0000   0.0000   0.0000   0.5846
  -0.500   0.4617   0.02521   0.01709  -0.1420  0.8264  0.2979  -0.8641   0.0000   0.0000   0.0000   0.5567
  -0.250   0.5045   0.02421   0.01615  -0.1434  0.8167  0.3192  -0.8936   0.0000   0.0000   0.0000   0.5328
   0.000   0.5493   0.02315   0.01518  -0.1451  0.8069  0.3438  -0.9427   0.0000   0.0000   0.0000   0.5122
   0.250   0.5967   0.02205   0.01414  -0.1473  0.7965  0.3712  -0.9949   0.0000   0.0000   0.0000   0.4943
   0.500   0.6461   0.02100   0.01319  -0.1498  0.7851  0.4029  -1.0493   0.0000   0.0000   0.0000   0.4790
   0.750   0.6988   0.02002   0.01237  -0.1530  0.7723  0.4432  -1.1103   0.0000   0.0000   0.0000   0.4657
   1.000   0.7429   0.01938   0.01186  -0.1549  0.7550  0.4880  -1.1665   0.0000   0.0000   0.0000   0.4548
   1.250   0.7900   0.01873   0.01132  -0.1572  0.7372  0.5432  -1.2266   0.0000   0.0000   0.0000   0.4449
   1.500   0.8288   0.01830   0.01101  -0.1580  0.7166  0.6051  -1.2853   0.0000   0.0000   0.0000   0.4362
   1.750   0.8609   0.01800   0.01084  -0.1574  0.6948  0.6786  -1.3381   0.0000   0.0000   0.0000   0.4281
   2.000   0.8837   0.01772   0.01075  -0.1550  0.6733  0.7718  -1.3825   0.0000   0.0000   0.0000   0.4202
   2.250   0.9070   0.01729   0.01040  -0.1526  0.6514  1.0000  -1.4274   0.0000   0.0000   0.0000   0.4128
   2.500   0.9403   0.01758   0.01036  -0.1532  0.6280  1.0000  -1.4814   0.0000   0.0000   0.0000   0.4071
   2.750   0.9694   0.01792   0.01043  -0.1529  0.6052  1.0000  -1.5320   0.0000   0.0000   0.0000   0.4015
   3.000   0.9972   0.01830   0.01057  -0.1523  0.5834  1.0000  -1.5818   0.0000   0.0000   0.0000   0.3962
   3.250   1.0243   0.01872   0.01075  -0.1517  0.5626  1.0000  -1.6312   0.0000   0.0000   0.0000   0.3912
   3.500   1.0495   0.01916   0.01099  -0.1506  0.5424  1.0000  -1.6788   0.0000   0.0000   0.0000   0.3863
   3.750   1.0733   0.01964   0.01130  -0.1494  0.5228  1.0000  -1.7249   0.0000   0.0000   0.0000   0.3816
   4.000   1.0974   0.02013   0.01163  -0.1482  0.5043  1.0000  -1.7718   0.0000   0.0000   0.0000   0.3771
   4.250   1.1231   0.02064   0.01191  -0.1473  0.4868  1.0000  -1.8208   0.0000   0.0000   0.0000   0.3729
   4.500   1.1441   0.02116   0.01233  -0.1456  0.4692  1.0000  -1.8645   0.0000   0.0000   0.0000   0.3686
   4.750   1.1688   0.02170   0.01267  -0.1446  0.4533  1.0000  -1.9175   0.0000   0.0000   0.0000   0.3647
   5.000   1.1892   0.02225   0.01314  -0.1428  0.4373  1.0000  -1.9682   0.0000   0.0000   0.0000   0.3607
   5.250   1.2126   0.02282   0.01359  -0.1416  0.4228  1.0000  -2.0232   0.0000   0.0000   0.0000   0.3571
   5.500   1.2367   0.02343   0.01405  -0.1406  0.4093  1.0000  -2.0791   0.0000   0.0000   0.0000   0.3536
   5.750   1.2585   0.02407   0.01463  -0.1391  0.3964  1.0000  -2.1316   0.0000   0.0000   0.0000   0.3501
   6.000   1.2812   0.02474   0.01523  -0.1379  0.3844  1.0000  -2.1855   0.0000   0.0000   0.0000   0.3468
   6.250   1.3040   0.02542   0.01584  -0.1367  0.3730  1.0000  -2.2404   0.0000   0.0000   0.0000   0.3437
   6.500   1.3265   0.02612   0.01647  -0.1354  0.3620  1.0000  -2.2991   0.0000   0.0000   0.0000   0.3406
   6.750   1.3491   0.02684   0.01713  -0.1342  0.3517  1.0000  -2.3582   0.0000   0.0000   0.0000   0.3376
   7.000   1.3726   0.02760   0.01781  -0.1332  0.3421  1.0000  -2.4186   0.0000   0.0000   0.0000   0.3348
   7.250   1.3979   0.02837   0.01856  -0.1325  0.3329  1.0000  -2.4822   0.0000   0.0000   0.0000   0.3321
   7.500   1.4179   0.02918   0.01938  -0.1309  0.3240  1.0000  -2.5427   0.0000   0.0000   0.0000   0.3293
   7.750   1.4373   0.03005   0.02029  -0.1292  0.3154  1.0000  -2.6021   0.0000   0.0000   0.0000   0.3265
   8.000   1.4579   0.03091   0.02114  -0.1278  0.3072  1.0000  -2.6642   0.0000   0.0000   0.0000   0.3238
   8.250   1.4811   0.03173   0.02187  -0.1268  0.2992  1.0000  -2.7319   0.0000   0.0000   0.0000   0.3214
   8.500   1.4996   0.03256   0.02271  -0.1250  0.2912  1.0000  -2.7921   0.0000   0.0000   0.0000   0.3187
   8.750   1.5142   0.03353   0.02377  -0.1226  0.2838  1.0000  -2.8448   0.0000   0.0000   0.0000   0.3159
   9.000   1.5366   0.03444   0.02463  -0.1215  0.2770  1.0000  -2.9116   0.0000   0.0000   0.0000   0.3137
   9.250   1.5532   0.03543   0.02568  -0.1196  0.2704  1.0000  -2.9677   0.0000   0.0000   0.0000   0.3111
   9.500   1.5692   0.03658   0.02690  -0.1176  0.2645  1.0000  -3.0217   0.0000   0.0000   0.0000   0.3087
   9.750   1.5911   0.03757   0.02793  -0.1165  0.2586  1.0000  -3.0923   0.0000   0.0000   0.0000   0.3065
  10.000   1.5994   0.03883   0.02935  -0.1133  0.2532  1.0000  -3.1532   0.0000   0.0000   0.0000   0.3038
  10.250   1.6221   0.03980   0.03027  -0.1124  0.2475  1.0000  -3.2467   0.0000   0.0000   0.0000   0.3018
  10.500   1.6257   0.04121   0.03186  -0.1087  0.2427  1.0000  -3.2983   0.0000   0.0000   0.0000   0.2990
  10.750   1.6415   0.04236   0.03305  -0.1069  0.2377  1.0000  -3.3775   0.0000   0.0000   0.0000   0.2967
  11.000   1.6538   0.04383   0.03460  -0.1047  0.2335  1.0000  -3.4475   0.0000   0.0000   0.0000   0.2945
  11.250   1.6522   0.04547   0.03647  -0.1006  0.2294  1.0000  -3.4879   0.0000   0.0000   0.0000   0.2917
  11.500   1.6881   0.04638   0.03720  -0.1016  0.2245  1.0000  -3.6133   0.0000   0.0000   0.0000   0.2905
  11.750   1.6661   0.04858   0.03979  -0.0952  0.2214  1.0000  -3.6075   0.0000   0.0000   0.0000   0.2870
  12.000   1.6649   0.05035   0.04175  -0.0917  0.2177  1.0000  -3.6494   0.0000   0.0000   0.0000   0.2845
  12.250   1.6965   0.05133   0.04260  -0.0921  0.2134  1.0000  -3.7668   0.0000   0.0000   0.0000   0.2832
  12.500   1.6666   0.05432   0.04600  -0.0860  0.2111  1.0000  -3.7393   0.0000   0.0000   0.0000   0.2801
  12.750   1.6477   0.05730   0.04926  -0.0818  0.2085  1.0000  -3.7358   0.0000   0.0000   0.0000   0.2777
  13.000   1.6556   0.05912   0.05114  -0.0800  0.2053  1.0000  -3.7968   0.0000   0.0000   0.0000   0.2759
  13.250   1.6650   0.06104   0.05310  -0.0785  0.2021  1.0000  -3.8614   0.0000   0.0000   0.0000   0.2743
  13.500   1.6162   0.06643   0.05890  -0.0740  0.2009  1.0000  -3.7785   0.0000   0.0000   0.0000   0.2724
  13.750   1.5521   0.07419   0.06708  -0.0713  0.2001  1.0000  -3.6487   0.0000   0.0000   0.0000   0.2721
  14.250   1.5763   0.07741   0.07032  -0.0696  0.1928  1.0000  -3.7911   0.0000   0.0000   0.0000   0.2693
  14.500   1.5070   0.08782   0.08109  -0.0704  0.1922  1.0000  -3.6281   0.0000   0.0000   0.0000   0.2714
  16.000   1.0659   0.20746   0.20154  -0.1395  0.2140  1.0000  -1.7327   0.0000   0.0000   0.0000   0.3575
  17.000   1.0737   0.21913   0.21327  -0.1487  0.1944  1.0000  -1.6580   0.0000   0.0000   0.0000   0.3633
  17.500   1.0842   0.22529   0.21945  -0.1527  0.1853  1.0000  -1.6312   0.0000   0.0000   0.0000   0.3647
  18.000   1.1104   0.23223   0.22648  -0.1540  0.1810  1.0000  -1.6933   0.0000   0.0000   0.0000   0.3614
  18.500   1.1184   0.23744   0.23172  -0.1587  0.1725  1.0000  -1.7180   0.0000   0.0000   0.0000   0.3636
  19.000   1.1263   0.24396   0.23826  -0.1638  0.1675  1.0000  -1.7291   0.0000   0.0000   0.0000   0.3662
  19.500   1.1480   0.24961   0.24397  -0.1659  0.1616  1.0000  -1.8235   0.0000   0.0000   0.0000   0.3641
  20.000   1.1552   0.25573   0.25011  -0.1714  0.1566  1.0000  -1.8254   0.0000   0.0000   0.0000   0.3669


