xflr5 v6.61

 Calculated polar for: E63_16_00

 1 1 Reynolds number fixed          Mach number fixed         

 xtrf =   1.000 (top)        1.000 (bottom)
 Mach =   0.200     Re =     0.060 e 6     Ncrit =   9.000

  alpha     CL        CD       CDp       Cm    Top Xtr Bot Xtr   Cpmin    Chinge    XCp    
 ------- -------- --------- --------- -------- ------- ------- -------- --------- ---------
 -20.000  -0.4568   0.24255   0.23415  -0.0106  1.0000  0.0910  -1.3248   0.0000   0.0000   0.0000   0.1872
 -19.500  -0.4421   0.23768   0.22933  -0.0130  1.0000  0.0944  -1.3217   0.0000   0.0000   0.0000   0.1815
 -19.000  -0.4336   0.23500   0.22670  -0.0164  1.0000  0.0967  -1.3662   0.0000   0.0000   0.0000   0.1740
 -18.500  -0.4182   0.22853   0.22030  -0.0181  1.0000  0.0980  -1.3564   0.0000   0.0000   0.0000   0.1685
 -18.000  -0.3985   0.22185   0.21364  -0.0189  1.0000  0.1010  -1.3064   0.0000   0.0000   0.0000   0.1643
 -17.500  -0.3849   0.21691   0.20876  -0.0207  1.0000  0.1052  -1.3010   0.0000   0.0000   0.0000   0.1583
 -17.000  -0.3864   0.21622   0.20816  -0.0245  1.0000  0.1078  -1.3873   0.0000   0.0000   0.0000   0.1505
 -16.500  -0.3586   0.20605   0.19805  -0.0237  1.0000  0.1112  -1.2954   0.0000   0.0000   0.0000   0.1465
 -16.000  -0.3473   0.20133   0.19339  -0.0252  1.0000  0.1170  -1.2997   0.0000   0.0000   0.0000   0.1405
 -15.500  -0.3383   0.19593   0.18808  -0.0268  1.0000  0.1201  -1.3420   0.0000   0.0000   0.0000   0.1346
 -15.000  -0.3238   0.19026   0.18248  -0.0272  1.0000  0.1273  -1.3532   0.0000   0.0000   0.0000   0.1299
 -14.500  -0.3119   0.18453   0.17683  -0.0276  1.0000  0.1349  -1.3800   0.0000   0.0000   0.0000   0.1254
 -14.000  -0.3029   0.17938   0.17173  -0.0282  1.0000  0.1440  -1.4103   0.0000   0.0000   0.0000   0.1214
 -13.500  -0.2970   0.17488   0.16731  -0.0289  1.0000  0.1530  -1.4357   0.0000   0.0000   0.0000   0.1183
 -13.000  -0.2841   0.16951   0.16199  -0.0286  1.0000  0.1592  -1.4130   0.0000   0.0000   0.0000   0.1151
 -12.500  -0.2858   0.16584   0.15841  -0.0295  1.0000  0.1630  -1.4450   0.0000   0.0000   0.0000   0.1144
 -12.000  -0.2673   0.15956   0.15219  -0.0282  1.0000  0.1684  -1.3776   0.0000   0.0000   0.0000   0.1115
 -11.500  -0.2824   0.15804   0.15081  -0.0292  1.0000  0.1733  -1.4372   0.0000   0.0000   0.0000   0.1170
 -11.000  -0.2556   0.15025   0.14307  -0.0271  1.0000  0.1781  -1.3294   0.0000   0.0000   0.0000   0.1132
 -10.500  -0.2716   0.14847   0.14142  -0.0272  1.0000  0.1841  -1.3738   0.0000   0.0000   0.0000   0.1225
 -10.000  -0.2485   0.14148   0.13453  -0.0248  1.0000  0.1892  -1.2723   0.0000   0.0000   0.0000   0.1221
  -9.750  -0.2534   0.14018   0.13329  -0.0243  1.0000  0.1937  -1.2759   0.0000   0.0000   0.0000   0.1274
  -9.500  -0.2609   0.13866   0.13186  -0.0239  1.0000  0.1959  -1.2890   0.0000   0.0000   0.0000   0.1334
  -9.250  -0.2475   0.13544   0.12867  -0.0222  1.0000  0.1996  -1.2267   0.0000   0.0000   0.0000   0.1346
  -9.000  -0.2516   0.13401   0.12728  -0.0213  1.0000  0.2042  -1.2228   0.0000   0.0000   0.0000   0.1409
  -8.750  -0.2701   0.13361   0.12700  -0.0209  1.0000  0.2064  -1.2649   0.0000   0.0000   0.0000   0.1508
  -8.500  -0.2538   0.12987   0.12329  -0.0191  1.0000  0.2089  -1.1947   0.0000   0.0000   0.0000   0.1521
  -8.250  -0.2525   0.12794   0.12143  -0.0177  1.0000  0.2125  -1.1693   0.0000   0.0000   0.0000   0.1581
  -8.000  -0.2692   0.12745   0.12103  -0.0168  1.0000  0.2164  -1.1987   0.0000   0.0000   0.0000   0.1679
  -7.750  -0.2718   0.12527   0.11894  -0.0155  1.0000  0.2182  -1.1957   0.0000   0.0000   0.0000   0.1743
  -7.500  -0.2640   0.12276   0.11649  -0.0136  1.0000  0.2212  -1.1760   0.0000   0.0000   0.0000   0.1797
  -7.250  -0.2709   0.12147   0.11528  -0.0121  1.0000  0.2255  -1.1897   0.0000   0.0000   0.0000   0.1878
  -7.000  -0.3024   0.12180   0.11574  -0.0110  1.0000  0.2281  -1.2584   0.0000   0.0000   0.0000   0.1987
  -6.750  -0.2841   0.11824   0.11222  -0.0090  1.0000  0.2308  -1.2155   0.0000   0.0000   0.0000   0.2030
  -6.500  -0.2870   0.11671   0.11077  -0.0072  1.0000  0.2348  -1.2160   0.0000   0.0000   0.0000   0.2105
  -6.250  -0.3170   0.11680   0.11098  -0.0055  1.0000  0.2386  -1.2743   0.0000   0.0000   0.0000   0.2198
  -6.000  -0.3122   0.11423   0.10848  -0.0037  1.0000  0.2409  -1.2602   0.0000   0.0000   0.0000   0.2257
  -5.750  -0.3124   0.11255   0.10687  -0.0017  1.0000  0.2449  -1.2522   0.0000   0.0000   0.0000   0.2326
  -5.500  -0.3412   0.11240   0.10683   0.0004  1.0000  0.2491  -1.3010   0.0000   0.0000   0.0000   0.2408
  -5.250  -0.3507   0.11071   0.10523   0.0024  1.0000  0.2513  -1.3131   0.0000   0.0000   0.0000   0.2472
  -5.000  -0.3476   0.10885   0.10345   0.0045  1.0000  0.2553  -1.2972   0.0000   0.0000   0.0000   0.2534
  -4.750  -0.3779   0.10858   0.10328   0.0072  1.0000  0.2597  -1.3425   0.0000   0.0000   0.0000   0.2606
  -4.500  -0.3904   0.10686   0.10164   0.0085  0.9999  0.2622  -1.3629   0.0000   0.0000   0.0000   0.2639
  -4.250  -0.3615   0.10351   0.09827  -0.0004  0.9870  0.2725  -1.3614   0.0000   0.0000   0.0000   0.2409
  -4.000  -0.3360   0.10025   0.09501  -0.0059  0.9741  0.2834  -1.3464   0.0000   0.0000   0.0000   0.2242
  -3.750  -0.3026   0.09712   0.09187  -0.0084  0.9624  0.2968  -1.2997   0.0000   0.0000   0.0000   0.2134
  -3.500  -0.2784   0.09423   0.08896  -0.0120  0.9498  0.3116  -1.2766   0.0000   0.0000   0.0000   0.1981
  -3.000  -0.2240   0.07333   0.06745  -0.0537  0.9244  0.2388  -1.5619   0.0000   0.0000   0.0000  -0.0011
  -2.750  -0.1680   0.06365   0.05729  -0.0713  0.9141  0.2286  -1.6532   0.0000   0.0000   0.0000  -0.1892
  -2.500  -0.1687   0.07308   0.06736  -0.0505  0.8985  0.2860  -1.4011   0.0000   0.0000   0.0000  -0.0616
  -2.250  -0.0707   0.05653   0.04968  -0.0862  0.8905  0.2423  -1.5823   0.0000   0.0000   0.0000  -1.0003
  -2.000  -0.0086   0.05194   0.04451  -0.0971  0.8795  0.2487  -1.5513   0.0000   0.0000   0.0000  -11.2456
  -1.750   0.0447   0.04974   0.04195  -0.1034  0.8678  0.2608  -1.4779   0.0000   0.0000   0.0000   2.6016
  -1.500   0.0768   0.04895   0.04118  -0.1045  0.8529  0.2687  -1.4041   0.0000   0.0000   0.0000   1.6295
  -1.250   0.1226   0.04736   0.03936  -0.1084  0.8400  0.2774  -1.3275   0.0000   0.0000   0.0000   1.1437
  -1.000   0.1691   0.04614   0.03796  -0.1119  0.8274  0.2903  -1.2416   0.0000   0.0000   0.0000   0.9168
  -0.750   0.2178   0.04479   0.03640  -0.1154  0.8153  0.3025  -1.1542   0.0000   0.0000   0.0000   0.7826
  -0.500   0.2674   0.04347   0.03487  -0.1188  0.8035  0.3162  -1.0639   0.0000   0.0000   0.0000   0.6951
  -0.250   0.2979   0.04302   0.03442  -0.1189  0.7878  0.3288  -0.9908   0.0000   0.0000   0.0000   0.6491
   0.000   0.3403   0.04212   0.03348  -0.1205  0.7747  0.3462  -0.9029   0.0000   0.0000   0.0000   0.6029
   0.250   0.3854   0.04101   0.03237  -0.1221  0.7625  0.3643  -0.8969   0.0000   0.0000   0.0000   0.5650
   0.500   0.4327   0.03967   0.03097  -0.1240  0.7508  0.3838  -0.9468   0.0000   0.0000   0.0000   0.5337
   0.750   0.4800   0.03827   0.02956  -0.1254  0.7395  0.4057  -0.9986   0.0000   0.0000   0.0000   0.5079
   1.000   0.5279   0.03687   0.02820  -0.1267  0.7283  0.4336  -1.0523   0.0000   0.0000   0.0000   0.4861
   1.250   0.5780   0.03539   0.02680  -0.1282  0.7171  0.4662  -1.1091   0.0000   0.0000   0.0000   0.4674
   1.500   0.6320   0.03382   0.02531  -0.1303  0.7056  0.5053  -1.1727   0.0000   0.0000   0.0000   0.4513
   1.750   0.6623   0.03345   0.02501  -0.1295  0.6892  0.5387  -1.2154   0.0000   0.0000   0.0000   0.4402
   2.000   0.7173   0.03207   0.02372  -0.1317  0.6760  0.5916  -1.2832   0.0000   0.0000   0.0000   0.4280
   2.250   0.7734   0.03064   0.02243  -0.1339  0.6626  0.6587  -1.3531   0.0000   0.0000   0.0000   0.4171
   2.500   0.7955   0.03038   0.02236  -0.1314  0.6461  0.7216  -1.3909   0.0000   0.0000   0.0000   0.4088
   2.750   0.8176   0.02950   0.02177  -0.1280  0.6321  0.8203  -1.4342   0.0000   0.0000   0.0000   0.3997
   3.000   0.8727   0.02886   0.02093  -0.1325  0.6137  1.0000  -1.5072   0.0000   0.0000   0.0000   0.3946
   3.250   0.9282   0.02874   0.02035  -0.1365  0.5966  1.0000  -1.5839   0.0000   0.0000   0.0000   0.3896
   3.500   0.9520   0.02942   0.02085  -0.1355  0.5792  1.0000  -1.6267   0.0000   0.0000   0.0000   0.3845
   3.750   0.9968   0.02955   0.02065  -0.1375  0.5634  1.0000  -1.6942   0.0000   0.0000   0.0000   0.3797
   4.000   1.0140   0.03041   0.02141  -0.1354  0.5473  1.0000  -1.7302   0.0000   0.0000   0.0000   0.3750
   4.250   1.0469   0.03090   0.02168  -0.1356  0.5324  1.0000  -1.7846   0.0000   0.0000   0.0000   0.3706
   4.500   1.0757   0.03153   0.02215  -0.1352  0.5181  1.0000  -1.8345   0.0000   0.0000   0.0000   0.3664
   4.750   1.0947   0.03243   0.02297  -0.1334  0.5042  1.0000  -1.8726   0.0000   0.0000   0.0000   0.3622
   5.000   1.1186   0.03324   0.02368  -0.1324  0.4911  1.0000  -1.9165   0.0000   0.0000   0.0000   0.3583
   5.250   1.1442   0.03402   0.02433  -0.1315  0.4785  1.0000  -1.9653   0.0000   0.0000   0.0000   0.3546
   5.500   1.1693   0.03485   0.02504  -0.1307  0.4665  1.0000  -2.0157   0.0000   0.0000   0.0000   0.3510
   5.750   1.1926   0.03576   0.02589  -0.1296  0.4551  1.0000  -2.0671   0.0000   0.0000   0.0000   0.3475
   6.000   1.2139   0.03672   0.02678  -0.1282  0.4440  1.0000  -2.1160   0.0000   0.0000   0.0000   0.3441
   6.250   1.2314   0.03783   0.02786  -0.1263  0.4335  1.0000  -2.1595   0.0000   0.0000   0.0000   0.3407
   6.500   1.2453   0.03910   0.02913  -0.1240  0.4235  1.0000  -2.1975   0.0000   0.0000   0.0000   0.3374
   6.750   1.2570   0.04049   0.03054  -0.1215  0.4142  1.0000  -2.2322   0.0000   0.0000   0.0000   0.3341
   7.000   1.2699   0.04189   0.03195  -0.1192  0.4053  1.0000  -2.2684   0.0000   0.0000   0.0000   0.3309
   7.250   1.2904   0.04307   0.03309  -0.1179  0.3967  1.0000  -2.3154   0.0000   0.0000   0.0000   0.3280
   7.500   1.3196   0.04392   0.03381  -0.1177  0.3878  1.0000  -2.3761   0.0000   0.0000   0.0000   0.3254
   7.750   1.3049   0.04624   0.03635  -0.1120  0.3803  1.0000  -2.3730   0.0000   0.0000   0.0000   0.3217
   8.000   1.3038   0.04815   0.03833  -0.1082  0.3731  1.0000  -2.3920   0.0000   0.0000   0.0000   0.3185
   8.250   1.3341   0.04903   0.03919  -0.1081  0.3651  1.0000  -2.4594   0.0000   0.0000   0.0000   0.3162
   8.500   0.9102   0.09014   0.08154  -0.0944  0.3607  1.0000  -1.6985   0.0000   0.0000   0.0000   0.3392
   8.750   1.3074   0.05421   0.04463  -0.0985  0.3536  1.0000  -2.4554   0.0000   0.0000   0.0000   0.3098
   9.000   0.8614   0.10531   0.09679  -0.0979  0.3494  1.0000  -1.5790   0.0000   0.0000   0.0000   0.3489
   9.250   1.1869   0.06714   0.05808  -0.0863  0.3450  1.0000  -2.2808   0.0000   0.0000   0.0000   0.3064
   9.500   0.7624   0.13069   0.12248  -0.1097  0.3916  1.0000  -1.2888   0.0000   0.0000   0.0000   0.3799
  10.000   0.8085   0.13379   0.12548  -0.1079  0.3659  1.0000  -1.3748   0.0000   0.0000   0.0000   0.3685
  10.750   0.7537   0.15303   0.14491  -0.1179  0.4137  1.0000  -1.1857   0.0000   0.0000   0.0000   0.3914
  11.000   0.7651   0.15626   0.14812  -0.1185  0.4078  1.0000  -1.1978   0.0000   0.0000   0.0000   0.3895
  11.250   0.7851   0.15940   0.15124  -0.1187  0.3996  1.0000  -1.2272   0.0000   0.0000   0.0000   0.3853
  11.500   0.7803   0.16173   0.15357  -0.1196  0.3922  1.0000  -1.2081   0.0000   0.0000   0.0000   0.3871
  11.750   0.8078   0.16593   0.15777  -0.1199  0.3880  1.0000  -1.2485   0.0000   0.0000   0.0000   0.3818
  12.000   0.7982   0.16767   0.15951  -0.1211  0.3807  1.0000  -1.2181   0.0000   0.0000   0.0000   0.3848
  12.250   0.8194   0.17163   0.16345  -0.1215  0.3767  1.0000  -1.2455   0.0000   0.0000   0.0000   0.3809
  12.500   0.8188   0.17355   0.16538  -0.1225  0.3686  1.0000  -1.2316   0.0000   0.0000   0.0000   0.3818
  12.750   0.8245   0.17636   0.16817  -0.1235  0.3625  1.0000  -1.2317   0.0000   0.0000   0.0000   0.3816
  13.000   0.8455   0.17980   0.17161  -0.1236  0.3560  1.0000  -1.2686   0.0000   0.0000   0.0000   0.3776
  13.250   0.8420   0.18187   0.17367  -0.1252  0.3499  1.0000  -1.2502   0.0000   0.0000   0.0000   0.3797
  13.500   0.8622   0.18552   0.17732  -0.1254  0.3452  1.0000  -1.2838   0.0000   0.0000   0.0000   0.3761
  13.750   0.8596   0.18763   0.17942  -0.1271  0.3398  1.0000  -1.2650   0.0000   0.0000   0.0000   0.3781
  14.000   0.8778   0.19105   0.18284  -0.1275  0.3345  1.0000  -1.2935   0.0000   0.0000   0.0000   0.3750
  14.250   0.8777   0.19320   0.18499  -0.1291  0.3287  1.0000  -1.2833   0.0000   0.0000   0.0000   0.3764
  14.500   0.8996   0.19702   0.18888  -0.1291  0.3231  1.0000  -1.3307   0.0000   0.0000   0.0000   0.3724
  14.750   0.8962   0.19859   0.19044  -0.1311  0.3166  1.0000  -1.3191   0.0000   0.0000   0.0000   0.3747
  15.000   0.9166   0.20249   0.19435  -0.1313  0.3123  1.0000  -1.3676   0.0000   0.0000   0.0000   0.3711
  16.500   0.9599   0.21789   0.20977  -0.1392  0.2821  1.0000  -1.4380   0.0000   0.0000   0.0000   0.3701
  17.000   0.9755   0.22322   0.21513  -0.1421  0.2729  1.0000  -1.4570   0.0000   0.0000   0.0000   0.3697
  17.500   0.9941   0.22911   0.22103  -0.1447  0.2655  1.0000  -1.4800   0.0000   0.0000   0.0000   0.3686
  18.000   1.0223   0.23654   0.22850  -0.1461  0.2569  1.0000  -1.5313   0.0000   0.0000   0.0000   0.3650
  18.500   1.0418   0.24222   0.23428  -0.1485  0.2464  1.0000  -1.5544   0.0000   0.0000   0.0000   0.3635
  19.500   1.0594   0.25011   0.24221  -0.1569  0.2303  1.0000  -1.5059   0.0000   0.0000   0.0000   0.3668
  20.000   1.0817   0.25676   0.24890  -0.1591  0.2237  1.0000  -1.5248   0.0000   0.0000   0.0000   0.3646


