xflr5 v6.61

 Calculated polar for: E63_16_00

 1 1 Reynolds number fixed          Mach number fixed         

 xtrf =   1.000 (top)        1.000 (bottom)
 Mach =   0.200     Re =     0.050 e 6     Ncrit =   9.000

  alpha     CL        CD       CDp       Cm    Top Xtr Bot Xtr   Cpmin    Chinge    XCp    
 ------- -------- --------- --------- -------- ------- ------- -------- --------- ---------
 -20.000  -0.4566   0.24378   0.23458  -0.0108  1.0000  0.1041  -1.3172   0.0000   0.0000   0.0000   0.1868
 -19.500  -0.4462   0.24077   0.23162  -0.0140  1.0000  0.1072  -1.3466   0.0000   0.0000   0.0000   0.1799
 -19.000  -0.4316   0.23495   0.22588  -0.0161  1.0000  0.1087  -1.3442   0.0000   0.0000   0.0000   0.1743
 -18.500  -0.4122   0.22828   0.21925  -0.0171  1.0000  0.1123  -1.3021   0.0000   0.0000   0.0000   0.1699
 -18.000  -0.3994   0.22382   0.21482  -0.0192  1.0000  0.1169  -1.3055   0.0000   0.0000   0.0000   0.1638
 -17.500  -0.3924   0.22054   0.21165  -0.0220  1.0000  0.1191  -1.3432   0.0000   0.0000   0.0000   0.1568
 -17.000  -0.3704   0.21265   0.20381  -0.0222  1.0000  0.1235  -1.2866   0.0000   0.0000   0.0000   0.1524
 -16.500  -0.3632   0.20926   0.20049  -0.0245  1.0000  0.1289  -1.3161   0.0000   0.0000   0.0000   0.1459
 -16.000  -0.3460   0.20219   0.19351  -0.0251  1.0000  0.1327  -1.2963   0.0000   0.0000   0.0000   0.1406
 -15.500  -0.3445   0.20002   0.19142  -0.0273  1.0000  0.1402  -1.3716   0.0000   0.0000   0.0000   0.1353
 -15.000  -0.3255   0.19266   0.18414  -0.0272  1.0000  0.1501  -1.3620   0.0000   0.0000   0.0000   0.1305
 -14.500  -0.3108   0.18633   0.17789  -0.0274  1.0000  0.1579  -1.3715   0.0000   0.0000   0.0000   0.1259
 -14.000  -0.3005   0.18116   0.17277  -0.0278  1.0000  0.1674  -1.3861   0.0000   0.0000   0.0000   0.1219
 -13.500  -0.3041   0.17887   0.17058  -0.0292  1.0000  0.1735  -1.4448   0.0000   0.0000   0.0000   0.1204
 -13.000  -0.2813   0.17111   0.16286  -0.0282  1.0000  0.1798  -1.3840   0.0000   0.0000   0.0000   0.1150
 -12.500  -0.2834   0.16795   0.15980  -0.0290  1.0000  0.1848  -1.4107   0.0000   0.0000   0.0000   0.1150
 -12.000  -0.2652   0.16154   0.15346  -0.0279  1.0000  0.1915  -1.3493   0.0000   0.0000   0.0000   0.1116
 -11.500  -0.2649   0.15760   0.14963  -0.0279  1.0000  0.1965  -1.3501   0.0000   0.0000   0.0000   0.1133
 -11.000  -0.2543   0.15258   0.14471  -0.0268  1.0000  0.2038  -1.3035   0.0000   0.0000   0.0000   0.1138
 -10.500  -0.2479   0.14779   0.14003  -0.0256  1.0000  0.2102  -1.2682   0.0000   0.0000   0.0000   0.1167
 -10.000  -0.2535   0.14462   0.13701  -0.0246  1.0000  0.2180  -1.2657   0.0000   0.0000   0.0000   0.1253
  -9.750  -0.2422   0.14141   0.13385  -0.0234  1.0000  0.2223  -1.2163   0.0000   0.0000   0.0000   0.1256
  -9.500  -0.2483   0.14031   0.13282  -0.0227  1.0000  0.2268  -1.2211   0.0000   0.0000   0.0000   0.1322
  -9.250  -0.2517   0.13841   0.13101  -0.0220  1.0000  0.2290  -1.2182   0.0000   0.0000   0.0000   0.1376
  -9.000  -0.2416   0.13537   0.12798  -0.0206  1.0000  0.2326  -1.1714   0.0000   0.0000   0.0000   0.1394
  -8.750  -0.2466   0.13405   0.12674  -0.0196  1.0000  0.2372  -1.1685   0.0000   0.0000   0.0000   0.1466
  -8.500  -0.2565   0.13285   0.12564  -0.0187  1.0000  0.2397  -1.1800   0.0000   0.0000   0.0000   0.1550
  -8.250  -0.2452   0.12973   0.12257  -0.0171  1.0000  0.2434  -1.1281   0.0000   0.0000   0.0000   0.1579
  -8.000  -0.2528   0.12861   0.12154  -0.0158  1.0000  0.2483  -1.1321   0.0000   0.0000   0.0000   0.1666
  -7.750  -0.2617   0.12718   0.12022  -0.0146  1.0000  0.2509  -1.1542   0.0000   0.0000   0.0000   0.1750
  -7.500  -0.2533   0.12451   0.11761  -0.0128  1.0000  0.2551  -1.1364   0.0000   0.0000   0.0000   0.1800
  -7.250  -0.2691   0.12404   0.11724  -0.0113  1.0000  0.2601  -1.1677   0.0000   0.0000   0.0000   0.1905
  -7.000  -0.2687   0.12172   0.11500  -0.0097  1.0000  0.2629  -1.1670   0.0000   0.0000   0.0000   0.1970
  -6.750  -0.2681   0.11988   0.11325  -0.0079  1.0000  0.2679  -1.1625   0.0000   0.0000   0.0000   0.2044
  -6.500  -0.2988   0.12041   0.11391  -0.0060  1.0000  0.2718  -1.2184   0.0000   0.0000   0.0000   0.2158
  -6.250  -0.2815   0.11691   0.11046  -0.0043  1.0000  0.2760  -1.1823   0.0000   0.0000   0.0000   0.2205
  -6.000  -0.2983   0.11635   0.11001  -0.0023  1.0000  0.2816  -1.2083   0.0000   0.0000   0.0000   0.2296
  -5.750  -0.3037   0.11454   0.10829  -0.0004  1.0000  0.2849  -1.2146   0.0000   0.0000   0.0000   0.2366
  -5.500  -0.3081   0.11311   0.10695   0.0017  1.0000  0.2908  -1.2153   0.0000   0.0000   0.0000   0.2441
  -5.250  -0.3338   0.11271   0.10667   0.0041  1.0000  0.2946  -1.2544   0.0000   0.0000   0.0000   0.2523
  -5.000  -0.3296   0.11073   0.10477   0.0062  1.0000  0.3020  -1.2380   0.0000   0.0000   0.0000   0.2590
  -4.750  -0.3495   0.10985   0.10400   0.0088  1.0000  0.3064  -1.2642   0.0000   0.0000   0.0000   0.2663
  -4.500  -0.3607   0.10885   0.10309   0.0114  1.0000  0.3141  -1.2718   0.0000   0.0000   0.0000   0.2735
  -4.250  -0.3641   0.10709   0.10141   0.0136  1.0000  0.3205  -1.2689   0.0000   0.0000   0.0000   0.2796
  -4.000  -0.3947   0.10667   0.10110   0.0149  1.0000  0.3269  -1.3178   0.0000   0.0000   0.0000   0.2808
  -3.750  -0.3925   0.10480   0.09929   0.0172  1.0000  0.3363  -1.3027   0.0000   0.0000   0.0000   0.2871
  -3.500  -0.3934   0.10289   0.09746   0.0191  1.0000  0.3436  -1.2963   0.0000   0.0000   0.0000   0.2922
  -3.250  -0.3682   0.10021   0.09477   0.0117  0.9874  0.3608  -1.2910   0.0000   0.0000   0.0000   0.2753
  -3.000  -0.3318   0.09703   0.09153   0.0071  0.9722  0.3771  -1.2536   0.0000   0.0000   0.0000   0.2647
  -2.750  -0.3099   0.09418   0.08868   0.0029  0.9576  0.3950  -1.2389   0.0000   0.0000   0.0000   0.2524
  -2.250  -0.2114   0.07226   0.06591  -0.0504  0.9317  0.2732  -1.5147   0.0000   0.0000   0.0000   0.0014
  -2.000  -0.1496   0.06560   0.05879  -0.0663  0.9177  0.2714  -1.5381   0.0000   0.0000   0.0000  -0.2068
  -1.750  -0.1011   0.06230   0.05528  -0.0738  0.9032  0.2747  -1.5011   0.0000   0.0000   0.0000  -0.4982
  -1.500  -0.0332   0.05810   0.05056  -0.0864  0.8898  0.2832  -1.4607   0.0000   0.0000   0.0000  -2.4048
  -1.250   0.0097   0.05647   0.04873  -0.0910  0.8745  0.2930  -1.3978   0.0000   0.0000   0.0000   9.7894
  -1.000   0.0565   0.05492   0.04700  -0.0956  0.8600  0.3008  -1.3258   0.0000   0.0000   0.0000   1.9642
  -0.750   0.1149   0.05319   0.04491  -0.1025  0.8465  0.3159  -1.2430   0.0000   0.0000   0.0000   1.1502
  -0.500   0.1494   0.05241   0.04402  -0.1045  0.8302  0.3253  -1.1762   0.0000   0.0000   0.0000   0.9541
  -0.250   0.1982   0.05131   0.04273  -0.1085  0.8159  0.3385  -1.0924   0.0000   0.0000   0.0000   0.7993
   0.000   0.2367   0.05077   0.04217  -0.1101  0.8009  0.3531  -1.0121   0.0000   0.0000   0.0000   0.7157
   0.250   0.2771   0.05014   0.04138  -0.1125  0.7853  0.3708  -0.9356   0.0000   0.0000   0.0000   0.6551
   0.500   0.3223   0.04931   0.04055  -0.1144  0.7716  0.3890  -0.8468   0.0000   0.0000   0.0000   0.6031
   0.750   0.3547   0.04898   0.04013  -0.1153  0.7553  0.4049  -0.8750   0.0000   0.0000   0.0000   0.5724
   1.000   0.3971   0.04826   0.03934  -0.1168  0.7410  0.4257  -0.9189   0.0000   0.0000   0.0000   0.5410
   1.250   0.4408   0.04738   0.03855  -0.1177  0.7281  0.4528  -0.9665   0.0000   0.0000   0.0000   0.5133
   1.500   0.4671   0.04745   0.03866  -0.1172  0.7118  0.4770  -0.9969   0.0000   0.0000   0.0000   0.4965
   1.750   0.5059   0.04680   0.03805  -0.1174  0.6981  0.5092  -1.0426   0.0000   0.0000   0.0000   0.4773
   2.000   0.5499   0.04572   0.03702  -0.1179  0.6857  0.5481  -1.0962   0.0000   0.0000   0.0000   0.4592
   2.250   0.5945   0.04437   0.03577  -0.1180  0.6740  0.5944  -1.1527   0.0000   0.0000   0.0000   0.4428
   2.500   0.6381   0.04293   0.03449  -0.1178  0.6624  0.6530  -1.2093   0.0000   0.0000   0.0000   0.4284
   2.750   0.6756   0.04146   0.03327  -0.1163  0.6509  0.7287  -1.2610   0.0000   0.0000   0.0000   0.4156
   3.000   0.6694   0.04266   0.03475  -0.1112  0.6340  0.7911  -1.2645   0.0000   0.0000   0.0000   0.4092
   3.250   0.7387   0.04048   0.03242  -0.1164  0.6209  1.0000  -1.3513   0.0000   0.0000   0.0000   0.4003
   3.500   0.8171   0.03882   0.03028  -0.1220  0.6081  1.0000  -1.4530   0.0000   0.0000   0.0000   0.3917
   3.750   0.8372   0.03984   0.03113  -0.1208  0.5923  1.0000  -1.4885   0.0000   0.0000   0.0000   0.3863
   4.000   0.8800   0.03977   0.03086  -0.1219  0.5779  1.0000  -1.5515   0.0000   0.0000   0.0000   0.3803
   4.250   0.9462   0.03881   0.02961  -0.1258  0.5640  1.0000  -1.6431   0.0000   0.0000   0.0000   0.3743
   4.500   0.9569   0.04023   0.03095  -0.1232  0.5496  1.0000  -1.6685   0.0000   0.0000   0.0000   0.3698
   4.750   0.9726   0.04147   0.03210  -0.1213  0.5360  1.0000  -1.6996   0.0000   0.0000   0.0000   0.3654
   5.000   1.0043   0.04206   0.03258  -0.1212  0.5229  1.0000  -1.7503   0.0000   0.0000   0.0000   0.3610
   5.250   1.0407   0.04246   0.03283  -0.1216  0.5102  1.0000  -1.8074   0.0000   0.0000   0.0000   0.3568
   5.500   1.0736   0.04308   0.03332  -0.1216  0.4982  1.0000  -1.8637   0.0000   0.0000   0.0000   0.3529
   5.750   1.0978   0.04408   0.03423  -0.1207  0.4865  1.0000  -1.9101   0.0000   0.0000   0.0000   0.3492
   6.000   1.1117   0.04557   0.03569  -0.1187  0.4756  1.0000  -1.9455   0.0000   0.0000   0.0000   0.3456
   6.250   1.0931   0.04850   0.03871  -0.1132  0.4659  1.0000  -1.9352   0.0000   0.0000   0.0000   0.3421
   6.500   1.0037   0.05639   0.04686  -0.1034  0.4571  1.0000  -1.8168   0.0000   0.0000   0.0000   0.3413
   6.750   0.8815   0.07143   0.06217  -0.1000  0.4450  1.0000  -1.6193   0.0000   0.0000   0.0000   0.3515
   7.000   0.8248   0.08190   0.07273  -0.1009  0.4353  1.0000  -1.5147   0.0000   0.0000   0.0000   0.3603
   7.250   0.8076   0.08786   0.07871  -0.1013  0.4280  1.0000  -1.4793   0.0000   0.0000   0.0000   0.3633
   7.500   0.8355   0.08881   0.07961  -0.1005  0.4204  1.0000  -1.5294   0.0000   0.0000   0.0000   0.3577
   7.750   0.7852   0.09869   0.08959  -0.1026  0.4169  1.0000  -1.4231   0.0000   0.0000   0.0000   0.3681
   8.000   0.7773   0.10393   0.09484  -0.1035  0.4134  1.0000  -1.3971   0.0000   0.0000   0.0000   0.3704
   8.250   0.7838   0.10762   0.09851  -0.1038  0.4084  1.0000  -1.3997   0.0000   0.0000   0.0000   0.3694
   8.500   0.7690   0.11361   0.10454  -0.1053  0.4074  1.0000  -1.3555   0.0000   0.0000   0.0000   0.3738
   8.750   0.7655   0.11879   0.10975  -0.1066  0.4084  1.0000  -1.3337   0.0000   0.0000   0.0000   0.3760
   9.000   0.7707   0.12342   0.11438  -0.1078  0.4098  1.0000  -1.3293   0.0000   0.0000   0.0000   0.3764
  10.250   0.7145   0.15048   0.14166  -0.1195  0.4728  1.0000  -1.1175   0.0000   0.0000   0.0000   0.4031
  10.500   0.7372   0.15422   0.14536  -0.1200  0.4645  1.0000  -1.1494   0.0000   0.0000   0.0000   0.3982
  10.750   0.7368   0.15628   0.14742  -0.1204  0.4561  1.0000  -1.1426   0.0000   0.0000   0.0000   0.3985
  11.000   0.7422   0.15909   0.15021  -0.1210  0.4497  1.0000  -1.1435   0.0000   0.0000   0.0000   0.3978
  11.250   0.7678   0.16330   0.15439  -0.1215  0.4428  1.0000  -1.1791   0.0000   0.0000   0.0000   0.3927
  11.500   0.7679   0.16508   0.15616  -0.1220  0.4336  1.0000  -1.1716   0.0000   0.0000   0.0000   0.3929
  11.750   0.7722   0.16751   0.15858  -0.1227  0.4255  1.0000  -1.1694   0.0000   0.0000   0.0000   0.3925
  12.000   0.7902   0.17130   0.16238  -0.1233  0.4201  1.0000  -1.1899   0.0000   0.0000   0.0000   0.3893
  12.250   0.7951   0.17348   0.16456  -0.1240  0.4123  1.0000  -1.1875   0.0000   0.0000   0.0000   0.3888
  12.500   0.8020   0.17635   0.16741  -0.1249  0.4071  1.0000  -1.1862   0.0000   0.0000   0.0000   0.3882
  12.750   0.8188   0.17973   0.17079  -0.1255  0.4000  1.0000  -1.2078   0.0000   0.0000   0.0000   0.3853
  13.000   0.8200   0.18169   0.17274  -0.1265  0.3928  1.0000  -1.2024   0.0000   0.0000   0.0000   0.3859
  13.250   0.8364   0.18534   0.17637  -0.1271  0.3870  1.0000  -1.2261   0.0000   0.0000   0.0000   0.3832
  13.500   0.8451   0.18768   0.17871  -0.1279  0.3788  1.0000  -1.2352   0.0000   0.0000   0.0000   0.3821
  13.750   0.8496   0.19019   0.18121  -0.1291  0.3738  1.0000  -1.2328   0.0000   0.0000   0.0000   0.3823
  14.000   0.8646   0.19346   0.18448  -0.1297  0.3676  1.0000  -1.2528   0.0000   0.0000   0.0000   0.3799
  14.250   0.8680   0.19577   0.18678  -0.1311  0.3628  1.0000  -1.2501   0.0000   0.0000   0.0000   0.3805
  14.500   0.8843   0.19922   0.19024  -0.1316  0.3564  1.0000  -1.2806   0.0000   0.0000   0.0000   0.3779
  14.750   0.8862   0.20106   0.19215  -0.1331  0.3503  1.0000  -1.2776   0.0000   0.0000   0.0000   0.3788
  15.000   0.9103   0.20599   0.19709  -0.1332  0.3444  1.0000  -1.3326   0.0000   0.0000   0.0000   0.3745
  16.000   0.9426   0.21628   0.20739  -0.1379  0.3231  1.0000  -1.3917   0.0000   0.0000   0.0000   0.3726
  16.500   0.9583   0.22128   0.21241  -0.1405  0.3126  1.0000  -1.4155   0.0000   0.0000   0.0000   0.3719
  17.500   0.9918   0.23157   0.22274  -0.1457  0.2913  1.0000  -1.4584   0.0000   0.0000   0.0000   0.3702
  19.000   0.7710   0.23130   0.22434  -0.1239  0.2475  1.0000  -0.9239   0.0000   0.0000   0.0000   0.3875
  19.500   0.7748   0.23608   0.22921  -0.1264  0.2397  1.0000  -0.8897   0.0000   0.0000   0.0000   0.3892
  20.000   0.7846   0.24191   0.23516  -0.1285  0.2330  1.0000  -0.8800   0.0000   0.0000   0.0000   0.3889


