xflr5 v6.61

 Calculated polar for: E63_8_00

 1 1 Reynolds number fixed          Mach number fixed         

 xtrf =   1.000 (top)        1.000 (bottom)
 Mach =   0.200     Re =     0.070 e 6     Ncrit =   7.000

  alpha     CL        CD       CDp       Cm    Top Xtr Bot Xtr   Cpmin    Chinge    XCp    
 ------- -------- --------- --------- -------- ------- ------- -------- --------- ---------
 -24.000  -0.7077   0.29756   0.29032   0.0292  1.0000  0.0284  -1.5886   0.0000   0.0000   0.0000   0.2736
 -23.500  -0.6899   0.28550   0.27822   0.0275  1.0000  0.0292  -1.4887   0.0000   0.0000   0.0000   0.2727
 -23.000  -0.6746   0.27933   0.27204   0.0246  1.0000  0.0300  -1.4495   0.0000   0.0000   0.0000   0.2698
 -22.500  -0.6594   0.27384   0.26655   0.0215  1.0000  0.0310  -1.4242   0.0000   0.0000   0.0000   0.2665
 -22.000  -0.6442   0.26847   0.26118   0.0184  1.0000  0.0321  -1.4042   0.0000   0.0000   0.0000   0.2630
 -21.500  -0.6290   0.26313   0.25584   0.0153  1.0000  0.0332  -1.3865   0.0000   0.0000   0.0000   0.2592
 -21.000  -0.6137   0.25779   0.25051   0.0122  1.0000  0.0344  -1.3707   0.0000   0.0000   0.0000   0.2553
 -20.500  -0.5985   0.25263   0.24533   0.0090  1.0000  0.0358  -1.3612   0.0000   0.0000   0.0000   0.2510
 -20.000  -0.5842   0.24855   0.24128   0.0054  1.0000  0.0369  -1.3751   0.0000   0.0000   0.0000   0.2457
 -19.500  -0.5721   0.24603   0.23878   0.0016  1.0000  0.0373  -1.4060   0.0000   0.0000   0.0000   0.2396
 -19.000  -0.5574   0.23977   0.23257  -0.0011  1.0000  0.0376  -1.4172   0.0000   0.0000   0.0000   0.2354
 -18.500  -0.5391   0.23070   0.22351  -0.0021  1.0000  0.0387  -1.3428   0.0000   0.0000   0.0000   0.2336
 -18.000  -0.5237   0.22484   0.21767  -0.0042  1.0000  0.0401  -1.3216   0.0000   0.0000   0.0000   0.2299
 -17.500  -0.5089   0.21928   0.21210  -0.0064  1.0000  0.0417  -1.3163   0.0000   0.0000   0.0000   0.2257
 -17.000  -0.4945   0.21387   0.20672  -0.0087  1.0000  0.0434  -1.3213   0.0000   0.0000   0.0000   0.2210
 -16.500  -0.4812   0.20902   0.20191  -0.0112  1.0000  0.0450  -1.3461   0.0000   0.0000   0.0000   0.2156
 -16.000  -0.4712   0.20578   0.19872  -0.0143  1.0000  0.0458  -1.4034   0.0000   0.0000   0.0000   0.2089
 -15.500  -0.4653   0.20385   0.19685  -0.0175  1.0000  0.0461  -1.4745   0.0000   0.0000   0.0000   0.2023
 -15.000  -0.4414   0.19180   0.18483  -0.0168  1.0000  0.0476  -1.3423   0.0000   0.0000   0.0000   0.2017
 -14.500  -0.4273   0.18578   0.17885  -0.0179  1.0000  0.0495  -1.3006   0.0000   0.0000   0.0000   0.1982
 -14.000  -0.4146   0.18023   0.17335  -0.0192  1.0000  0.0517  -1.2811   0.0000   0.0000   0.0000   0.1939
 -13.500  -0.4037   0.17504   0.16818  -0.0208  1.0000  0.0541  -1.2821   0.0000   0.0000   0.0000   0.1889
 -13.000  -0.3986   0.17185   0.16507  -0.0234  1.0000  0.0555  -1.3385   0.0000   0.0000   0.0000   0.1823
 -12.500  -0.3856   0.16461   0.15791  -0.0239  1.0000  0.0568  -1.3011   0.0000   0.0000   0.0000   0.1792
 -12.000  -0.3711   0.15800   0.15134  -0.0236  1.0000  0.0601  -1.2365   0.0000   0.0000   0.0000   0.1776
 -11.500  -0.3625   0.15292   0.14633  -0.0246  1.0000  0.0638  -1.2608   0.0000   0.0000   0.0000   0.1738
 -11.000  -0.3632   0.15004   0.14357  -0.0267  1.0000  0.0656  -1.3602   0.0000   0.0000   0.0000   0.1685
 -10.500  -0.3495   0.14241   0.13602  -0.0261  1.0000  0.0671  -1.3380   0.0000   0.0000   0.0000   0.1674
 -10.000  -0.3382   0.13643   0.13011  -0.0255  1.0000  0.0704  -1.3139   0.0000   0.0000   0.0000   0.1670
  -9.500  -0.3350   0.13200   0.12578  -0.0260  1.0000  0.0743  -1.3575   0.0000   0.0000   0.0000   0.1653
  -9.000  -0.3478   0.13045   0.12441  -0.0276  1.0000  0.0757  -1.4900   0.0000   0.0000   0.0000   0.1642
  -8.500  -0.3256   0.12136   0.11533  -0.0249  1.0000  0.0788  -1.3931   0.0000   0.0000   0.0000   0.1672
  -8.000  -0.3229   0.11671   0.11079  -0.0238  1.0000  0.0830  -1.4034   0.0000   0.0000   0.0000   0.1703
  -7.500  -0.3380   0.11446   0.10873  -0.0235  1.0000  0.0860  -1.5040   0.0000   0.0000   0.0000   0.1753
  -7.000  -0.3366   0.10881   0.10322  -0.0211  1.0000  0.0878  -1.5030   0.0000   0.0000   0.0000   0.1826
  -6.500  -0.3356   0.10409   0.09863  -0.0178  1.0000  0.0919  -1.4754   0.0000   0.0000   0.0000   0.1926
  -6.000  -0.3541   0.10146   0.09619  -0.0157  1.0000  0.0959  -1.5433   0.0000   0.0000   0.0000   0.2019
  -5.500  -0.3181   0.09245   0.08771  -0.0108  1.0000  0.1019  -1.3627   0.0000   0.0000   0.0000   0.2139
  -5.000  -0.3312   0.08884   0.08425  -0.0152  1.0000  0.1075  -1.4710   0.0000   0.0000   0.0000   0.2022
  -4.500  -0.3252   0.08304   0.07856  -0.0111  1.0000  0.1155  -1.3957   0.0000   0.0000   0.0000   0.2141
  -4.000  -0.3173   0.07731   0.07293  -0.0136  1.0000  0.1234  -1.3957   0.0000   0.0000   0.0000   0.2055
  -3.500  -0.2854   0.07006   0.06570  -0.0222  0.9969  0.1336  -1.3844   0.0000   0.0000   0.0000   0.1705
  -3.000  -0.1227   0.04881   0.04294  -0.0787  1.0000  0.0659  -2.0806   0.0000   0.0000   0.0000  -0.3988
  -2.500  -0.0170   0.03850   0.03177  -0.0963  1.0000  0.0614  -2.0940   0.0000   0.0000   0.0000  -5.4665
  -2.000   0.1091   0.02984   0.02112  -0.1134  1.0000  0.0664  -2.1511   0.0000   0.0000   0.0000   1.2970
  -1.500   0.1863   0.02787   0.01870  -0.1183  0.9972  0.0912  -1.9206   0.0000   0.0000   0.0000   0.8884
  -1.000   0.2777   0.02759   0.01823  -0.1258  0.9843  0.1526  -1.4977   0.0000   0.0000   0.0000   0.7045
  -0.500   0.3693   0.02715   0.01795  -0.1330  0.9702  0.2513  -1.1433   0.0000   0.0000   0.0000   0.6104
   0.000   0.4549   0.02662   0.01786  -0.1389  0.9525  0.4086  -0.7921   0.0000   0.0000   0.0000   0.5548
   1.000   0.6020   0.02504   0.01705  -0.1437  0.9069  1.0000  -0.7305   0.0000   0.0000   0.0000   0.4870
   1.500   0.6831   0.02482   0.01655  -0.1475  0.8817  1.0000  -0.8189   0.0000   0.0000   0.0000   0.4636
   2.000   0.7684   0.02408   0.01565  -0.1513  0.8573  1.0000  -0.9272   0.0000   0.0000   0.0000   0.4439
   2.500   0.8454   0.02312   0.01467  -0.1529  0.8277  1.0000  -1.0430   0.0000   0.0000   0.0000   0.4274
   3.000   0.9272   0.02188   0.01345  -0.1549  0.7960  1.0000  -1.1727   0.0000   0.0000   0.0000   0.4131
   3.500   1.0112   0.02072   0.01233  -0.1572  0.7541  1.0000  -1.3230   0.0000   0.0000   0.0000   0.4009
   4.000   1.0949   0.02001   0.01158  -0.1595  0.6956  1.0000  -1.4897   0.0000   0.0000   0.0000   0.3906
   4.500   1.1623   0.02025   0.01158  -0.1594  0.6219  1.0000  -1.6658   0.0000   0.0000   0.0000   0.3814
   5.000   1.2169   0.02118   0.01217  -0.1575  0.5456  1.0000  -1.8556   0.0000   0.0000   0.0000   0.3730
   5.500   1.2639   0.02253   0.01325  -0.1546  0.4763  1.0000  -2.0356   0.0000   0.0000   0.0000   0.3653
   6.000   1.3067   0.02412   0.01460  -0.1513  0.4151  1.0000  -2.2102   0.0000   0.0000   0.0000   0.3581
   6.500   1.3483   0.02592   0.01620  -0.1480  0.3625  1.0000  -2.4877   0.0000   0.0000   0.0000   0.3514
   7.000   1.3885   0.02788   0.01816  -0.1446  0.3169  1.0000  -2.7779   0.0000   0.0000   0.0000   0.3451
   7.500   1.4284   0.03002   0.02022  -0.1413  0.2782  1.0000  -3.0756   0.0000   0.0000   0.0000   0.3391
   8.000   1.4653   0.03231   0.02257  -0.1377  0.2439  1.0000  -3.4085   0.0000   0.0000   0.0000   0.3334
   8.500   1.4900   0.03444   0.02479  -0.1323  0.2101  1.0000  -3.7188   0.0000   0.0000   0.0000   0.3275
   9.000   1.5054   0.03657   0.02700  -0.1258  0.1805  1.0000  -4.0042   0.0000   0.0000   0.0000   0.3215
   9.500   1.5217   0.03918   0.02988  -0.1197  0.1561  1.0000  -4.2848   0.0000   0.0000   0.0000   0.3158
  10.000   1.5408   0.04242   0.03344  -0.1144  0.1369  1.0000  -4.5657   0.0000   0.0000   0.0000   0.3106
  10.500   1.5487   0.04602   0.03729  -0.1083  0.1183  1.0000  -4.8010   0.0000   0.0000   0.0000   0.3055
  11.000   1.5524   0.05062   0.04234  -0.1025  0.1015  1.0000  -4.9873   0.0000   0.0000   0.0000   0.3008
  11.500   1.5493   0.05580   0.04778  -0.0973  0.0879  1.0000  -5.1438   0.0000   0.0000   0.0000   0.2967
  12.000   1.5435   0.06211   0.05443  -0.0931  0.0772  1.0000  -5.2549   0.0000   0.0000   0.0000   0.2933
  12.500   1.5296   0.07024   0.06317  -0.0901  0.0697  1.0000  -5.2814   0.0000   0.0000   0.0000   0.2910
  13.000   1.5146   0.07900   0.07235  -0.0887  0.0650  1.0000  -5.3084   0.0000   0.0000   0.0000   0.2897
  13.500   1.4787   0.09124   0.08529  -0.0905  0.0628  1.0000  -5.1922   0.0000   0.0000   0.0000   0.2915
  14.000   1.4335   0.10641   0.10103  -0.0970  0.0621  1.0000  -5.0022   0.0000   0.0000   0.0000   0.2971
  14.500   1.3710   0.12811   0.12319  -0.1111  0.0634  1.0000  -4.6227   0.0000   0.0000   0.0000   0.3098
  15.000   1.2974   0.15864   0.15388  -0.1331  0.0655  1.0000  -3.9342   0.0000   0.0000   0.0000   0.3314
  15.500   1.2553   0.18607   0.18117  -0.1513  0.0651  1.0000  -3.2515   0.0000   0.0000   0.0000   0.3496
  16.000   1.2459   0.20305   0.19807  -0.1623  0.0643  1.0000  -2.9066   0.0000   0.0000   0.0000   0.3590
  16.500   1.2483   0.21603   0.21103  -0.1704  0.0644  1.0000  -2.7001   0.0000   0.0000   0.0000   0.3646
  17.000   1.2581   0.22679   0.22179  -0.1765  0.0655  1.0000  -2.6148   0.0000   0.0000   0.0000   0.3677
  17.500   1.2723   0.23636   0.23139  -0.1812  0.0663  1.0000  -2.6000   0.0000   0.0000   0.0000   0.3689
  18.000   1.2821   0.24656   0.24160  -0.1878  0.0662  1.0000  -2.5145   0.0000   0.0000   0.0000   0.3722


