xflr5 v6.61

 Calculated polar for: E63_16_00

 1 1 Reynolds number fixed          Mach number fixed         

 xtrf =   1.000 (top)        1.000 (bottom)
 Mach =   0.200     Re =     0.025 e 6     Ncrit =   7.000

  alpha     CL        CD       CDp       Cm    Top Xtr Bot Xtr   Cpmin    Chinge    XCp    
 ------- -------- --------- --------- -------- ------- ------- -------- --------- ---------
 -30.000  -0.7591   0.34181   0.32832   0.0528  1.0000  0.0993  -1.5118   0.0000   0.0000   0.0000   0.2658
 -29.500  -0.7445   0.33674   0.32321   0.0491  1.0000  0.1016  -1.4865   0.0000   0.0000   0.0000   0.2633
 -29.000  -0.7307   0.33272   0.31918   0.0452  1.0000  0.1045  -1.4684   0.0000   0.0000   0.0000   0.2603
 -28.500  -0.7183   0.33066   0.31712   0.0408  1.0000  0.1069  -1.4717   0.0000   0.0000   0.0000   0.2565
 -28.000  -0.7056   0.32782   0.31432   0.0367  1.0000  0.1082  -1.4825   0.0000   0.0000   0.0000   0.2527
 -27.500  -0.6881   0.31969   0.30618   0.0338  1.0000  0.1111  -1.4505   0.0000   0.0000   0.0000   0.2505
 -27.000  -0.6730   0.31499   0.30145   0.0304  1.0000  0.1142  -1.4395   0.0000   0.0000   0.0000   0.2473
 -26.500  -0.6591   0.31158   0.29804   0.0266  1.0000  0.1170  -1.4403   0.0000   0.0000   0.0000   0.2435
 -26.000  -0.6472   0.31017   0.29666   0.0224  1.0000  0.1184  -1.4548   0.0000   0.0000   0.0000   0.2389
 -25.500  -0.6298   0.30256   0.28909   0.0196  1.0000  0.1203  -1.4294   0.0000   0.0000   0.0000   0.2358
 -25.000  -0.6130   0.29665   0.28319   0.0167  1.0000  0.1236  -1.4043   0.0000   0.0000   0.0000   0.2326
 -24.500  -0.5981   0.29253   0.27906   0.0134  1.0000  0.1270  -1.3942   0.0000   0.0000   0.0000   0.2285
 -24.000  -0.5860   0.29057   0.27714   0.0096  1.0000  0.1291  -1.4009   0.0000   0.0000   0.0000   0.2235
 -23.500  -0.5687   0.28366   0.27028   0.0070  1.0000  0.1312  -1.3739   0.0000   0.0000   0.0000   0.2197
 -23.000  -0.5514   0.27776   0.26440   0.0045  1.0000  0.1351  -1.3434   0.0000   0.0000   0.0000   0.2159
 -22.500  -0.5376   0.27424   0.26093   0.0013  1.0000  0.1389  -1.3508   0.0000   0.0000   0.0000   0.2111
 -22.000  -0.5254   0.27129   0.25807  -0.0019  1.0000  0.1408  -1.3676   0.0000   0.0000   0.0000   0.2058
 -21.500  -0.5053   0.26330   0.25006  -0.0037  1.0000  0.1449  -1.3379   0.0000   0.0000   0.0000   0.2020
 -21.000  -0.4912   0.25936   0.24618  -0.0064  1.0000  0.1495  -1.3408   0.0000   0.0000   0.0000   0.1969
 -20.500  -0.4786   0.25559   0.24251  -0.0092  1.0000  0.1520  -1.3516   0.0000   0.0000   0.0000   0.1914
 -20.000  -0.4596   0.24872   0.23569  -0.0109  1.0000  0.1585  -1.3252   0.0000   0.0000   0.0000   0.1870
 -19.500  -0.4474   0.24495   0.23201  -0.0133  1.0000  0.1636  -1.3332   0.0000   0.0000   0.0000   0.1815
 -19.000  -0.4319   0.23996   0.22709  -0.0151  1.0000  0.1718  -1.3215   0.0000   0.0000   0.0000   0.1765
 -18.500  -0.4154   0.23379   0.22102  -0.0167  1.0000  0.1775  -1.3078   0.0000   0.0000   0.0000   0.1714
 -18.000  -0.4062   0.23116   0.21843  -0.0189  1.0000  0.1838  -1.3229   0.0000   0.0000   0.0000   0.1659
 -17.500  -0.3869   0.22357   0.21094  -0.0200  1.0000  0.1902  -1.2975   0.0000   0.0000   0.0000   0.1605
 -17.000  -0.3777   0.22003   0.20751  -0.0218  1.0000  0.1961  -1.3137   0.0000   0.0000   0.0000   0.1551
 -16.500  -0.3647   0.21516   0.20273  -0.0230  1.0000  0.2055  -1.3291   0.0000   0.0000   0.0000   0.1502
 -16.000  -0.3540   0.21081   0.19849  -0.0240  1.0000  0.2169  -1.3479   0.0000   0.0000   0.0000   0.1459
 -15.500  -0.3391   0.20476   0.19253  -0.0246  1.0000  0.2272  -1.3513   0.0000   0.0000   0.0000   0.1409
 -15.000  -0.3229   0.19825   0.18612  -0.0252  1.0000  0.2355  -1.3474   0.0000   0.0000   0.0000   0.1355
 -14.500  -0.3112   0.19305   0.18102  -0.0258  1.0000  0.2431  -1.3493   0.0000   0.0000   0.0000   0.1309
 -14.000  -0.3036   0.18900   0.17704  -0.0263  1.0000  0.2512  -1.3550   0.0000   0.0000   0.0000   0.1278
 -13.500  -0.2973   0.18536   0.17349  -0.0265  1.0000  0.2608  -1.3542   0.0000   0.0000   0.0000   0.1261
 -13.000  -0.2845   0.17974   0.16800  -0.0263  1.0000  0.2725  -1.3277   0.0000   0.0000   0.0000   0.1230
 -12.500  -0.2735   0.17461   0.16299  -0.0259  1.0000  0.2838  -1.3008   0.0000   0.0000   0.0000   0.1211
 -12.000  -0.2685   0.17080   0.15930  -0.0255  1.0000  0.2938  -1.2847   0.0000   0.0000   0.0000   0.1222
 -11.500  -0.2575   0.16545   0.15408  -0.0247  1.0000  0.3043  -1.2484   0.0000   0.0000   0.0000   0.1214
 -11.000  -0.2484   0.16049   0.14925  -0.0237  1.0000  0.3149  -1.2127   0.0000   0.0000   0.0000   0.1223
 -10.500  -0.2414   0.15586   0.14478  -0.0225  1.0000  0.3258  -1.1784   0.0000   0.0000   0.0000   0.1255
 -10.000  -0.2389   0.15193   0.14102  -0.0210  1.0000  0.3374  -1.1503   0.0000   0.0000   0.0000   0.1324
  -9.500  -0.2251   0.14615   0.13536  -0.0191  1.0000  0.3531  -1.0916   0.0000   0.0000   0.0000   0.1352
  -9.000  -0.2277   0.14302   0.13243  -0.0167  1.0000  0.3699  -1.0665   0.0000   0.0000   0.0000   0.1491
  -8.500  -0.2185   0.13789   0.12748  -0.0144  1.0000  0.3856  -1.0300   0.0000   0.0000   0.0000   0.1573
  -8.000  -0.2200   0.13433   0.12413  -0.0115  1.0000  0.4016  -1.0397   0.0000   0.0000   0.0000   0.1730
  -7.500  -0.2209   0.13041   0.12043  -0.0084  1.0000  0.4165  -1.0466   0.0000   0.0000   0.0000   0.1890
  -7.000  -0.2235   0.12686   0.11709  -0.0048  1.0000  0.4348  -1.0523   0.0000   0.0000   0.0000   0.2075
  -6.500  -0.2230   0.12281   0.11327  -0.0012  1.0000  0.4540  -1.0518   0.0000   0.0000   0.0000   0.2252
  -6.000  -0.2357   0.12033   0.11105   0.0039  1.0000  0.4806  -1.0635   0.0000   0.0000   0.0000   0.2495
  -5.500  -0.2299   0.11599   0.10691   0.0082  1.0000  0.5159  -1.0485   0.0000   0.0000   0.0000   0.2697
  -5.000  -0.2317   0.11243   0.10354   0.0129  1.0000  0.5496  -1.0430   0.0000   0.0000   0.0000   0.2913
  -4.500  -0.2369   0.10914   0.10048   0.0178  1.0000  0.5819  -1.0414   0.0000   0.0000   0.0000   0.3122
  -3.500  -0.3791   0.10055   0.09217   0.0064  1.0000  0.3197  -1.4104   0.0000   0.0000   0.0000   0.2601
  -3.000  -0.3831   0.09227   0.08381  -0.0036  1.0000  0.2929  -1.5169   0.0000   0.0000   0.0000   0.2342
  -2.500  -0.3709   0.08682   0.07838  -0.0072  1.0000  0.2973  -1.5377   0.0000   0.0000   0.0000   0.2246
  -2.000  -0.3408   0.07967   0.07101  -0.0176  1.0000  0.2957  -1.5764   0.0000   0.0000   0.0000   0.1922
  -1.500  -0.2948   0.07388   0.06493  -0.0288  0.9987  0.3049  -1.5735   0.0000   0.0000   0.0000   0.1460
  -1.000  -0.1822   0.07006   0.06062  -0.0487  0.9654  0.3253  -1.4698   0.0000   0.0000   0.0000  -0.0260
  -0.500  -0.0803   0.06725   0.05735  -0.0645  0.9319  0.3495  -1.3491   0.0000   0.0000   0.0000  -0.5681
   0.000   0.0062   0.06599   0.05575  -0.0747  0.8981  0.3783  -1.2144   0.0000   0.0000   0.0000  12.3895
   0.500   0.0884   0.06538   0.05481  -0.0832  0.8639  0.4109  -1.0772   0.0000   0.0000   0.0000   1.1947
   1.000   0.1703   0.06534   0.05439  -0.0911  0.8299  0.4474  -0.9370   0.0000   0.0000   0.0000   0.7834
   1.500   0.2363   0.06599   0.05500  -0.0943  0.7968  0.4948  -0.8023   0.0000   0.0000   0.0000   0.6459
   2.000   0.2994   0.06682   0.05578  -0.0970  0.7642  0.5487  -0.8374   0.0000   0.0000   0.0000   0.5695
   2.500   0.3531   0.06784   0.05690  -0.0977  0.7328  0.6154  -0.8918   0.0000   0.0000   0.0000   0.5212
   3.000   0.4002   0.06861   0.05798  -0.0963  0.7041  0.7119  -0.9460   0.0000   0.0000   0.0000   0.4844
   3.500   0.4235   0.06884   0.05887  -0.0928  0.6760  1.0000  -0.9737   0.0000   0.0000   0.0000   0.4622
   4.000   0.5054   0.07327   0.06218  -0.1035  0.6438  1.0000  -1.0480   0.0000   0.0000   0.0000   0.4474
   4.500   0.5543   0.07728   0.06564  -0.1055  0.6168  1.0000  -1.1065   0.0000   0.0000   0.0000   0.4323
   5.000   0.5800   0.08219   0.07023  -0.1055  0.5917  1.0000  -1.1361   0.0000   0.0000   0.0000   0.4233
   5.500   0.6064   0.08727   0.07507  -0.1056  0.5688  1.0000  -1.1645   0.0000   0.0000   0.0000   0.4148
   6.000   0.6291   0.09275   0.08035  -0.1055  0.5480  1.0000  -1.1852   0.0000   0.0000   0.0000   0.4079
   6.500   0.6538   0.09834   0.08578  -0.1056  0.5289  1.0000  -1.2106   0.0000   0.0000   0.0000   0.4011
   7.000   0.6644   0.10478   0.09214  -0.1057  0.5121  1.0000  -1.2139   0.0000   0.0000   0.0000   0.3981
   7.500   0.6862   0.11097   0.09822  -0.1062  0.4968  1.0000  -1.2378   0.0000   0.0000   0.0000   0.3931
   8.000   0.6934   0.11800   0.10519  -0.1069  0.4850  1.0000  -1.2349   0.0000   0.0000   0.0000   0.3920
   8.500   0.7048   0.12492   0.11207  -0.1078  0.4743  1.0000  -1.2352   0.0000   0.0000   0.0000   0.3902
   9.000   0.7096   0.13213   0.11927  -0.1091  0.4674  1.0000  -1.2204   0.0000   0.0000   0.0000   0.3905
   9.500   0.7138   0.13968   0.12684  -0.1111  0.4677  1.0000  -1.2056   0.0000   0.0000   0.0000   0.3919
  10.000   0.7195   0.14737   0.13453  -0.1137  0.4734  1.0000  -1.1876   0.0000   0.0000   0.0000   0.3937
  11.500   0.7231   0.17120   0.15850  -0.1258  0.5617  1.0000  -1.0935   0.0000   0.0000   0.0000   0.4079
  12.000   0.7418   0.17636   0.16363  -0.1272  0.5465  1.0000  -1.1057   0.0000   0.0000   0.0000   0.4047
  12.500   0.7698   0.18311   0.17038  -0.1290  0.5298  1.0000  -1.1295   0.0000   0.0000   0.0000   0.4000
  13.000   0.7877   0.18830   0.17556  -0.1307  0.5177  1.0000  -1.1374   0.0000   0.0000   0.0000   0.3976
  13.500   0.8085   0.19349   0.18073  -0.1324  0.5005  1.0000  -1.1601   0.0000   0.0000   0.0000   0.3945
  14.000   0.8339   0.20012   0.18734  -0.1343  0.4860  1.0000  -1.1871   0.0000   0.0000   0.0000   0.3910
  14.500   0.8525   0.20538   0.19260  -0.1364  0.4745  1.0000  -1.2028   0.0000   0.0000   0.0000   0.3891
  15.000   0.8695   0.20979   0.19702  -0.1383  0.4594  1.0000  -1.2254   0.0000   0.0000   0.0000   0.3873
  15.500   0.8961   0.21669   0.20403  -0.1403  0.4435  1.0000  -1.2634   0.0000   0.0000   0.0000   0.3839
  16.000   0.9163   0.22247   0.20983  -0.1426  0.4324  1.0000  -1.2947   0.0000   0.0000   0.0000   0.3821
  16.500   0.9358   0.22808   0.21545  -0.1450  0.4205  1.0000  -1.3259   0.0000   0.0000   0.0000   0.3804
  17.000   0.9497   0.23147   0.21885  -0.1475  0.4059  1.0000  -1.3440   0.0000   0.0000   0.0000   0.3797
  17.500   0.9685   0.23675   0.22417  -0.1501  0.3943  1.0000  -1.3679   0.0000   0.0000   0.0000   0.3784
  18.000   0.9874   0.24228   0.22974  -0.1528  0.3844  1.0000  -1.3883   0.0000   0.0000   0.0000   0.3771
  18.500   1.0058   0.24733   0.23484  -0.1555  0.3717  1.0000  -1.4059   0.0000   0.0000   0.0000   0.3759
  19.000   1.0259   0.25295   0.24051  -0.1581  0.3580  1.0000  -1.4253   0.0000   0.0000   0.0000   0.3743
  19.500   1.0424   0.25784   0.24553  -0.1612  0.3488  1.0000  -1.4310   0.0000   0.0000   0.0000   0.3737
  20.000   1.0599   0.26316   0.25091  -0.1643  0.3403  1.0000  -1.4354   0.0000   0.0000   0.0000   0.3730


