xflr5 v6.61

 Calculated polar for: E63_14_00

 1 1 Reynolds number fixed          Mach number fixed         

 xtrf =   1.000 (top)        1.000 (bottom)
 Mach =   0.200     Re =     0.060 e 6     Ncrit =   7.000

  alpha     CL        CD       CDp       Cm    Top Xtr Bot Xtr   Cpmin    Chinge    XCp    
 ------- -------- --------- --------- -------- ------- ------- -------- --------- ---------
 -29.000  -0.7613   0.33434   0.32585   0.0501  1.0000  0.0466  -1.5853   0.0000   0.0000   0.0000   0.2714
 -28.500  -0.7459   0.32763   0.31912   0.0470  1.0000  0.0475  -1.5394   0.0000   0.0000   0.0000   0.2696
 -28.000  -0.7313   0.32262   0.31411   0.0435  1.0000  0.0486  -1.5113   0.0000   0.0000   0.0000   0.2671
 -27.500  -0.7167   0.31792   0.30940   0.0399  1.0000  0.0499  -1.4908   0.0000   0.0000   0.0000   0.2641
 -27.000  -0.7021   0.31324   0.30470   0.0362  1.0000  0.0513  -1.4745   0.0000   0.0000   0.0000   0.2610
 -26.500  -0.6875   0.30865   0.30010   0.0325  1.0000  0.0531  -1.4627   0.0000   0.0000   0.0000   0.2575
 -26.000  -0.6735   0.30471   0.29617   0.0284  1.0000  0.0549  -1.4671   0.0000   0.0000   0.0000   0.2532
 -25.500  -0.6611   0.30237   0.29383   0.0238  1.0000  0.0556  -1.4901   0.0000   0.0000   0.0000   0.2481
 -24.500  -0.6302   0.29046   0.28197   0.0175  1.0000  0.0566  -1.4656   0.0000   0.0000   0.0000   0.2412
 -24.000  -0.6132   0.28421   0.27570   0.0150  1.0000  0.0579  -1.4281   0.0000   0.0000   0.0000   0.2385
 -21.500  -0.3355   0.22559   0.21848  -0.0184  1.0000  0.0673  -0.9079   0.0000   0.0000   0.0000   0.1730
 -21.000  -0.3256   0.22138   0.21428  -0.0194  1.0000  0.0695  -0.8929   0.0000   0.0000   0.0000   0.1681
 -20.500  -0.3176   0.21782   0.21073  -0.0208  1.0000  0.0728  -0.8949   0.0000   0.0000   0.0000   0.1625
 -20.000  -0.3150   0.21619   0.20910  -0.0228  1.0000  0.0753  -0.9409   0.0000   0.0000   0.0000   0.1555
 -19.500  -0.3088   0.21247   0.20541  -0.0241  1.0000  0.0763  -0.9550   0.0000   0.0000   0.0000   0.1497
 -19.000  -0.2954   0.20678   0.19971  -0.0244  1.0000  0.0784  -0.9098   0.0000   0.0000   0.0000   0.1452
 -18.500  -0.2867   0.20305   0.19600  -0.0251  1.0000  0.0811  -0.8986   0.0000   0.0000   0.0000   0.1399
 -18.000  -0.2803   0.19985   0.19282  -0.0262  1.0000  0.0841  -0.9222   0.0000   0.0000   0.0000   0.1342
 -17.500  -0.2792   0.19817   0.19115  -0.0278  1.0000  0.0860  -0.9796   0.0000   0.0000   0.0000   0.1282
 -17.000  -0.2768   0.19563   0.18865  -0.0289  1.0000  0.0868  -1.0233   0.0000   0.0000   0.0000   0.1232
 -16.500  -0.2615   0.18945   0.18251  -0.0284  1.0000  0.0892  -0.9775   0.0000   0.0000   0.0000   0.1186
 -16.000  -0.2542   0.18608   0.17916  -0.0287  1.0000  0.0924  -0.9789   0.0000   0.0000   0.0000   0.1142
 -15.500  -0.2524   0.18385   0.17696  -0.0296  1.0000  0.0958  -1.0151   0.0000   0.0000   0.0000   0.1101
 -15.000  -0.2597   0.18375   0.17688  -0.0311  1.0000  0.0970  -1.0975   0.0000   0.0000   0.0000   0.1081
 -14.500  -0.2429   0.17676   0.16992  -0.0300  1.0000  0.0994  -1.0438   0.0000   0.0000   0.0000   0.1036
 -14.000  -0.2365   0.17293   0.16614  -0.0298  1.0000  0.1035  -1.0407   0.0000   0.0000   0.0000   0.1011
 -13.500  -0.2424   0.17057   0.16380  -0.0308  1.0000  0.1072  -1.1070   0.0000   0.0000   0.0000   0.1008
 -13.000  -0.2360   0.16524   0.15855  -0.0303  1.0000  0.1094  -1.1086   0.0000   0.0000   0.0000   0.0994
 -12.500  -0.2295   0.16067   0.15403  -0.0295  1.0000  0.1151  -1.1001   0.0000   0.0000   0.0000   0.0993
 -12.000  -0.2464   0.15835   0.15176  -0.0309  1.0000  0.1186  -1.2272   0.0000   0.0000   0.0000   0.1043
 -11.500  -0.2330   0.15219   0.14568  -0.0290  1.0000  0.1284  -1.2150   0.0000   0.0000   0.0000   0.1049
 -11.000  -0.2339   0.14782   0.14140  -0.0281  1.0000  0.1394  -1.2618   0.0000   0.0000   0.0000   0.1101
 -10.500  -0.2429   0.14442   0.13809  -0.0275  1.0000  0.1510  -1.3246   0.0000   0.0000   0.0000   0.1189
 -10.000  -0.2303   0.13846   0.13221  -0.0251  1.0000  0.1601  -1.2928   0.0000   0.0000   0.0000   0.1231
  -9.500  -0.2375   0.13405   0.12789  -0.0241  1.0000  0.1636  -1.3304   0.0000   0.0000   0.0000   0.1322
  -9.000  -0.2334   0.12942   0.12332  -0.0218  1.0000  0.1697  -1.3036   0.0000   0.0000   0.0000   0.1410
  -8.500  -0.2584   0.12652   0.12056  -0.0210  1.0000  0.1734  -1.3821   0.0000   0.0000   0.0000   0.1553
  -8.000  -0.2440   0.12106   0.11518  -0.0177  1.0000  0.1783  -1.3010   0.0000   0.0000   0.0000   0.1643
  -7.500  -0.2680   0.11815   0.11241  -0.0161  1.0000  0.1837  -1.3544   0.0000   0.0000   0.0000   0.1790
  -7.000  -0.2672   0.11350   0.10789  -0.0131  1.0000  0.1869  -1.3129   0.0000   0.0000   0.0000   0.1909
  -6.500  -0.2893   0.11069   0.10523  -0.0104  1.0000  0.1943  -1.3384   0.0000   0.0000   0.0000   0.2052
  -6.000  -0.2878   0.10656   0.10122  -0.0076  0.9992  0.2011  -1.2852   0.0000   0.0000   0.0000   0.2156
  -5.500  -0.2657   0.09951   0.09417  -0.0150  0.9842  0.2091  -1.2508   0.0000   0.0000   0.0000   0.1855
  -4.500  -0.3252   0.07231   0.06628  -0.0476  0.9754  0.1274  -1.9296   0.0000   0.0000   0.0000   0.0941
  -4.000  -0.2188   0.04847   0.04102  -0.0879  0.9637  0.1300  -2.1562   0.0000   0.0000   0.0000  -0.1662
  -3.500  -0.1367   0.04539   0.03766  -0.0963  0.9463  0.1451  -1.9880   0.0000   0.0000   0.0000  -0.4745
  -3.000  -0.0438   0.04175   0.03342  -0.1065  0.9301  0.1669  -1.8285   0.0000   0.0000   0.0000  -2.2367
  -2.500   0.0427   0.03921   0.03041  -0.1137  0.9114  0.1892  -1.6590   0.0000   0.0000   0.0000   2.9599
  -2.000   0.1258   0.03733   0.02818  -0.1193  0.8912  0.2122  -1.5018   0.0000   0.0000   0.0000   1.2103
  -1.500   0.2089   0.03574   0.02626  -0.1241  0.8700  0.2391  -1.3318   0.0000   0.0000   0.0000   0.8490
  -1.000   0.2881   0.03446   0.02499  -0.1274  0.8481  0.2667  -1.1516   0.0000   0.0000   0.0000   0.6937
  -0.500   0.3681   0.03307   0.02358  -0.1303  0.8259  0.3003  -0.9737   0.0000   0.0000   0.0000   0.6037
   0.000   0.4485   0.03156   0.02213  -0.1327  0.8038  0.3421  -0.8563   0.0000   0.0000   0.0000   0.5442
   0.500   0.5316   0.02980   0.02049  -0.1349  0.7816  0.3957  -0.9480   0.0000   0.0000   0.0000   0.5010
   1.000   0.6061   0.02839   0.01927  -0.1356  0.7537  0.4639  -1.0359   0.0000   0.0000   0.0000   0.4702
   1.500   0.6953   0.02637   0.01758  -0.1381  0.7279  0.5702  -1.1480   0.0000   0.0000   0.0000   0.4442
   2.000   0.7640   0.02480   0.01653  -0.1367  0.6960  0.7335  -1.2510   0.0000   0.0000   0.0000   0.4239
   2.500   0.8329   0.02376   0.01540  -0.1365  0.6589  1.0000  -1.3592   0.0000   0.0000   0.0000   0.4081
   3.000   0.9112   0.02388   0.01496  -0.1389  0.6187  1.0000  -1.4785   0.0000   0.0000   0.0000   0.3959
   3.500   0.9728   0.02453   0.01520  -0.1386  0.5779  1.0000  -1.5823   0.0000   0.0000   0.0000   0.3853
   4.000   1.0322   0.02535   0.01561  -0.1380  0.5398  1.0000  -1.6854   0.0000   0.0000   0.0000   0.3759
   4.500   1.0842   0.02644   0.01641  -0.1363  0.5041  1.0000  -1.7808   0.0000   0.0000   0.0000   0.3672
   5.000   1.1349   0.02767   0.01735  -0.1346  0.4717  1.0000  -1.8831   0.0000   0.0000   0.0000   0.3594
   5.500   1.1866   0.02897   0.01837  -0.1330  0.4426  1.0000  -1.9957   0.0000   0.0000   0.0000   0.3522
   6.000   1.2286   0.03051   0.01983  -0.1301  0.4150  1.0000  -2.0960   0.0000   0.0000   0.0000   0.3452
   6.500   1.2733   0.03204   0.02117  -0.1276  0.3901  1.0000  -2.2035   0.0000   0.0000   0.0000   0.3388
   7.000   1.3155   0.03371   0.02273  -0.1248  0.3676  1.0000  -2.3151   0.0000   0.0000   0.0000   0.3328
   7.500   1.3527   0.03561   0.02470  -0.1214  0.3472  1.0000  -2.4192   0.0000   0.0000   0.0000   0.3269
   8.000   1.3901   0.03773   0.02683  -0.1183  0.3297  1.0000  -2.5316   0.0000   0.0000   0.0000   0.3215
   8.500   1.4269   0.04005   0.02920  -0.1152  0.3142  1.0000  -2.6441   0.0000   0.0000   0.0000   0.3163
   9.000   1.4651   0.04243   0.03157  -0.1124  0.3000  1.0000  -2.7601   0.0000   0.0000   0.0000   0.3115
   9.500   1.4794   0.04535   0.03473  -0.1064  0.2869  1.0000  -2.8359   0.0000   0.0000   0.0000   0.3060
  10.000   1.4917   0.04848   0.03806  -0.1007  0.2748  1.0000  -2.9083   0.0000   0.0000   0.0000   0.3007
  10.500   1.4991   0.05205   0.04186  -0.0949  0.2641  1.0000  -2.9821   0.0000   0.0000   0.0000   0.2957
  11.000   1.5032   0.05613   0.04624  -0.0895  0.2549  1.0000  -3.0699   0.0000   0.0000   0.0000   0.2911
  11.500   1.5181   0.06003   0.05027  -0.0856  0.2462  1.0000  -3.1810   0.0000   0.0000   0.0000   0.2871
  12.000   1.3351   0.08026   0.07145  -0.0781  0.2425  1.0000  -2.8075   0.0000   0.0000   0.0000   0.2884
  12.500   1.0652   0.13374   0.12547  -0.1027  0.2267  1.0000  -1.9980   0.0000   0.0000   0.0000   0.3271
  13.000   1.0386   0.14806   0.13987  -0.1096  0.2189  1.0000  -1.9008   0.0000   0.0000   0.0000   0.3358
  13.500   1.0566   0.15443   0.14628  -0.1110  0.2133  1.0000  -1.9613   0.0000   0.0000   0.0000   0.3345
  14.000   1.0396   0.16669   0.15860  -0.1178  0.2060  1.0000  -1.8776   0.0000   0.0000   0.0000   0.3423
  14.500   1.0505   0.17463   0.16659  -0.1209  0.2020  1.0000  -1.8942   0.0000   0.0000   0.0000   0.3434
  15.000   1.0436   0.18541   0.17745  -0.1273  0.2005  1.0000  -1.8225   0.0000   0.0000   0.0000   0.3498
  15.500   1.0694   0.19045   0.18253  -0.1282  0.1921  1.0000  -1.9001   0.0000   0.0000   0.0000   0.3465
  16.000   1.0731   0.19982   0.19197  -0.1334  0.1921  1.0000  -1.8561   0.0000   0.0000   0.0000   0.3503
  17.000   1.0630   0.22229   0.21464  -0.1493  0.2230  1.0000  -1.6138   0.0000   0.0000   0.0000   0.3655
  17.500   1.0774   0.22825   0.22064  -0.1527  0.2157  1.0000  -1.6069   0.0000   0.0000   0.0000   0.3658
  18.000   1.0886   0.23458   0.22708  -0.1569  0.2110  1.0000  -1.5774   0.0000   0.0000   0.0000   0.3672
  18.500   1.1089   0.24070   0.23325  -0.1593  0.2020  1.0000  -1.6563   0.0000   0.0000   0.0000   0.3656
  19.000   1.1291   0.24659   0.23920  -0.1617  0.1928  1.0000  -1.7401   0.0000   0.0000   0.0000   0.3641
  19.500   1.1338   0.25192   0.24456  -0.1675  0.1891  1.0000  -1.7340   0.0000   0.0000   0.0000   0.3676
  20.000   1.1533   0.25796   0.25067  -0.1703  0.1829  1.0000  -1.8081   0.0000   0.0000   0.0000   0.3663


