xflr5 v6.61

 Calculated polar for: E63_12_00

 1 1 Reynolds number fixed          Mach number fixed         

 xtrf =   1.000 (top)        1.000 (bottom)
 Mach =   0.200     Re =     0.070 e 6     Ncrit =   9.000

  alpha     CL        CD       CDp       Cm    Top Xtr Bot Xtr   Cpmin    Chinge    XCp    
 ------- -------- --------- --------- -------- ------- ------- -------- --------- ---------
 -18.000  -0.4640   0.22358   0.21620  -0.0129  1.0000  0.0675  -1.3610   0.0000   0.0000   0.0000   0.1994
 -17.500  -0.4478   0.21781   0.21043  -0.0143  1.0000  0.0699  -1.3284   0.0000   0.0000   0.0000   0.1954
 -17.000  -0.4337   0.21262   0.20529  -0.0163  1.0000  0.0729  -1.3226   0.0000   0.0000   0.0000   0.1902
 -16.500  -0.4256   0.20953   0.20226  -0.0195  1.0000  0.0753  -1.3730   0.0000   0.0000   0.0000   0.1828
 -16.000  -0.4146   0.20405   0.19686  -0.0215  1.0000  0.0763  -1.3872   0.0000   0.0000   0.0000   0.1772
 -15.500  -0.3939   0.19615   0.18899  -0.0213  1.0000  0.0793  -1.3031   0.0000   0.0000   0.0000   0.1748
 -15.000  -0.3814   0.19109   0.18400  -0.0227  1.0000  0.0841  -1.2896   0.0000   0.0000   0.0000   0.1697
 -14.500  -0.3865   0.19083   0.18383  -0.0265  1.0000  0.0864  -1.3946   0.0000   0.0000   0.0000   0.1621
 -14.000  -0.3585   0.17999   0.17301  -0.0250  1.0000  0.0894  -1.2703   0.0000   0.0000   0.0000   0.1601
 -13.500  -0.3465   0.17461   0.16769  -0.0257  1.0000  0.0935  -1.2650   0.0000   0.0000   0.0000   0.1561
 -13.000  -0.3471   0.17176   0.16494  -0.0281  1.0000  0.0968  -1.3466   0.0000   0.0000   0.0000   0.1504
 -12.500  -0.3315   0.16419   0.15744  -0.0278  1.0000  0.0987  -1.3228   0.0000   0.0000   0.0000   0.1475
 -12.000  -0.3181   0.15833   0.15165  -0.0275  1.0000  0.1029  -1.2966   0.0000   0.0000   0.0000   0.1453
 -11.500  -0.3205   0.15496   0.14838  -0.0290  1.0000  0.1072  -1.3627   0.0000   0.0000   0.0000   0.1423
 -11.000  -0.3087   0.14815   0.14166  -0.0284  1.0000  0.1096  -1.3453   0.0000   0.0000   0.0000   0.1410
 -10.500  -0.2982   0.14263   0.13622  -0.0275  1.0000  0.1146  -1.3210   0.0000   0.0000   0.0000   0.1411
 -10.000  -0.3144   0.14057   0.13432  -0.0291  1.0000  0.1185  -1.4280   0.0000   0.0000   0.0000   0.1428
  -9.750  -0.3002   0.13563   0.12941  -0.0277  1.0000  0.1200  -1.3782   0.0000   0.0000   0.0000   0.1427
  -9.500  -0.2918   0.13245   0.12627  -0.0266  1.0000  0.1226  -1.3449   0.0000   0.0000   0.0000   0.1440
  -9.250  -0.2903   0.13010   0.12397  -0.0260  1.0000  0.1257  -1.3454   0.0000   0.0000   0.0000   0.1458
  -9.000  -0.2989   0.12880   0.12276  -0.0263  1.0000  0.1286  -1.3914   0.0000   0.0000   0.0000   0.1484
  -8.750  -0.3183   0.12867   0.12274  -0.0270  1.0000  0.1295  -1.4775   0.0000   0.0000   0.0000   0.1529
  -8.500  -0.2937   0.12295   0.11699  -0.0245  1.0000  0.1323  -1.3812   0.0000   0.0000   0.0000   0.1536
  -8.250  -0.2918   0.12057   0.11467  -0.0234  1.0000  0.1358  -1.3733   0.0000   0.0000   0.0000   0.1572
  -8.000  -0.3027   0.11931   0.11350  -0.0231  1.0000  0.1393  -1.4181   0.0000   0.0000   0.0000   0.1619
  -7.750  -0.3261   0.11917   0.11349  -0.0231  1.0000  0.1403  -1.5045   0.0000   0.0000   0.0000   0.1687
  -7.500  -0.3014   0.11391   0.10823  -0.0206  1.0000  0.1440  -1.4140   0.0000   0.0000   0.0000   0.1708
  -7.250  -0.3061   0.11205   0.10645  -0.0193  1.0000  0.1483  -1.4269   0.0000   0.0000   0.0000   0.1766
  -7.000  -0.3288   0.11164   0.10616  -0.0185  1.0000  0.1507  -1.4988   0.0000   0.0000   0.0000   0.1845
  -6.750  -0.3229   0.10811   0.10269  -0.0167  1.0000  0.1535  -1.4791   0.0000   0.0000   0.0000   0.1894
  -6.500  -0.3247   0.10605   0.10070  -0.0147  1.0000  0.1586  -1.4777   0.0000   0.0000   0.0000   0.1963
  -6.250  -0.3495   0.10564   0.10041  -0.0127  1.0000  0.1613  -1.5405   0.0000   0.0000   0.0000   0.2060
  -6.000  -0.3776   0.10518   0.10008  -0.0124  1.0000  0.1622  -1.6216   0.0000   0.0000   0.0000   0.2106
  -5.750  -0.3577   0.10107   0.09598  -0.0082  1.0000  0.1695  -1.5763   0.0000   0.0000   0.0000   0.2203
  -5.500  -0.3811   0.10002   0.09505  -0.0096  1.0000  0.1728  -1.6584   0.0000   0.0000   0.0000   0.2187
  -5.250  -0.3749   0.09733   0.09240  -0.0061  1.0000  0.1818  -1.6362   0.0000   0.0000   0.0000   0.2279
  -5.000  -0.3778   0.09535   0.09049  -0.0047  1.0000  0.1921  -1.6413   0.0000   0.0000   0.0000   0.2321
  -4.750  -0.3802   0.09315   0.08835  -0.0036  1.0000  0.2004  -1.6472   0.0000   0.0000   0.0000   0.2351
  -3.750  -0.3766   0.08381   0.07918  -0.0051  1.0000  0.2330  -1.6469   0.0000   0.0000   0.0000   0.2321
  -3.500  -0.3688   0.08085   0.07623  -0.0088  1.0000  0.2411  -1.6495   0.0000   0.0000   0.0000   0.2218
  -3.250  -0.3555   0.07788   0.07324  -0.0136  1.0000  0.2508  -1.6416   0.0000   0.0000   0.0000   0.2076
  -2.750  -0.2089   0.05540   0.04979  -0.0622  0.9942  0.1750  -1.7969   0.0000   0.0000   0.0000  -0.0552
  -2.500  -0.0994   0.04325   0.03634  -0.0883  0.9895  0.1556  -1.8182   0.0000   0.0000   0.0000  -0.6536
  -2.250  -0.0221   0.03873   0.03072  -0.1008  0.9822  0.1625  -1.7144   0.0000   0.0000   0.0000  -4.3766
  -2.000   0.0292   0.03815   0.03006  -0.1058  0.9718  0.1757  -1.5529   0.0000   0.0000   0.0000   3.9129
  -1.750   0.0837   0.03732   0.02886  -0.1114  0.9616  0.1949  -1.4732   0.0000   0.0000   0.0000   1.5950
  -1.500   0.1291   0.03705   0.02863  -0.1149  0.9497  0.2146  -1.3730   0.0000   0.0000   0.0000   1.1475
  -1.250   0.1749   0.03647   0.02794  -0.1185  0.9375  0.2336  -1.2815   0.0000   0.0000   0.0000   0.9319
  -1.000   0.2214   0.03599   0.02737  -0.1220  0.9253  0.2550  -1.1833   0.0000   0.0000   0.0000   0.8035
  -0.750   0.2683   0.03553   0.02687  -0.1253  0.9133  0.2779  -1.0960   0.0000   0.0000   0.0000   0.7184
  -0.500   0.3158   0.03503   0.02632  -0.1286  0.9014  0.3026  -1.0085   0.0000   0.0000   0.0000   0.6577
  -0.250   0.3631   0.03450   0.02580  -0.1317  0.8897  0.3296  -0.9171   0.0000   0.0000   0.0000   0.6123
   0.000   0.4051   0.03401   0.02534  -0.1338  0.8762  0.3585  -0.8325   0.0000   0.0000   0.0000   0.5793
   0.250   0.4464   0.03350   0.02494  -0.1356  0.8622  0.3927  -0.7603   0.0000   0.0000   0.0000   0.5523
   0.500   0.4916   0.03280   0.02439  -0.1377  0.8495  0.4319  -0.8055   0.0000   0.0000   0.0000   0.5283
   0.750   0.5388   0.03193   0.02367  -0.1399  0.8374  0.4826  -0.8548   0.0000   0.0000   0.0000   0.5073
   1.000   0.5857   0.03087   0.02287  -0.1416  0.8256  0.5512  -0.9051   0.0000   0.0000   0.0000   0.4891
   1.250   0.6301   0.02951   0.02191  -0.1424  0.8142  0.6483  -0.9564   0.0000   0.0000   0.0000   0.4730
   1.500   0.6503   0.02833   0.02131  -0.1388  0.7988  0.7954  -0.9885   0.0000   0.0000   0.0000   0.4600
   1.750   0.6974   0.02691   0.01972  -0.1405  0.7855  1.0000  -1.0450   0.0000   0.0000   0.0000   0.4478
   2.000   0.7532   0.02580   0.01835  -0.1436  0.7731  1.0000  -1.1125   0.0000   0.0000   0.0000   0.4366
   2.250   0.8134   0.02454   0.01690  -0.1473  0.7604  1.0000  -1.1914   0.0000   0.0000   0.0000   0.4267
   2.500   0.8602   0.02387   0.01610  -0.1491  0.7417  1.0000  -1.2576   0.0000   0.0000   0.0000   0.4186
   2.750   0.9129   0.02312   0.01519  -0.1518  0.7224  1.0000  -1.3307   0.0000   0.0000   0.0000   0.4112
   3.000   0.9609   0.02261   0.01452  -0.1538  0.7002  1.0000  -1.3997   0.0000   0.0000   0.0000   0.4047
   3.250   1.0040   0.02238   0.01411  -0.1552  0.6761  1.0000  -1.4660   0.0000   0.0000   0.0000   0.3989
   3.500   1.0447   0.02234   0.01385  -0.1562  0.6513  1.0000  -1.5328   0.0000   0.0000   0.0000   0.3935
   3.750   1.0748   0.02264   0.01398  -0.1557  0.6256  1.0000  -1.5912   0.0000   0.0000   0.0000   0.3885
   4.000   1.1051   0.02300   0.01418  -0.1552  0.6007  1.0000  -1.6510   0.0000   0.0000   0.0000   0.3837
   4.250   1.1348   0.02343   0.01442  -0.1547  0.5767  1.0000  -1.7106   0.0000   0.0000   0.0000   0.3793
   4.500   1.1630   0.02395   0.01475  -0.1539  0.5537  1.0000  -1.7685   0.0000   0.0000   0.0000   0.3750
   4.750   1.1893   0.02455   0.01517  -0.1530  0.5316  1.0000  -1.8254   0.0000   0.0000   0.0000   0.3709
   5.000   1.2139   0.02520   0.01569  -0.1517  0.5104  1.0000  -1.8837   0.0000   0.0000   0.0000   0.3670
   5.250   1.2374   0.02591   0.01633  -0.1504  0.4903  1.0000  -1.9406   0.0000   0.0000   0.0000   0.3632
   5.500   1.2613   0.02665   0.01695  -0.1492  0.4713  1.0000  -1.9983   0.0000   0.0000   0.0000   0.3595
   5.750   1.2884   0.02737   0.01748  -0.1485  0.4537  1.0000  -2.0632   0.0000   0.0000   0.0000   0.3561
   6.000   1.3080   0.02823   0.01832  -0.1466  0.4362  1.0000  -2.1198   0.0000   0.0000   0.0000   0.3526
   6.250   1.3343   0.02902   0.01895  -0.1458  0.4204  1.0000  -2.1876   0.0000   0.0000   0.0000   0.3495
   6.500   1.3536   0.02997   0.01991  -0.1440  0.4050  1.0000  -2.2437   0.0000   0.0000   0.0000   0.3462
   6.750   1.3769   0.03089   0.02076  -0.1428  0.3908  1.0000  -2.3066   0.0000   0.0000   0.0000   0.3432
   7.000   1.4024   0.03184   0.02170  -0.1420  0.3777  1.0000  -2.3730   0.0000   0.0000   0.0000   0.3404
   7.250   1.4232   0.03289   0.02275  -0.1405  0.3650  1.0000  -2.4317   0.0000   0.0000   0.0000   0.3375
   7.500   1.4427   0.03398   0.02387  -0.1388  0.3528  1.0000  -2.4919   0.0000   0.0000   0.0000   0.3346
   7.750   1.4626   0.03509   0.02500  -0.1372  0.3413  1.0000  -2.5727   0.0000   0.0000   0.0000   0.3318
   8.000   1.4829   0.03626   0.02618  -0.1357  0.3306  1.0000  -2.6548   0.0000   0.0000   0.0000   0.3292
   8.250   1.5035   0.03744   0.02737  -0.1343  0.3204  1.0000  -2.7381   0.0000   0.0000   0.0000   0.3266
   8.500   1.5257   0.03864   0.02856  -0.1331  0.3108  1.0000  -2.8254   0.0000   0.0000   0.0000   0.3241
   8.750   1.5424   0.04001   0.03003  -0.1312  0.3019  1.0000  -2.9005   0.0000   0.0000   0.0000   0.3215
   9.000   1.5536   0.04158   0.03178  -0.1285  0.2935  1.0000  -2.9635   0.0000   0.0000   0.0000   0.3188
   9.250   1.5680   0.04310   0.03341  -0.1263  0.2855  1.0000  -3.0343   0.0000   0.0000   0.0000   0.3163
   9.500   1.5901   0.04444   0.03472  -0.1252  0.2777  1.0000  -3.1234   0.0000   0.0000   0.0000   0.3141
   9.750   1.5971   0.04625   0.03684  -0.1221  0.2708  1.0000  -3.1769   0.0000   0.0000   0.0000   0.3114
  10.000   1.6047   0.04817   0.03894  -0.1192  0.2645  1.0000  -3.2319   0.0000   0.0000   0.0000   0.3089
  10.250   1.6343   0.04935   0.04000  -0.1193  0.2571  1.0000  -3.3402   0.0000   0.0000   0.0000   0.3071
  10.500   1.6146   0.05210   0.04322  -0.1130  0.2525  1.0000  -3.3315   0.0000   0.0000   0.0000   0.3038
  10.750   1.6430   0.05340   0.04444  -0.1129  0.2458  1.0000  -3.4367   0.0000   0.0000   0.0000   0.3020
  11.000   1.6136   0.05660   0.04807  -0.1059  0.2427  1.0000  -3.4045   0.0000   0.0000   0.0000   0.2987
  11.250   1.6042   0.05926   0.05096  -0.1017  0.2388  1.0000  -3.4191   0.0000   0.0000   0.0000   0.2960
  11.500   1.6145   0.06141   0.05317  -0.0998  0.2342  1.0000  -3.4794   0.0000   0.0000   0.0000   0.2940
  11.750   1.5673   0.06605   0.05819  -0.0930  0.2327  1.0000  -3.4022   0.0000   0.0000   0.0000   0.2912
  12.000   1.5083   0.07256   0.06506  -0.0879  0.2319  1.0000  -3.2897   0.0000   0.0000   0.0000   0.2898
  12.250   1.3894   0.08727   0.08017  -0.0869  0.2339  1.0000  -3.0022   0.0000   0.0000   0.0000   0.2939
  12.500   1.0949   0.14697   0.14000  -0.1204  0.2459  1.0000  -1.9569   0.0000   0.0000   0.0000   0.3428
  18.000   0.8744   0.23060   0.22545  -0.1420  0.1963  1.0000  -1.2051   0.0000   0.0000   0.0000   0.3907
  18.500   0.8826   0.23733   0.23227  -0.1442  0.1902  1.0000  -1.2309   0.0000   0.0000   0.0000   0.3908
  19.000   0.8991   0.24475   0.23984  -0.1453  0.1813  1.0000  -1.2917   0.0000   0.0000   0.0000   0.3881


