xflr5 v6.61

 Calculated polar for: E63_7_00

 1 1 Reynolds number fixed          Mach number fixed         

 xtrf =   1.000 (top)        1.000 (bottom)
 Mach =   0.200     Re =     0.080 e 6     Ncrit =   9.000

  alpha     CL        CD       CDp       Cm    Top Xtr Bot Xtr   Cpmin    Chinge    XCp    
 ------- -------- --------- --------- -------- ------- ------- -------- --------- ---------
 -16.500  -0.4963   0.20855   0.20198  -0.0086  1.0000  0.0391  -1.2667   0.0000   0.0000   0.0000   0.2237
 -16.000  -0.4819   0.20270   0.19616  -0.0103  1.0000  0.0410  -1.2509   0.0000   0.0000   0.0000   0.2199
 -15.500  -0.4682   0.19715   0.19065  -0.0122  1.0000  0.0429  -1.2579   0.0000   0.0000   0.0000   0.2155
 -15.000  -0.4556   0.19213   0.18566  -0.0144  1.0000  0.0448  -1.2886   0.0000   0.0000   0.0000   0.2102
 -14.500  -0.3371   0.17717   0.17132  -0.0232  1.0000  0.0476  -1.0488   0.0000   0.0000   0.0000   0.1759
 -14.000  -0.3300   0.17248   0.16664  -0.0235  1.0000  0.0496  -1.0381   0.0000   0.0000   0.0000   0.1737
 -13.500  -0.3246   0.16811   0.16229  -0.0240  1.0000  0.0518  -1.0474   0.0000   0.0000   0.0000   0.1711
 -13.000  -0.3206   0.16394   0.15815  -0.0247  1.0000  0.0541  -1.0738   0.0000   0.0000   0.0000   0.1679
 -12.500  -0.3217   0.16118   0.15543  -0.0260  1.0000  0.0554  -1.1422   0.0000   0.0000   0.0000   0.1641
 -12.000  -0.3293   0.15973   0.15404  -0.0277  1.0000  0.0558  -1.2376   0.0000   0.0000   0.0000   0.1614
 -11.500  -0.3058   0.14891   0.14325  -0.0257  1.0000  0.0583  -1.0993   0.0000   0.0000   0.0000   0.1612
 -11.000  -0.2993   0.14364   0.13803  -0.0255  1.0000  0.0611  -1.0784   0.0000   0.0000   0.0000   0.1602
 -10.500  -0.2963   0.13892   0.13338  -0.0257  1.0000  0.0641  -1.0912   0.0000   0.0000   0.0000   0.1586
 -10.000  -0.3030   0.13622   0.13077  -0.0269  1.0000  0.0656  -1.1689   0.0000   0.0000   0.0000   0.1570
  -9.750  -0.3505   0.13445   0.12861  -0.0248  1.0000  0.0648  -1.2910   0.0000   0.0000   0.0000   0.1735
  -9.500  -0.2897   0.12830   0.12288  -0.0253  1.0000  0.0678  -1.0903   0.0000   0.0000   0.0000   0.1585
  -9.250  -0.3596   0.13300   0.12730  -0.0266  1.0000  0.0657  -1.3911   0.0000   0.0000   0.0000   0.1709
  -9.000  -0.2845   0.12302   0.11768  -0.0243  1.0000  0.0724  -1.0602   0.0000   0.0000   0.0000   0.1606
  -8.750  -0.3369   0.12328   0.11758  -0.0239  1.0000  0.0692  -1.2400   0.0000   0.0000   0.0000   0.1739
  -8.500  -0.2951   0.12042   0.11521  -0.0248  1.0000  0.0753  -1.1552   0.0000   0.0000   0.0000   0.1625
  -8.250  -0.3350   0.11906   0.11347  -0.0235  1.0000  0.0739  -1.2620   0.0000   0.0000   0.0000   0.1751
  -8.000  -0.2839   0.11299   0.10787  -0.0225  1.0000  0.0787  -1.1134   0.0000   0.0000   0.0000   0.1673
  -7.750  -0.3540   0.11847   0.11309  -0.0238  1.0000  0.0756  -1.3919   0.0000   0.0000   0.0000   0.1786
  -7.500  -0.2848   0.10835   0.10335  -0.0210  1.0000  0.0837  -1.1280   0.0000   0.0000   0.0000   0.1734
  -7.250  -0.3325   0.10954   0.10421  -0.0206  1.0000  0.0806  -1.2903   0.0000   0.0000   0.0000   0.1839
  -7.000  -0.3062   0.10657   0.10174  -0.0200  1.0000  0.0861  -1.2326   0.0000   0.0000   0.0000   0.1824
  -6.750  -0.3430   0.10661   0.10144  -0.0186  1.0000  0.0849  -1.3412   0.0000   0.0000   0.0000   0.1923
  -6.500  -0.2973   0.09940   0.09467  -0.0168  1.0000  0.0894  -1.1923   0.0000   0.0000   0.0000   0.1913
  -6.250  -0.3685   0.10598   0.10104  -0.0193  1.0000  0.0864  -1.4801   0.0000   0.0000   0.0000   0.1947
  -6.000  -0.3078   0.09562   0.09103  -0.0134  1.0000  0.0939  -1.2130   0.0000   0.0000   0.0000   0.2045
  -5.750  -0.3546   0.09813   0.09327  -0.0132  1.0000  0.0908  -1.3807   0.0000   0.0000   0.0000   0.2098
  -5.500  -0.3320   0.09383   0.08943  -0.0144  1.0000  0.0968  -1.3314   0.0000   0.0000   0.0000   0.2051
  -5.250  -0.3557   0.09455   0.08984  -0.0182  1.0000  0.0966  -1.4720   0.0000   0.0000   0.0000   0.1964
  -4.750  -0.3476   0.08832   0.08371  -0.0153  1.0000  0.1007  -1.4359   0.0000   0.0000   0.0000   0.2035
  -4.500  -0.3403   0.08571   0.08114  -0.0173  1.0000  0.1051  -1.4446   0.0000   0.0000   0.0000   0.1969
  -4.250  -0.3249   0.08232   0.07778  -0.0248  1.0000  0.1087  -1.5014   0.0000   0.0000   0.0000   0.1714
  -4.000  -0.3204   0.07956   0.07507  -0.0216  1.0000  0.1118  -1.4559   0.0000   0.0000   0.0000   0.1803
  -3.750  -0.2911   0.07567   0.07115  -0.0328  1.0000  0.1194  -1.5095   0.0000   0.0000   0.0000   0.1350
  -3.500  -0.2870   0.07301   0.06854  -0.0290  1.0000  0.1226  -1.4572   0.0000   0.0000   0.0000   0.1465
  -3.250  -0.2562   0.06903   0.06447  -0.0375  1.0000  0.1311  -1.4712   0.0000   0.0000   0.0000   0.1011
  -3.000  -0.2234   0.06525   0.06063  -0.0449  1.0000  0.1413  -1.4637   0.0000   0.0000   0.0000   0.0461
  -2.750  -0.2314   0.05923   0.05509  -0.0329  1.0000  0.1445  -1.3181   0.0000   0.0000   0.0000   0.1060
  -2.500  -0.1658   0.05848   0.05378  -0.0540  1.0000  0.1637  -1.3958   0.0000   0.0000   0.0000  -0.0789
  -1.750   0.1100   0.03406   0.02699  -0.1090  1.0000  0.0857  -1.7390   0.0000   0.0000   0.0000   1.2452
  -1.500   0.1638   0.03080   0.02313  -0.1148  1.0000  0.0824  -1.6873   0.0000   0.0000   0.0000   0.9540
  -1.250   0.2131   0.02851   0.02009  -0.1190  1.0000  0.0841  -1.6866   0.0000   0.0000   0.0000   0.8105
  -1.000   0.2521   0.02716   0.01841  -0.1212  1.0000  0.0923  -1.6409   0.0000   0.0000   0.0000   0.7320
  -0.750   0.2874   0.02634   0.01743  -0.1227  1.0000  0.1165  -1.5812   0.0000   0.0000   0.0000   0.6776
  -0.500   0.3170   0.02621   0.01739  -0.1237  1.0000  0.1580  -1.4520   0.0000   0.0000   0.0000   0.6405
  -0.250   0.3476   0.02611   0.01743  -0.1248  1.0000  0.2148  -1.3048   0.0000   0.0000   0.0000   0.6091
   0.000   0.3788   0.02602   0.01762  -0.1261  1.0000  0.3023  -1.1419   0.0000   0.0000   0.0000   0.5825
   0.250   0.4096   0.02595   0.01801  -0.1272  1.0000  0.4339  -0.9666   0.0000   0.0000   0.0000   0.5598
   0.500   0.4368   0.02495   0.01834  -0.1265  0.9923  1.0000  -0.8286   0.0000   0.0000   0.0000   0.5387
   0.750   0.4901   0.02580   0.01866  -0.1319  0.9800  1.0000  -0.6272   0.0000   0.0000   0.0000   0.5178
   1.000   0.5370   0.02634   0.01891  -0.1359  0.9657  1.0000  -0.6304   0.0000   0.0000   0.0000   0.5016
   1.250   0.5855   0.02672   0.01908  -0.1400  0.9526  1.0000  -0.6761   0.0000   0.0000   0.0000   0.4873
   1.500   0.6305   0.02694   0.01917  -0.1434  0.9384  1.0000  -0.7211   0.0000   0.0000   0.0000   0.4753
   1.750   0.6762   0.02702   0.01915  -0.1466  0.9240  1.0000  -0.7703   0.0000   0.0000   0.0000   0.4644
   2.000   0.7257   0.02688   0.01893  -0.1501  0.9109  1.0000  -0.8292   0.0000   0.0000   0.0000   0.4543
   2.250   0.7676   0.02667   0.01870  -0.1522  0.8944  1.0000  -0.8866   0.0000   0.0000   0.0000   0.4454
   2.500   0.8159   0.02618   0.01821  -0.1550  0.8803  1.0000  -0.9534   0.0000   0.0000   0.0000   0.4369
   2.750   0.8612   0.02559   0.01768  -0.1571  0.8651  1.0000  -1.0195   0.0000   0.0000   0.0000   0.4291
   3.000   0.9067   0.02481   0.01695  -0.1590  0.8495  1.0000  -1.0936   0.0000   0.0000   0.0000   0.4217
   3.250   0.9584   0.02356   0.01578  -0.1613  0.8363  1.0000  -1.1796   0.0000   0.0000   0.0000   0.4144
   3.500   1.0029   0.02249   0.01484  -0.1624  0.8178  1.0000  -1.2650   0.0000   0.0000   0.0000   0.4078
   3.750   1.0538   0.02121   0.01367  -0.1645  0.7981  1.0000  -1.3605   0.0000   0.0000   0.0000   0.4016
   4.000   1.1072   0.02002   0.01261  -0.1670  0.7730  1.0000  -1.4918   0.0000   0.0000   0.0000   0.3960
   4.250   1.1564   0.01916   0.01177  -0.1688  0.7385  1.0000  -1.6250   0.0000   0.0000   0.0000   0.3909
   4.500   1.1976   0.01884   0.01136  -0.1694  0.6946  1.0000  -1.7462   0.0000   0.0000   0.0000   0.3861
   4.750   1.2294   0.01901   0.01138  -0.1687  0.6454  1.0000  -1.8517   0.0000   0.0000   0.0000   0.3815
   5.000   1.2582   0.01945   0.01165  -0.1676  0.5961  1.0000  -1.9942   0.0000   0.0000   0.0000   0.3771
   5.250   1.2812   0.02014   0.01213  -0.1656  0.5474  1.0000  -2.1474   0.0000   0.0000   0.0000   0.3729
   5.500   1.3028   0.02097   0.01272  -0.1636  0.5019  1.0000  -2.2991   0.0000   0.0000   0.0000   0.3689
   5.750   1.3230   0.02189   0.01342  -0.1615  0.4593  1.0000  -2.4486   0.0000   0.0000   0.0000   0.3650
   6.000   1.3432   0.02291   0.01420  -0.1595  0.4206  1.0000  -2.6122   0.0000   0.0000   0.0000   0.3614
   6.250   1.3623   0.02398   0.01512  -0.1573  0.3843  1.0000  -2.7867   0.0000   0.0000   0.0000   0.3578
   6.500   1.3810   0.02508   0.01608  -0.1552  0.3510  1.0000  -2.9632   0.0000   0.0000   0.0000   0.3544
   6.750   1.3981   0.02617   0.01702  -0.1529  0.3195  1.0000  -3.1378   0.0000   0.0000   0.0000   0.3510
   7.000   1.4138   0.02722   0.01807  -0.1504  0.2902  1.0000  -3.3112   0.0000   0.0000   0.0000   0.3477
   7.250   1.4267   0.02820   0.01904  -0.1475  0.2617  1.0000  -3.4758   0.0000   0.0000   0.0000   0.3443
   7.500   1.4399   0.02923   0.02000  -0.1448  0.2366  1.0000  -3.6449   0.0000   0.0000   0.0000   0.3411
   7.750   1.4548   0.03041   0.02116  -0.1424  0.2146  1.0000  -3.8165   0.0000   0.0000   0.0000   0.3381
   8.000   1.4703   0.03171   0.02253  -0.1401  0.1944  1.0000  -3.9855   0.0000   0.0000   0.0000   0.3351
   8.250   1.4849   0.03314   0.02403  -0.1376  0.1750  1.0000  -4.1459   0.0000   0.0000   0.0000   0.3321
   8.500   1.4954   0.03458   0.02551  -0.1346  0.1553  1.0000  -4.2893   0.0000   0.0000   0.0000   0.3291
   8.750   1.5054   0.03631   0.02724  -0.1316  0.1365  1.0000  -4.4180   0.0000   0.0000   0.0000   0.3261
   9.000   1.5128   0.03818   0.02911  -0.1282  0.1189  1.0000  -4.5240   0.0000   0.0000   0.0000   0.3231
   9.250   1.5204   0.04044   0.03150  -0.1249  0.1026  1.0000  -4.6011   0.0000   0.0000   0.0000   0.3201
   9.500   1.5320   0.04309   0.03420  -0.1223  0.0897  1.0000  -4.6722   0.0000   0.0000   0.0000   0.3174
   9.750   1.5486   0.04625   0.03761  -0.1204  0.0804  1.0000  -4.7361   0.0000   0.0000   0.0000   0.3149
  10.000   1.5686   0.04986   0.04139  -0.1192  0.0747  1.0000  -4.8197   0.0000   0.0000   0.0000   0.3128
  10.250   1.5773   0.05324   0.04520  -0.1164  0.0709  1.0000  -4.8983   0.0000   0.0000   0.0000   0.3102
  10.500   1.5933   0.05648   0.04841  -0.1153  0.0666  1.0000  -5.0660   0.0000   0.0000   0.0000   0.3084
  10.750   1.5822   0.05963   0.05209  -0.1103  0.0651  1.0000  -5.0688   0.0000   0.0000   0.0000   0.3054
  11.000   1.5702   0.06311   0.05604  -0.1059  0.0636  1.0000  -5.0707   0.0000   0.0000   0.0000   0.3028
  11.250   1.5573   0.06685   0.06018  -0.1020  0.0624  1.0000  -5.0714   0.0000   0.0000   0.0000   0.3005
  11.500   1.5424   0.07095   0.06464  -0.0988  0.0615  1.0000  -5.0618   0.0000   0.0000   0.0000   0.2987
  11.750   1.5242   0.07554   0.06958  -0.0962  0.0612  1.0000  -5.0305   0.0000   0.0000   0.0000   0.2974
  12.000   1.5023   0.08070   0.07508  -0.0944  0.0611  1.0000  -4.9756   0.0000   0.0000   0.0000   0.2967
  12.250   1.4772   0.08654   0.08124  -0.0939  0.0613  1.0000  -4.8981   0.0000   0.0000   0.0000   0.2970
  12.500   1.4492   0.09319   0.08819  -0.0948  0.0617  1.0000  -4.7970   0.0000   0.0000   0.0000   0.2985
  12.750   1.4192   0.10086   0.09614  -0.0976  0.0623  1.0000  -4.6704   0.0000   0.0000   0.0000   0.3015
  13.000   1.3884   0.10975   0.10525  -0.1023  0.0632  1.0000  -4.5159   0.0000   0.0000   0.0000   0.3061
  13.250   1.3596   0.11955   0.11522  -0.1085  0.0644  1.0000  -4.3460   0.0000   0.0000   0.0000   0.3118
  13.500   1.3356   0.12967   0.12543  -0.1153  0.0655  1.0000  -4.1774   0.0000   0.0000   0.0000   0.3181
  13.750   1.3168   0.13966   0.13547  -0.1219  0.0663  1.0000  -4.0168   0.0000   0.0000   0.0000   0.3241


