xflr5 v6.61

 Calculated polar for: E63_14_00

 1 1 Reynolds number fixed          Mach number fixed         

 xtrf =   1.000 (top)        1.000 (bottom)
 Mach =   0.200     Re =     0.025 e 6     Ncrit =   7.000

  alpha     CL        CD       CDp       Cm    Top Xtr Bot Xtr   Cpmin    Chinge    XCp    
 ------- -------- --------- --------- -------- ------- ------- -------- --------- ---------
 -27.500  -0.7205   0.32251   0.30935   0.0388  1.0000  0.0992  -1.4720   0.0000   0.0000   0.0000   0.2627
 -27.000  -0.7052   0.31707   0.30387   0.0354  1.0000  0.1018  -1.4468   0.0000   0.0000   0.0000   0.2598
 -26.500  -0.6907   0.31279   0.29959   0.0317  1.0000  0.1047  -1.4312   0.0000   0.0000   0.0000   0.2564
 -26.000  -0.6777   0.31034   0.29714   0.0276  1.0000  0.1070  -1.4285   0.0000   0.0000   0.0000   0.2523
 -25.500  -0.6637   0.30607   0.29292   0.0239  1.0000  0.1085  -1.4241   0.0000   0.0000   0.0000   0.2485
 -25.000  -0.6460   0.29858   0.28543   0.0213  1.0000  0.1123  -1.3957   0.0000   0.0000   0.0000   0.2459
 -24.500  -0.6312   0.29444   0.28127   0.0179  1.0000  0.1162  -1.3940   0.0000   0.0000   0.0000   0.2420
 -24.000  -0.6193   0.29284   0.27970   0.0140  1.0000  0.1183  -1.4138   0.0000   0.0000   0.0000   0.2372
 -23.500  -0.6019   0.28545   0.27235   0.0113  1.0000  0.1204  -1.3945   0.0000   0.0000   0.0000   0.2338
 -23.000  -0.5849   0.27944   0.26636   0.0086  1.0000  0.1241  -1.3739   0.0000   0.0000   0.0000   0.2304
 -22.500  -0.5708   0.27564   0.26260   0.0054  1.0000  0.1278  -1.3735   0.0000   0.0000   0.0000   0.2258
 -22.000  -0.5603   0.27450   0.26152   0.0018  1.0000  0.1295  -1.3943   0.0000   0.0000   0.0000   0.2204
 -21.500  -0.5393   0.26494   0.25201  -0.0000  1.0000  0.1331  -1.3495   0.0000   0.0000   0.0000   0.2173
 -21.000  -0.5240   0.26023   0.24729  -0.0026  1.0000  0.1376  -1.3364   0.0000   0.0000   0.0000   0.2128
 -20.500  -0.5137   0.25850   0.24562  -0.0059  1.0000  0.1402  -1.3500   0.0000   0.0000   0.0000   0.2072
 -20.000  -0.4936   0.25001   0.23719  -0.0076  1.0000  0.1439  -1.3082   0.0000   0.0000   0.0000   0.2034
 -19.500  -0.4789   0.24543   0.23267  -0.0099  1.0000  0.1489  -1.2923   0.0000   0.0000   0.0000   0.1986
 -19.000  -0.4688   0.24283   0.23017  -0.0127  1.0000  0.1516  -1.3157   0.0000   0.0000   0.0000   0.1929
 -18.500  -0.4483   0.23467   0.22206  -0.0140  1.0000  0.1568  -1.2869   0.0000   0.0000   0.0000   0.1888
 -18.000  -0.4380   0.23173   0.21921  -0.0164  1.0000  0.1616  -1.3053   0.0000   0.0000   0.0000   0.1832
 -17.500  -0.4201   0.22464   0.21215  -0.0178  1.0000  0.1658  -1.2888   0.0000   0.0000   0.0000   0.1784
 -17.000  -0.4094   0.22114   0.20875  -0.0197  1.0000  0.1724  -1.2994   0.0000   0.0000   0.0000   0.1732
 -16.500  -0.3920   0.21440   0.20210  -0.0207  1.0000  0.1800  -1.2800   0.0000   0.0000   0.0000   0.1685
 -16.000  -0.3793   0.20940   0.19721  -0.0220  1.0000  0.1878  -1.2788   0.0000   0.0000   0.0000   0.1637
 -15.500  -0.3713   0.20599   0.19394  -0.0235  1.0000  0.1958  -1.2927   0.0000   0.0000   0.0000   0.1593
 -15.000  -0.3576   0.20043   0.18846  -0.0242  1.0000  0.2053  -1.2841   0.0000   0.0000   0.0000   0.1549
 -14.500  -0.3418   0.19381   0.18196  -0.0247  1.0000  0.2132  -1.2703   0.0000   0.0000   0.0000   0.1502
 -14.000  -0.3308   0.18852   0.17674  -0.0254  1.0000  0.2211  -1.2717   0.0000   0.0000   0.0000   0.1462
 -13.500  -0.3222   0.18374   0.17209  -0.0259  1.0000  0.2301  -1.2786   0.0000   0.0000   0.0000   0.1431
 -13.000  -0.3097   0.17805   0.16652  -0.0258  1.0000  0.2458  -1.2800   0.0000   0.0000   0.0000   0.1405
 -12.500  -0.3072   0.17462   0.16324  -0.0257  1.0000  0.2605  -1.3158   0.0000   0.0000   0.0000   0.1410
 -12.000  -0.3007   0.16975   0.15852  -0.0255  1.0000  0.2719  -1.3403   0.0000   0.0000   0.0000   0.1407
 -11.500  -0.2887   0.16345   0.15231  -0.0249  1.0000  0.2838  -1.3454   0.0000   0.0000   0.0000   0.1393
 -11.000  -0.2778   0.15757   0.14654  -0.0241  1.0000  0.2963  -1.3432   0.0000   0.0000   0.0000   0.1390
 -10.500  -0.2685   0.15223   0.14132  -0.0230  1.0000  0.3111  -1.3345   0.0000   0.0000   0.0000   0.1405
 -10.000  -0.2680   0.14837   0.13764  -0.0216  1.0000  0.3276  -1.3365   0.0000   0.0000   0.0000   0.1471
  -9.500  -0.2575   0.14287   0.13226  -0.0198  1.0000  0.3459  -1.3078   0.0000   0.0000   0.0000   0.1509
  -9.000  -0.2608   0.13940   0.12892  -0.0178  1.0000  0.3597  -1.3062   0.0000   0.0000   0.0000   0.1612
  -8.500  -0.2476   0.13335   0.12300  -0.0159  1.0000  0.3757  -1.2620   0.0000   0.0000   0.0000   0.1657
  -8.000  -0.2536   0.13018   0.12003  -0.0130  1.0000  0.3922  -1.2532   0.0000   0.0000   0.0000   0.1803
  -7.500  -0.2440   0.12479   0.11480  -0.0104  1.0000  0.4106  -1.2064   0.0000   0.0000   0.0000   0.1895
  -7.000  -0.2458   0.12102   0.11124  -0.0067  1.0000  0.4346  -1.1767   0.0000   0.0000   0.0000   0.2063
  -6.500  -0.2420   0.11654   0.10695  -0.0029  1.0000  0.4621  -1.1317   0.0000   0.0000   0.0000   0.2226
  -6.000  -0.2499   0.11344   0.10409   0.0020  1.0000  0.4909  -1.1061   0.0000   0.0000   0.0000   0.2442
  -5.500  -0.2427   0.10858   0.09941   0.0057  1.0000  0.5189  -1.0526   0.0000   0.0000   0.0000   0.2607
  -5.000  -0.2463   0.10487   0.09592   0.0106  1.0000  0.5494  -1.0166   0.0000   0.0000   0.0000   0.2815
  -4.500  -0.2458   0.10087   0.09209   0.0154  1.0000  0.5862  -0.9997   0.0000   0.0000   0.0000   0.3023
  -3.500  -0.3581   0.08859   0.07996  -0.0110  1.0000  0.2713  -1.4419   0.0000   0.0000   0.0000   0.2133
  -3.000  -0.3399   0.08210   0.07345  -0.0166  1.0000  0.2702  -1.4687   0.0000   0.0000   0.0000   0.1955
  -2.500  -0.3034   0.07463   0.06579  -0.0275  1.0000  0.2716  -1.4974   0.0000   0.0000   0.0000   0.1535
  -2.000  -0.2588   0.06852   0.05943  -0.0359  1.0000  0.2753  -1.4842   0.0000   0.0000   0.0000   0.1054
  -1.500  -0.2030   0.06344   0.05403  -0.0459  1.0000  0.2922  -1.4444   0.0000   0.0000   0.0000   0.0173
  -1.000  -0.1494   0.05995   0.05026  -0.0532  1.0000  0.3096  -1.4062   0.0000   0.0000   0.0000  -0.1132
  -0.500  -0.0942   0.05763   0.04762  -0.0602  1.0000  0.3315  -1.3511   0.0000   0.0000   0.0000  -0.3982
   0.000   0.0187   0.05745   0.04687  -0.0760  0.9718  0.3735  -1.2115   0.0000   0.0000   0.0000   4.3434
   0.500   0.1189   0.05777   0.04680  -0.0875  0.9351  0.4235  -1.0581   0.0000   0.0000   0.0000   0.9869
   1.000   0.2113   0.05833   0.04710  -0.0964  0.8984  0.4811  -0.9031   0.0000   0.0000   0.0000   0.7044
   1.500   0.2844   0.05898   0.04779  -0.1008  0.8613  0.5507  -0.7633   0.0000   0.0000   0.0000   0.6014
   2.000   0.3548   0.05945   0.04849  -0.1036  0.8258  0.6488  -0.8079   0.0000   0.0000   0.0000   0.5381
   2.500   0.3973   0.05880   0.04859  -0.1003  0.7928  0.8214  -0.8588   0.0000   0.0000   0.0000   0.4976
   3.000   0.4952   0.06097   0.04976  -0.1127  0.7504  1.0000  -0.9462   0.0000   0.0000   0.0000   0.4722
   3.500   0.5563   0.06390   0.05207  -0.1156  0.7135  1.0000  -1.0200   0.0000   0.0000   0.0000   0.4518
   4.000   0.6069   0.06705   0.05486  -0.1166  0.6787  1.0000  -1.0855   0.0000   0.0000   0.0000   0.4355
   4.500   0.6521   0.07052   0.05806  -0.1168  0.6460  1.0000  -1.1446   0.0000   0.0000   0.0000   0.4219
   5.000   0.6942   0.07427   0.06161  -0.1167  0.6156  1.0000  -1.1992   0.0000   0.0000   0.0000   0.4103
   5.500   0.7288   0.07856   0.06577  -0.1161  0.5870  1.0000  -1.2425   0.0000   0.0000   0.0000   0.4009
   6.000   0.7518   0.08376   0.07090  -0.1153  0.5607  1.0000  -1.2697   0.0000   0.0000   0.0000   0.3944
   6.500   0.7683   0.08965   0.07673  -0.1145  0.5368  1.0000  -1.2950   0.0000   0.0000   0.0000   0.3896
   7.000   0.7844   0.09583   0.08288  -0.1141  0.5152  1.0000  -1.3160   0.0000   0.0000   0.0000   0.3854
   7.500   0.8024   0.10216   0.08918  -0.1140  0.4957  1.0000  -1.3366   0.0000   0.0000   0.0000   0.3814
   8.000   0.8069   0.10959   0.09665  -0.1143  0.4793  1.0000  -1.3325   0.0000   0.0000   0.0000   0.3805
   8.500   0.8238   0.11645   0.10351  -0.1147  0.4639  1.0000  -1.3517   0.0000   0.0000   0.0000   0.3775
   9.000   0.8264   0.12431   0.11140  -0.1158  0.4520  1.0000  -1.3399   0.0000   0.0000   0.0000   0.3778
   9.500   0.8356   0.13197   0.11909  -0.1171  0.4418  1.0000  -1.3399   0.0000   0.0000   0.0000   0.3773
  10.000   0.8422   0.13929   0.12645  -0.1183  0.4300  1.0000  -1.3385   0.0000   0.0000   0.0000   0.3771
  10.500   0.8434   0.14714   0.13435  -0.1206  0.4255  1.0000  -1.3182   0.0000   0.0000   0.0000   0.3790
  11.000   0.8441   0.15651   0.14386  -0.1247  0.4413  1.0000  -1.2807   0.0000   0.0000   0.0000   0.3832
  12.500   0.8489   0.18282   0.17042  -0.1393  0.5304  1.0000  -1.1824   0.0000   0.0000   0.0000   0.3978
  13.000   0.8614   0.18726   0.17488  -0.1408  0.5139  1.0000  -1.1959   0.0000   0.0000   0.0000   0.3964
  13.500   0.8813   0.19338   0.18104  -0.1429  0.5017  1.0000  -1.2218   0.0000   0.0000   0.0000   0.3943
  14.000   0.9052   0.20013   0.18781  -0.1449  0.4854  1.0000  -1.2601   0.0000   0.0000   0.0000   0.3914
  14.500   0.9224   0.20515   0.19287  -0.1469  0.4685  1.0000  -1.2896   0.0000   0.0000   0.0000   0.3897
  15.000   0.9442   0.21170   0.19959  -0.1492  0.4555  1.0000  -1.3234   0.0000   0.0000   0.0000   0.3876
  15.500   0.9616   0.21697   0.20489  -0.1515  0.4396  1.0000  -1.3470   0.0000   0.0000   0.0000   0.3862
  16.000   0.9817   0.22280   0.21077  -0.1538  0.4239  1.0000  -1.3723   0.0000   0.0000   0.0000   0.3844
  16.500   1.0014   0.22899   0.21703  -0.1564  0.4120  1.0000  -1.3916   0.0000   0.0000   0.0000   0.3830
  17.000   1.0217   0.23536   0.22345  -0.1589  0.3980  1.0000  -1.4100   0.0000   0.0000   0.0000   0.3814
  17.500   1.0365   0.23956   0.22770  -0.1617  0.3825  1.0000  -1.4137   0.0000   0.0000   0.0000   0.3808
  18.000   1.0543   0.24530   0.23352  -0.1647  0.3717  1.0000  -1.4180   0.0000   0.0000   0.0000   0.3800
  18.500   1.0721   0.25096   0.23925  -0.1677  0.3603  1.0000  -1.4226   0.0000   0.0000   0.0000   0.3791
  19.000   1.0945   0.25799   0.24646  -0.1701  0.3454  1.0000  -1.4989   0.0000   0.0000   0.0000   0.3771
  19.500   1.1139   0.26449   0.25306  -0.1731  0.3338  1.0000  -1.5630   0.0000   0.0000   0.0000   0.3760
  20.000   1.1273   0.26850   0.25714  -0.1767  0.3243  1.0000  -1.6049   0.0000   0.0000   0.0000   0.3762


