xflr5 v6.61

 Calculated polar for: E63_7_00

 1 1 Reynolds number fixed          Mach number fixed         

 xtrf =   1.000 (top)        1.000 (bottom)
 Mach =   0.200     Re =     0.050 e 6     Ncrit =   7.000

  alpha     CL        CD       CDp       Cm    Top Xtr Bot Xtr   Cpmin    Chinge    XCp    
 ------- -------- --------- --------- -------- ------- ------- -------- --------- ---------
 -18.500  -0.5547   0.23278   0.22439  -0.0003  1.0000  0.0477  -1.3282   0.0000   0.0000   0.0000   0.2393
 -18.000  -0.5392   0.22672   0.21835  -0.0024  1.0000  0.0496  -1.2844   0.0000   0.0000   0.0000   0.2357
 -17.500  -0.5244   0.22121   0.21282  -0.0047  1.0000  0.0517  -1.2547   0.0000   0.0000   0.0000   0.2314
 -17.000  -0.5103   0.21610   0.20774  -0.0072  1.0000  0.0539  -1.2570   0.0000   0.0000   0.0000   0.2266
 -16.500  -0.4984   0.21234   0.20404  -0.0102  1.0000  0.0553  -1.3014   0.0000   0.0000   0.0000   0.2208
 -16.000  -0.4904   0.21041   0.20217  -0.0134  1.0000  0.0558  -1.3702   0.0000   0.0000   0.0000   0.2144
 -15.500  -0.4693   0.19941   0.19121  -0.0135  1.0000  0.0578  -1.2920   0.0000   0.0000   0.0000   0.2128
 -15.000  -0.4550   0.19343   0.18526  -0.0149  1.0000  0.0605  -1.2763   0.0000   0.0000   0.0000   0.2090
 -14.500  -0.4426   0.18818   0.18007  -0.0167  1.0000  0.0634  -1.2846   0.0000   0.0000   0.0000   0.2043
 -14.000  -0.4337   0.18445   0.17641  -0.0191  1.0000  0.0653  -1.3282   0.0000   0.0000   0.0000   0.1984
 -13.500  -0.4246   0.17965   0.17165  -0.0210  1.0000  0.0662  -1.3565   0.0000   0.0000   0.0000   0.1933
 -13.000  -0.4067   0.17129   0.16332  -0.0208  1.0000  0.0695  -1.2853   0.0000   0.0000   0.0000   0.1915
 -12.500  -0.3966   0.16625   0.15835  -0.0221  1.0000  0.0737  -1.2855   0.0000   0.0000   0.0000   0.1873
 -12.000  -0.3963   0.16445   0.15666  -0.0246  1.0000  0.0756  -1.3579   0.0000   0.0000   0.0000   0.1814
 -11.500  -0.3759   0.15487   0.14714  -0.0236  1.0000  0.0798  -1.2635   0.0000   0.0000   0.0000   0.1805
 -11.000  -0.3682   0.15009   0.14245  -0.0245  1.0000  0.0846  -1.2626   0.0000   0.0000   0.0000   0.1771
 -10.500  -0.3721   0.14831   0.14081  -0.0265  1.0000  0.0864  -1.3339   0.0000   0.0000   0.0000   0.1729
 -10.000  -0.3510   0.13886   0.13142  -0.0250  1.0000  0.0908  -1.2310   0.0000   0.0000   0.0000   0.1728
  -9.500  -0.3477   0.13471   0.12739  -0.0255  1.0000  0.0958  -1.2393   0.0000   0.0000   0.0000   0.1710
  -9.000  -0.3450   0.12993   0.12276  -0.0257  1.0000  0.0982  -1.2699   0.0000   0.0000   0.0000   0.1703
  -8.500  -0.3345   0.12388   0.11674  -0.0244  1.0000  0.1040  -1.2517   0.0000   0.0000   0.0000   0.1719
  -8.000  -0.3466   0.12216   0.11523  -0.0247  1.0000  0.1076  -1.3383   0.0000   0.0000   0.0000   0.1743
  -7.500  -0.3310   0.11451   0.10767  -0.0223  1.0000  0.1130  -1.2946   0.0000   0.0000   0.0000   0.1781
  -7.000  -0.3459   0.11246   0.10585  -0.0208  1.0000  0.1181  -1.3624   0.0000   0.0000   0.0000   0.1861
  -6.500  -0.3408   0.10652   0.10006  -0.0179  1.0000  0.1227  -1.3495   0.0000   0.0000   0.0000   0.1939
  -6.000  -0.3541   0.10392   0.09768  -0.0171  1.0000  0.1289  -1.4097   0.0000   0.0000   0.0000   0.1987
  -5.500  -0.3476   0.09802   0.09192  -0.0148  1.0000  0.1347  -1.3949   0.0000   0.0000   0.0000   0.2048
  -5.000  -0.3452   0.09334   0.08741  -0.0171  1.0000  0.1419  -1.4367   0.0000   0.0000   0.0000   0.1979
  -4.500  -0.3335   0.08794   0.08213  -0.0197  1.0000  0.1525  -1.4488   0.0000   0.0000   0.0000   0.1884
  -4.000  -0.3183   0.08231   0.07661  -0.0197  1.0000  0.1683  -1.4186   0.0000   0.0000   0.0000   0.1856
  -3.500  -0.2937   0.07641   0.07073  -0.0240  1.0000  0.1886  -1.4024   0.0000   0.0000   0.0000   0.1658
  -2.500  -0.0750   0.05066   0.04386  -0.0788  1.0000  0.0966  -1.7516   0.0000   0.0000   0.0000  -0.8081
  -2.000   0.0570   0.03918   0.03125  -0.1014  1.0000  0.0812  -1.8055   0.0000   0.0000   0.0000   2.0391
  -1.500   0.1751   0.03206   0.02237  -0.1160  1.0000  0.0858  -1.8117   0.0000   0.0000   0.0000   0.9154
  -1.000   0.2421   0.03042   0.02039  -0.1196  1.0000  0.1324  -1.6198   0.0000   0.0000   0.0000   0.7453
  -0.500   0.3092   0.02898   0.01861  -0.1220  1.0000  0.1983  -1.4254   0.0000   0.0000   0.0000   0.6450
   0.000   0.3698   0.02847   0.01839  -0.1237  1.0000  0.3427  -1.1226   0.0000   0.0000   0.0000   0.5843
   0.500   0.4056   0.02714   0.01885  -0.1200  1.0000  0.9178  -0.8833   0.0000   0.0000   0.0000   0.5448
   1.000   0.4792   0.02904   0.01981  -0.1256  0.9848  1.0000  -0.5914   0.0000   0.0000   0.0000   0.5104
   1.500   0.5697   0.03049   0.02074  -0.1333  0.9557  1.0000  -0.6746   0.0000   0.0000   0.0000   0.4820
   2.000   0.6579   0.03133   0.02132  -0.1399  0.9247  1.0000  -0.7674   0.0000   0.0000   0.0000   0.4600
   2.500   0.7446   0.03163   0.02152  -0.1453  0.8918  1.0000  -0.8778   0.0000   0.0000   0.0000   0.4420
   3.000   0.8330   0.03123   0.02118  -0.1498  0.8575  1.0000  -1.0036   0.0000   0.0000   0.0000   0.4262
   3.500   0.9137   0.03038   0.02050  -0.1519  0.8182  1.0000  -1.1407   0.0000   0.0000   0.0000   0.4121
   4.000   1.0033   0.02856   0.01896  -0.1540  0.7786  1.0000  -1.3087   0.0000   0.0000   0.0000   0.3988
   4.500   1.0988   0.02643   0.01715  -0.1562  0.7274  1.0000  -1.5436   0.0000   0.0000   0.0000   0.3869
   5.000   1.1797   0.02541   0.01619  -0.1563  0.6525  1.0000  -1.7817   0.0000   0.0000   0.0000   0.3766
   5.500   1.2435   0.02587   0.01648  -0.1544  0.5632  1.0000  -2.0777   0.0000   0.0000   0.0000   0.3677
   6.000   1.2917   0.02746   0.01779  -0.1510  0.4778  1.0000  -2.3945   0.0000   0.0000   0.0000   0.3597
   6.500   1.3355   0.02960   0.01969  -0.1476  0.4031  1.0000  -2.7150   0.0000   0.0000   0.0000   0.3526
   7.000   1.3769   0.03213   0.02205  -0.1441  0.3395  1.0000  -3.0739   0.0000   0.0000   0.0000   0.3461
   7.500   1.4175   0.03501   0.02506  -0.1407  0.2860  1.0000  -3.4328   0.0000   0.0000   0.0000   0.3400
   8.000   1.4519   0.03808   0.02821  -0.1365  0.2390  1.0000  -3.7700   0.0000   0.0000   0.0000   0.3340
   8.500   1.4725   0.04108   0.03131  -0.1306  0.1957  1.0000  -4.0609   0.0000   0.0000   0.0000   0.3280
   9.000   1.4865   0.04443   0.03478  -0.1242  0.1585  1.0000  -4.3146   0.0000   0.0000   0.0000   0.3221
   9.500   1.4898   0.04812   0.03861  -0.1169  0.1279  1.0000  -4.5132   0.0000   0.0000   0.0000   0.3162
  10.000   1.4996   0.05353   0.04447  -0.1108  0.1042  1.0000  -4.6526   0.0000   0.0000   0.0000   0.3109
  10.500   1.5072   0.05969   0.05112  -0.1054  0.0882  1.0000  -4.7600   0.0000   0.0000   0.0000   0.3062
  11.000   1.5006   0.06771   0.05991  -0.0998  0.0803  1.0000  -4.7770   0.0000   0.0000   0.0000   0.3021
  11.500   1.4899   0.07601   0.06868  -0.0956  0.0758  1.0000  -4.8404   0.0000   0.0000   0.0000   0.2990
  12.000   1.4469   0.08698   0.08041  -0.0933  0.0749  1.0000  -4.7144   0.0000   0.0000   0.0000   0.2985
  12.500   1.3972   0.10039   0.09439  -0.0960  0.0751  1.0000  -4.5297   0.0000   0.0000   0.0000   0.3021
  13.000   1.3455   0.11710   0.11148  -0.1047  0.0759  1.0000  -4.2694   0.0000   0.0000   0.0000   0.3105
  14.000   1.2279   0.17274   0.16704  -0.1448  0.0831  1.0000  -2.9971   0.0000   0.0000   0.0000   0.3506
  14.500   1.2223   0.18759   0.18181  -0.1541  0.0829  1.0000  -2.7719   0.0000   0.0000   0.0000   0.3582
  15.000   1.2245   0.20045   0.19464  -0.1619  0.0838  1.0000  -2.6238   0.0000   0.0000   0.0000   0.3638
  15.500   1.2347   0.21159   0.20579  -0.1677  0.0858  1.0000  -2.5536   0.0000   0.0000   0.0000   0.3667


