xflr5 v6.61

 Calculated polar for: E63_14_00

 1 1 Reynolds number fixed          Mach number fixed         

 xtrf =   1.000 (top)        1.000 (bottom)
 Mach =   0.200     Re =     0.090 e 6     Ncrit =   7.000

  alpha     CL        CD       CDp       Cm    Top Xtr Bot Xtr   Cpmin    Chinge    XCp    
 ------- -------- --------- --------- -------- ------- ------- -------- --------- ---------
 -27.000  -0.7064   0.31452   0.30755   0.0352  1.0000  0.0377  -1.6016   0.0000   0.0000   0.0000   0.2592
 -26.500  -0.6899   0.30775   0.30078   0.0327  1.0000  0.0384  -1.5346   0.0000   0.0000   0.0000   0.2575
 -26.000  -0.6745   0.30269   0.29572   0.0295  1.0000  0.0393  -1.4911   0.0000   0.0000   0.0000   0.2548
 -25.500  -0.6592   0.29784   0.29089   0.0262  1.0000  0.0404  -1.4585   0.0000   0.0000   0.0000   0.2516
 -25.000  -0.6440   0.29297   0.28602   0.0228  1.0000  0.0417  -1.4320   0.0000   0.0000   0.0000   0.2481
 -24.500  -0.6288   0.28809   0.28115   0.0194  1.0000  0.0434  -1.4193   0.0000   0.0000   0.0000   0.2442
 -24.000  -0.6144   0.28371   0.27675   0.0155  1.0000  0.0452  -1.4544   0.0000   0.0000   0.0000   0.2393
 -23.500  -0.6022   0.28086   0.27392   0.0111  1.0000  0.0458  -1.5172   0.0000   0.0000   0.0000   0.2333
 -23.000  -0.5917   0.27872   0.27180   0.0069  1.0000  0.0460  -1.5780   0.0000   0.0000   0.0000   0.2272
 -22.500  -0.5731   0.26987   0.26299   0.0048  1.0000  0.0464  -1.5401   0.0000   0.0000   0.0000   0.2244
 -22.000  -0.5541   0.26250   0.25564   0.0033  1.0000  0.0474  -1.4678   0.0000   0.0000   0.0000   0.2223
 -21.500  -0.5375   0.25717   0.25032   0.0010  1.0000  0.0487  -1.4295   0.0000   0.0000   0.0000   0.2188
 -21.000  -0.5216   0.25204   0.24519  -0.0015  1.0000  0.0502  -1.4065   0.0000   0.0000   0.0000   0.2146
 -20.500  -0.5062   0.24687   0.24006  -0.0041  1.0000  0.0521  -1.3938   0.0000   0.0000   0.0000   0.2099
 -20.000  -0.4917   0.24180   0.23502  -0.0069  1.0000  0.0542  -1.3983   0.0000   0.0000   0.0000   0.2044
 -19.500  -0.4804   0.23780   0.23105  -0.0105  1.0000  0.0554  -1.4440   0.0000   0.0000   0.0000   0.1971
 -19.000  -0.4733   0.23519   0.22849  -0.0143  1.0000  0.0558  -1.5097   0.0000   0.0000   0.0000   0.1895
 -18.500  -0.4517   0.22595   0.21930  -0.0148  1.0000  0.0566  -1.4256   0.0000   0.0000   0.0000   0.1869
 -18.000  -0.4329   0.22003   0.21342  -0.0156  1.0000  0.0590  -1.3414   0.0000   0.0000   0.0000   0.1840
 -17.500  -0.4183   0.21492   0.20832  -0.0174  1.0000  0.0626  -1.3298   0.0000   0.0000   0.0000   0.1788
 -17.000  -0.4085   0.21043   0.20388  -0.0203  1.0000  0.0652  -1.3879   0.0000   0.0000   0.0000   0.1713
 -16.500  -0.4046   0.20718   0.20068  -0.0236  1.0000  0.0657  -1.4781   0.0000   0.0000   0.0000   0.1635
 -16.000  -0.3854   0.19911   0.19268  -0.0239  1.0000  0.0665  -1.4310   0.0000   0.0000   0.0000   0.1597
 -15.500  -0.3674   0.19295   0.18656  -0.0240  1.0000  0.0682  -1.3700   0.0000   0.0000   0.0000   0.1564
 -15.000  -0.3539   0.18763   0.18130  -0.0249  1.0000  0.0706  -1.3497   0.0000   0.0000   0.0000   0.1517
 -14.500  -0.3436   0.18238   0.17611  -0.0262  1.0000  0.0735  -1.3591   0.0000   0.0000   0.0000   0.1462
 -14.000  -0.3427   0.17817   0.17197  -0.0289  1.0000  0.0754  -1.4425   0.0000   0.0000   0.0000   0.1394
 -13.500  -0.3465   0.17420   0.16810  -0.0313  1.0000  0.0758  -1.5369   0.0000   0.0000   0.0000   0.1346
 -13.000  -0.3181   0.16544   0.15936  -0.0291  1.0000  0.0776  -1.4016   0.0000   0.0000   0.0000   0.1326
 -12.500  -0.3064   0.16003   0.15401  -0.0288  1.0000  0.0802  -1.3698   0.0000   0.0000   0.0000   0.1304
 -12.000  -0.3015   0.15476   0.14882  -0.0294  1.0000  0.0843  -1.3915   0.0000   0.0000   0.0000   0.1278
 -11.500  -0.3127   0.15006   0.14422  -0.0316  1.0000  0.0862  -1.5220   0.0000   0.0000   0.0000   0.1260
 -11.000  -0.2992   0.14295   0.13719  -0.0302  1.0000  0.0879  -1.5243   0.0000   0.0000   0.0000   0.1263
 -10.500  -0.2935   0.13794   0.13226  -0.0292  1.0000  0.0952  -1.5535   0.0000   0.0000   0.0000   0.1285
  -9.000  -0.3200   0.11856   0.11309  -0.0295  1.0000  0.0857  -1.9215   0.0000   0.0000   0.0000   0.1401
  -8.500  -0.3317   0.11322   0.10787  -0.0285  1.0000  0.0872  -1.9776   0.0000   0.0000   0.0000   0.1477
  -8.000  -0.3383   0.11056   0.10533  -0.0261  1.0000  0.0966  -1.9379   0.0000   0.0000   0.0000   0.1582
  -7.500  -0.3525   0.10574   0.10063  -0.0240  1.0000  0.0964  -1.9743   0.0000   0.0000   0.0000   0.1688
  -7.000  -0.3704   0.10129   0.09630  -0.0211  1.0000  0.0961  -2.0075   0.0000   0.0000   0.0000   0.1812
  -6.500  -0.3714   0.09497   0.09004  -0.0246  0.9931  0.0957  -2.0430   0.0000   0.0000   0.0000   0.1725
  -6.000  -0.3434   0.08520   0.08019  -0.0373  0.9785  0.0948  -2.0676   0.0000   0.0000   0.0000   0.1296
  -5.500  -0.3111   0.06992   0.06477  -0.0593  0.9609  0.0949  -2.2002   0.0000   0.0000   0.0000   0.0467
  -5.000  -0.2252   0.03858   0.03149  -0.1069  0.9512  0.0993  -2.5757   0.0000   0.0000   0.0000  -0.2438
  -4.500  -0.1441   0.03395   0.02604  -0.1152  0.9389  0.1090  -2.4508   0.0000   0.0000   0.0000  -0.5761
  -4.000  -0.0660   0.03195   0.02375  -0.1201  0.9248  0.1214  -2.2489   0.0000   0.0000   0.0000  -1.6206
  -3.500   0.0163   0.03078   0.02229  -0.1251  0.9111  0.1416  -2.0133   0.0000   0.0000   0.0000   8.0846
  -3.000   0.0893   0.02974   0.02112  -0.1280  0.8939  0.1611  -1.7932   0.0000   0.0000   0.0000   1.7086
  -2.500   0.1704   0.02844   0.01976  -0.1318  0.8793  0.1807  -1.5920   0.0000   0.0000   0.0000   1.0341
  -2.000   0.2435   0.02715   0.01840  -0.1340  0.8607  0.2002  -1.4097   0.0000   0.0000   0.0000   0.8055
  -1.500   0.3272   0.02557   0.01678  -0.1375  0.8464  0.2244  -1.2116   0.0000   0.0000   0.0000   0.6723
  -1.000   0.4000   0.02422   0.01543  -0.1390  0.8270  0.2509  -1.0325   0.0000   0.0000   0.0000   0.5976
  -0.500   0.4771   0.02281   0.01412  -0.1409  0.8072  0.2839  -0.8649   0.0000   0.0000   0.0000   0.5442
   0.000   0.5582   0.02135   0.01278  -0.1434  0.7851  0.3256  -0.9545   0.0000   0.0000   0.0000   0.5047
   0.500   0.6424   0.02005   0.01163  -0.1465  0.7579  0.3787  -1.0511   0.0000   0.0000   0.0000   0.4750
   1.000   0.7220   0.01920   0.01096  -0.1491  0.7229  0.4510  -1.1520   0.0000   0.0000   0.0000   0.4526
   1.500   0.8006   0.01865   0.01053  -0.1514  0.6834  0.5494  -1.2611   0.0000   0.0000   0.0000   0.4346
   2.000   0.8583   0.01842   0.01052  -0.1498  0.6407  0.6803  -1.3604   0.0000   0.0000   0.0000   0.4193
   2.500   0.8999   0.01802   0.01033  -0.1447  0.5997  1.0000  -1.4455   0.0000   0.0000   0.0000   0.4048
   3.000   0.9570   0.01872   0.01052  -0.1441  0.5578  1.0000  -1.5457   0.0000   0.0000   0.0000   0.3939
   3.500   1.0101   0.01953   0.01089  -0.1427  0.5196  1.0000  -1.6436   0.0000   0.0000   0.0000   0.3839
   4.000   1.0581   0.02045   0.01147  -0.1404  0.4838  1.0000  -1.7370   0.0000   0.0000   0.0000   0.3747
   4.500   1.1049   0.02143   0.01217  -0.1380  0.4513  1.0000  -1.8301   0.0000   0.0000   0.0000   0.3662
   5.000   1.1500   0.02248   0.01292  -0.1354  0.4213  1.0000  -1.9294   0.0000   0.0000   0.0000   0.3583
   5.500   1.1914   0.02358   0.01388  -0.1322  0.3931  1.0000  -2.0328   0.0000   0.0000   0.0000   0.3508
   6.000   1.2329   0.02475   0.01484  -0.1290  0.3686  1.0000  -2.1377   0.0000   0.0000   0.0000   0.3438
   6.500   1.2750   0.02602   0.01598  -0.1261  0.3474  1.0000  -2.2441   0.0000   0.0000   0.0000   0.3373
   7.000   1.3160   0.02739   0.01725  -0.1231  0.3281  1.0000  -2.3575   0.0000   0.0000   0.0000   0.3312
   7.500   1.3591   0.02883   0.01861  -0.1206  0.3111  1.0000  -2.4755   0.0000   0.0000   0.0000   0.3256
   8.000   1.3962   0.03043   0.02025  -0.1171  0.2951  1.0000  -2.5928   0.0000   0.0000   0.0000   0.3200
   8.500   1.4353   0.03207   0.02184  -0.1141  0.2807  1.0000  -2.7165   0.0000   0.0000   0.0000   0.3148
   9.000   1.4704   0.03378   0.02353  -0.1106  0.2669  1.0000  -2.8358   0.0000   0.0000   0.0000   0.3097
   9.500   1.4988   0.03570   0.02556  -0.1062  0.2540  1.0000  -2.9437   0.0000   0.0000   0.0000   0.3045
  10.000   1.5282   0.03779   0.02774  -0.1022  0.2427  1.0000  -3.0530   0.0000   0.0000   0.0000   0.2997
  10.500   1.5577   0.04007   0.03018  -0.0985  0.2327  1.0000  -3.1915   0.0000   0.0000   0.0000   0.2952
  11.000   1.5846   0.04244   0.03263  -0.0946  0.2232  1.0000  -3.3402   0.0000   0.0000   0.0000   0.2908
  11.500   1.6076   0.04500   0.03531  -0.0906  0.2144  1.0000  -3.4821   0.0000   0.0000   0.0000   0.2865
  12.000   1.6094   0.04868   0.03939  -0.0848  0.2068  1.0000  -3.5727   0.0000   0.0000   0.0000   0.2819
  12.500   1.6178   0.05232   0.04329  -0.0803  0.1998  1.0000  -3.6799   0.0000   0.0000   0.0000   0.2780
  13.000   1.6370   0.05543   0.04649  -0.0771  0.1928  1.0000  -3.8156   0.0000   0.0000   0.0000   0.2744
  13.500   1.5995   0.06254   0.05419  -0.0717  0.1875  1.0000  -3.8029   0.0000   0.0000   0.0000   0.2711
  14.000   1.6215   0.06606   0.05777  -0.0696  0.1819  1.0000  -3.9413   0.0000   0.0000   0.0000   0.2682
  14.500   1.5241   0.08077   0.07327  -0.0684  0.1784  1.0000  -3.7467   0.0000   0.0000   0.0000   0.2691
  16.000   1.1345   0.17852   0.17208  -0.1214  0.1501  1.0000  -2.2847   0.0000   0.0000   0.0000   0.3313
  17.000   1.1301   0.19852   0.19218  -0.1335  0.1369  1.0000  -2.1529   0.0000   0.0000   0.0000   0.3411
  17.500   1.1298   0.20812   0.20185  -0.1398  0.1317  1.0000  -2.0689   0.0000   0.0000   0.0000   0.3460
  18.000   1.1411   0.21462   0.20839  -0.1437  0.1252  1.0000  -2.0610   0.0000   0.0000   0.0000   0.3471
  18.500   1.1531   0.22119   0.21501  -0.1477  0.1200  1.0000  -2.0902   0.0000   0.0000   0.0000   0.3482
  19.000   1.1705   0.22721   0.22108  -0.1505  0.1171  1.0000  -2.1748   0.0000   0.0000   0.0000   0.3477
  19.500   1.1718   0.23694   0.23087  -0.1574  0.1165  1.0000  -2.1243   0.0000   0.0000   0.0000   0.3526
  20.000   1.1853   0.24462   0.23864  -0.1616  0.1173  1.0000  -2.1569   0.0000   0.0000   0.0000   0.3536


