xflr5 v6.61

 Calculated polar for: E63_13_00

 1 1 Reynolds number fixed          Mach number fixed         

 xtrf =   1.000 (top)        1.000 (bottom)
 Mach =   0.200     Re =     0.080 e 6     Ncrit =   9.000

  alpha     CL        CD       CDp       Cm    Top Xtr Bot Xtr   Cpmin    Chinge    XCp    
 ------- -------- --------- --------- -------- ------- ------- -------- --------- ---------
 -20.000  -0.5067   0.24328   0.23617  -0.0048  1.0000  0.0594  -1.3664   0.0000   0.0000   0.0000   0.2125
 -19.500  -0.4912   0.23804   0.23096  -0.0072  1.0000  0.0616  -1.3528   0.0000   0.0000   0.0000   0.2079
 -19.000  -0.4769   0.23305   0.22600  -0.0098  1.0000  0.0640  -1.3574   0.0000   0.0000   0.0000   0.2024
 -18.500  -0.4676   0.23012   0.22312  -0.0135  1.0000  0.0655  -1.4137   0.0000   0.0000   0.0000   0.1948
 -18.000  -0.4562   0.22508   0.21815  -0.0161  1.0000  0.0661  -1.4345   0.0000   0.0000   0.0000   0.1889
 -17.500  -0.4344   0.21664   0.20970  -0.0162  1.0000  0.0680  -1.3412   0.0000   0.0000   0.0000   0.1868
 -17.000  -0.4189   0.21118   0.20429  -0.0176  1.0000  0.0709  -1.3065   0.0000   0.0000   0.0000   0.1823
 -16.500  -0.4087   0.20710   0.20026  -0.0203  1.0000  0.0749  -1.3284   0.0000   0.0000   0.0000   0.1754
 -16.000  -0.4015   0.20271   0.19595  -0.0229  1.0000  0.0763  -1.3637   0.0000   0.0000   0.0000   0.1687
 -15.500  -0.3802   0.19502   0.18830  -0.0225  1.0000  0.0789  -1.2932   0.0000   0.0000   0.0000   0.1663
 -15.000  -0.3668   0.18964   0.18298  -0.0236  1.0000  0.0822  -1.2874   0.0000   0.0000   0.0000   0.1616
 -14.500  -0.3602   0.18550   0.17890  -0.0258  1.0000  0.0856  -1.3371   0.0000   0.0000   0.0000   0.1551
 -14.000  -0.3598   0.18195   0.17545  -0.0282  1.0000  0.0867  -1.4151   0.0000   0.0000   0.0000   0.1492
 -13.500  -0.3353   0.17335   0.16686  -0.0268  1.0000  0.0893  -1.3202   0.0000   0.0000   0.0000   0.1471
 -13.000  -0.3239   0.16802   0.16160  -0.0272  1.0000  0.0931  -1.3065   0.0000   0.0000   0.0000   0.1436
 -12.500  -0.3266   0.16471   0.15838  -0.0294  1.0000  0.0967  -1.3839   0.0000   0.0000   0.0000   0.1389
 -12.000  -0.3142   0.15775   0.15150  -0.0291  1.0000  0.0984  -1.3637   0.0000   0.0000   0.0000   0.1366
 -11.500  -0.3003   0.15189   0.14571  -0.0281  1.0000  0.1023  -1.3176   0.0000   0.0000   0.0000   0.1357
 -11.000  -0.2519   0.14735   0.14183  -0.0288  1.0000  0.1082  -1.2082   0.0000   0.0000   0.0000   0.1197
 -10.500  -0.2351   0.14106   0.13561  -0.0262  1.0000  0.1130  -1.1349   0.0000   0.0000   0.0000   0.1223
 -10.000  -0.2520   0.13781   0.13246  -0.0267  1.0000  0.1183  -1.2283   0.0000   0.0000   0.0000   0.1295
  -9.750  -0.2498   0.13445   0.12916  -0.0259  1.0000  0.1195  -1.2289   0.0000   0.0000   0.0000   0.1321
  -9.500  -0.2392   0.13132   0.12606  -0.0241  1.0000  0.1229  -1.1846   0.0000   0.0000   0.0000   0.1351
  -9.250  -0.2879   0.12864   0.12293  -0.0259  1.0000  0.1224  -1.3821   0.0000   0.0000   0.0000   0.1433
  -9.000  -0.2627   0.12818   0.12304  -0.0241  1.0000  0.1292  -1.3125   0.0000   0.0000   0.0000   0.1458
  -8.750  -0.3090   0.12573   0.12017  -0.0260  1.0000  0.1292  -1.5085   0.0000   0.0000   0.0000   0.1512
  -8.500  -0.2511   0.12192   0.11684  -0.0209  1.0000  0.1378  -1.3104   0.0000   0.0000   0.0000   0.1546
  -8.250  -0.2962   0.11926   0.11376  -0.0229  1.0000  0.1378  -1.5087   0.0000   0.0000   0.0000   0.1586
  -8.000  -0.2562   0.11717   0.11219  -0.0186  1.0000  0.1462  -1.3544   0.0000   0.0000   0.0000   0.1663
  -7.750  -0.3012   0.11451   0.10913  -0.0206  1.0000  0.1452  -1.5588   0.0000   0.0000   0.0000   0.1688
  -7.500  -0.2647   0.11331   0.10844  -0.0160  1.0000  0.1583  -1.3788   0.0000   0.0000   0.0000   0.1796
  -7.250  -0.3096   0.11072   0.10547  -0.0177  1.0000  0.1562  -1.5837   0.0000   0.0000   0.0000   0.1811
  -7.000  -0.2743   0.10943   0.10468  -0.0132  1.0000  0.1674  -1.3927   0.0000   0.0000   0.0000   0.1929
  -6.750  -0.3527   0.10925   0.10420  -0.0152  1.0000  0.1619  -1.7062   0.0000   0.0000   0.0000   0.1974
  -6.500  -0.3166   0.10740   0.10283  -0.0114  1.0000  0.1730  -1.5066   0.0000   0.0000   0.0000   0.2069
  -6.250  -0.3591   0.10549   0.10057  -0.0108  1.0000  0.1724  -1.6822   0.0000   0.0000   0.0000   0.2116
  -6.000  -0.3149   0.10313   0.09865  -0.0074  1.0000  0.1830  -1.4555   0.0000   0.0000   0.0000   0.2199
  -5.750  -0.3642   0.10167   0.09686  -0.0060  1.0000  0.1815  -1.6448   0.0000   0.0000   0.0000   0.2258
  -5.500  -0.3267   0.09921   0.09486  -0.0037  1.0000  0.1877  -1.4468   0.0000   0.0000   0.0000   0.2329
  -5.250  -0.3840   0.09812   0.09347  -0.0031  1.0000  0.1873  -1.6660   0.0000   0.0000   0.0000   0.2352
  -5.000  -0.3660   0.09664   0.09243  -0.0021  0.9989  0.1946  -1.5306   0.0000   0.0000   0.0000   0.2394
  -4.750  -0.4027   0.09385   0.08932  -0.0063  1.0000  0.1959  -1.7274   0.0000   0.0000   0.0000   0.2285
  -4.500  -0.3160   0.08739   0.08311  -0.0161  0.9791  0.2068  -1.4685   0.0000   0.0000   0.0000   0.1937
  -4.250  -0.3977   0.08962   0.08516  -0.0035  1.0000  0.2036  -1.6618   0.0000   0.0000   0.0000   0.2357
  -4.000  -0.2699   0.07963   0.07532  -0.0235  0.9583  0.2192  -1.3580   0.0000   0.0000   0.0000   0.1572
  -3.500  -0.2079   0.05107   0.04514  -0.0794  0.9783  0.1412  -1.9882   0.0000   0.0000   0.0000  -0.1432
  -3.250  -0.1304   0.04162   0.03445  -0.0969  0.9733  0.1404  -1.9756   0.0000   0.0000   0.0000  -0.5114
  -3.000  -0.0862   0.04066   0.03353  -0.1005  0.9636  0.1453  -1.8518   0.0000   0.0000   0.0000  -0.9412
  -2.750  -0.0324   0.03820   0.03054  -0.1070  0.9552  0.1546  -1.8036   0.0000   0.0000   0.0000  -3.1119
  -2.500   0.0137   0.03745   0.02963  -0.1110  0.9452  0.1682  -1.7099   0.0000   0.0000   0.0000   8.4736
  -2.250   0.0616   0.03656   0.02844  -0.1152  0.9352  0.1853  -1.6192   0.0000   0.0000   0.0000   2.1476
  -2.000   0.1045   0.03618   0.02811  -0.1180  0.9245  0.2002  -1.5114   0.0000   0.0000   0.0000   1.3930
  -1.750   0.1527   0.03527   0.02686  -0.1219  0.9143  0.2171  -1.4174   0.0000   0.0000   0.0000   1.0563
  -1.500   0.1959   0.03472   0.02636  -0.1245  0.9034  0.2317  -1.3233   0.0000   0.0000   0.0000   0.8903
  -1.250   0.2412   0.03402   0.02553  -0.1274  0.8926  0.2480  -1.2367   0.0000   0.0000   0.0000   0.7811
  -1.000   0.2851   0.03338   0.02490  -0.1298  0.8816  0.2650  -1.1451   0.0000   0.0000   0.0000   0.7072
  -0.750   0.3296   0.03268   0.02414  -0.1323  0.8707  0.2841  -1.0545   0.0000   0.0000   0.0000   0.6521
  -0.500   0.3739   0.03198   0.02342  -0.1346  0.8596  0.3050  -0.9623   0.0000   0.0000   0.0000   0.6098
  -0.250   0.4176   0.03121   0.02271  -0.1365  0.8486  0.3273  -0.8701   0.0000   0.0000   0.0000   0.5761
   0.000   0.4612   0.03039   0.02202  -0.1383  0.8375  0.3534  -0.8143   0.0000   0.0000   0.0000   0.5484
   0.250   0.5060   0.02945   0.02117  -0.1400  0.8265  0.3843  -0.8613   0.0000   0.0000   0.0000   0.5249
   0.500   0.5514   0.02835   0.02020  -0.1417  0.8157  0.4183  -0.9107   0.0000   0.0000   0.0000   0.5046
   0.750   0.5971   0.02715   0.01916  -0.1432  0.8050  0.4619  -0.9613   0.0000   0.0000   0.0000   0.4870
   1.000   0.6441   0.02586   0.01808  -0.1447  0.7942  0.5170  -1.0166   0.0000   0.0000   0.0000   0.4715
   1.250   0.6926   0.02449   0.01695  -0.1463  0.7831  0.5891  -1.0762   0.0000   0.0000   0.0000   0.4578
   1.500   0.7400   0.02301   0.01584  -0.1475  0.7713  0.6884  -1.1379   0.0000   0.0000   0.0000   0.4455
   1.750   0.7617   0.02185   0.01514  -0.1439  0.7553  0.8361  -1.1801   0.0000   0.0000   0.0000   0.4347
   2.000   0.8254   0.02067   0.01369  -0.1491  0.7389  1.0000  -1.2613   0.0000   0.0000   0.0000   0.4260
   2.250   0.8732   0.02030   0.01306  -0.1516  0.7179  1.0000  -1.3285   0.0000   0.0000   0.0000   0.4187
   2.500   0.9183   0.02008   0.01258  -0.1536  0.6955  1.0000  -1.3940   0.0000   0.0000   0.0000   0.4120
   2.750   0.9567   0.02010   0.01236  -0.1545  0.6716  1.0000  -1.4534   0.0000   0.0000   0.0000   0.4059
   3.000   0.9885   0.02031   0.01237  -0.1544  0.6469  1.0000  -1.5064   0.0000   0.0000   0.0000   0.4002
   3.250   1.0202   0.02058   0.01242  -0.1542  0.6228  1.0000  -1.5596   0.0000   0.0000   0.0000   0.3949
   3.500   1.0504   0.02093   0.01255  -0.1538  0.5994  1.0000  -1.6117   0.0000   0.0000   0.0000   0.3899
   3.750   1.0789   0.02136   0.01276  -0.1532  0.5767  1.0000  -1.6620   0.0000   0.0000   0.0000   0.3851
   4.000   1.1056   0.02185   0.01309  -0.1524  0.5549  1.0000  -1.7106   0.0000   0.0000   0.0000   0.3805
   4.250   1.1311   0.02239   0.01345  -0.1513  0.5340  1.0000  -1.7631   0.0000   0.0000   0.0000   0.3762
   4.500   1.1559   0.02296   0.01386  -0.1502  0.5139  1.0000  -1.8175   0.0000   0.0000   0.0000   0.3720
   4.750   1.1809   0.02355   0.01427  -0.1491  0.4947  1.0000  -1.8728   0.0000   0.0000   0.0000   0.3680
   5.000   1.2060   0.02414   0.01468  -0.1481  0.4763  1.0000  -1.9287   0.0000   0.0000   0.0000   0.3641
   5.250   1.2269   0.02480   0.01530  -0.1464  0.4584  1.0000  -1.9789   0.0000   0.0000   0.0000   0.3603
   5.500   1.2524   0.02545   0.01576  -0.1455  0.4422  1.0000  -2.0361   0.0000   0.0000   0.0000   0.3568
   5.750   1.2729   0.02618   0.01645  -0.1438  0.4263  1.0000  -2.0901   0.0000   0.0000   0.0000   0.3532
   6.000   1.2974   0.02692   0.01706  -0.1428  0.4120  1.0000  -2.1501   0.0000   0.0000   0.0000   0.3500
   6.250   1.3232   0.02770   0.01770  -0.1420  0.3988  1.0000  -2.2119   0.0000   0.0000   0.0000   0.3469
   6.500   1.3435   0.02854   0.01854  -0.1404  0.3857  1.0000  -2.2671   0.0000   0.0000   0.0000   0.3437
   6.750   1.3654   0.02942   0.01939  -0.1390  0.3736  1.0000  -2.3284   0.0000   0.0000   0.0000   0.3407
   7.000   1.3878   0.03034   0.02027  -0.1378  0.3623  1.0000  -2.3905   0.0000   0.0000   0.0000   0.3378
   7.250   1.4104   0.03129   0.02129  -0.1366  0.3517  1.0000  -2.4530   0.0000   0.0000   0.0000   0.3350
   7.500   1.4329   0.03227   0.02223  -0.1355  0.3415  1.0000  -2.5156   0.0000   0.0000   0.0000   0.3323
   7.750   1.4554   0.03324   0.02317  -0.1343  0.3316  1.0000  -2.5790   0.0000   0.0000   0.0000   0.3296
   8.000   1.4784   0.03419   0.02406  -0.1332  0.3218  1.0000  -2.6440   0.0000   0.0000   0.0000   0.3271
   8.250   1.4974   0.03520   0.02510  -0.1315  0.3124  1.0000  -2.7022   0.0000   0.0000   0.0000   0.3244
   8.500   1.5117   0.03637   0.02639  -0.1291  0.3037  1.0000  -2.7516   0.0000   0.0000   0.0000   0.3216
   8.750   1.5285   0.03758   0.02767  -0.1272  0.2956  1.0000  -2.8240   0.0000   0.0000   0.0000   0.3190
   9.000   1.5519   0.03874   0.02878  -0.1263  0.2882  1.0000  -2.9144   0.0000   0.0000   0.0000   0.3168
   9.250   1.5669   0.04005   0.03020  -0.1241  0.2810  1.0000  -2.9870   0.0000   0.0000   0.0000   0.3142
   9.500   1.5784   0.04153   0.03183  -0.1216  0.2743  1.0000  -3.0522   0.0000   0.0000   0.0000   0.3116
   9.750   1.6053   0.04263   0.03290  -0.1212  0.2675  1.0000  -3.1530   0.0000   0.0000   0.0000   0.3097
  10.000   1.6045   0.04438   0.03495  -0.1169  0.2616  1.0000  -3.1918   0.0000   0.0000   0.0000   0.3067
  10.250   1.6256   0.04574   0.03631  -0.1159  0.2558  1.0000  -3.2800   0.0000   0.0000   0.0000   0.3047
  10.500   1.6233   0.04770   0.03854  -0.1117  0.2508  1.0000  -3.3147   0.0000   0.0000   0.0000   0.3018
  10.750   1.6464   0.04904   0.03985  -0.1109  0.2453  1.0000  -3.4086   0.0000   0.0000   0.0000   0.2999
  11.000   1.6282   0.05136   0.04251  -0.1048  0.2414  1.0000  -3.4084   0.0000   0.0000   0.0000   0.2966
  11.250   1.6659   0.05229   0.04328  -0.1060  0.2353  1.0000  -3.5373   0.0000   0.0000   0.0000   0.2953
  11.500   1.6316   0.05526   0.04667  -0.0984  0.2328  1.0000  -3.4991   0.0000   0.0000   0.0000   0.2916
  11.750   1.6102   0.05821   0.04991  -0.0931  0.2297  1.0000  -3.4891   0.0000   0.0000   0.0000   0.2888
  12.000   1.6544   0.05901   0.05055  -0.0947  0.2245  1.0000  -3.6316   0.0000   0.0000   0.0000   0.2877
  12.250   1.6059   0.06337   0.05534  -0.0876  0.2231  1.0000  -3.5548   0.0000   0.0000   0.0000   0.2847
  12.500   1.5489   0.06930   0.06167  -0.0822  0.2220  1.0000  -3.4517   0.0000   0.0000   0.0000   0.2828
  12.750   1.4574   0.07990   0.07270  -0.0795  0.2221  1.0000  -3.2490   0.0000   0.0000   0.0000   0.2839
  13.000   0.7971   0.17067   0.16489  -0.1175  0.2905  1.0000  -1.1388   0.0000   0.0000   0.0000   0.3825
  13.500   0.8114   0.17655   0.17082  -0.1185  0.2788  1.0000  -1.1678   0.0000   0.0000   0.0000   0.3803
  14.000   0.8049   0.18115   0.17550  -0.1207  0.2670  1.0000  -1.1346   0.0000   0.0000   0.0000   0.3838
  14.500   0.8201   0.18719   0.18167  -0.1218  0.2569  1.0000  -1.1565   0.0000   0.0000   0.0000   0.3816
  15.000   0.8121   0.19163   0.18619  -0.1246  0.2439  1.0000  -1.1056   0.0000   0.0000   0.0000   0.3860
  15.500   0.8189   0.19719   0.19182  -0.1265  0.2328  1.0000  -1.0911   0.0000   0.0000   0.0000   0.3864
  16.000   0.8374   0.20370   0.19839  -0.1275  0.2242  1.0000  -1.1085   0.0000   0.0000   0.0000   0.3833
  16.500   0.8479   0.20963   0.20439  -0.1292  0.2136  1.0000  -1.0974   0.0000   0.0000   0.0000   0.3826
  17.000   0.8583   0.21551   0.21034  -0.1309  0.2032  1.0000  -1.1372   0.0000   0.0000   0.0000   0.3819
  17.500   0.8512   0.22036   0.21526  -0.1346  0.1942  1.0000  -1.1138   0.0000   0.0000   0.0000   0.3869
  18.000   0.8534   0.22665   0.22163  -0.1375  0.1877  1.0000  -1.1214   0.0000   0.0000   0.0000   0.3893
  18.500   0.8755   0.23376   0.22882  -0.1381  0.1819  1.0000  -1.2182   0.0000   0.0000   0.0000   0.3847
  19.000   0.8681   0.23914   0.23432  -0.1423  0.1750  1.0000  -1.1770   0.0000   0.0000   0.0000   0.3903
  19.500   0.8805   0.24600   0.24126  -0.1440  0.1699  1.0000  -1.2252   0.0000   0.0000   0.0000   0.3889
  20.000   0.8883   0.25193   0.24729  -0.1462  0.1614  1.0000  -1.2494   0.0000   0.0000   0.0000   0.3891


