xflr5 v6.61

 Calculated polar for: E63_15_00

 1 1 Reynolds number fixed          Mach number fixed         

 xtrf =   1.000 (top)        1.000 (bottom)
 Mach =   0.200     Re =     0.070 e 6     Ncrit =   7.000

  alpha     CL        CD       CDp       Cm    Top Xtr Bot Xtr   Cpmin    Chinge    XCp    
 ------- -------- --------- --------- -------- ------- ------- -------- --------- ---------
 -30.000  -0.7727   0.33990   0.33194   0.0567  1.0000  0.0451  -1.5610   0.0000   0.0000   0.0000   0.2732
 -29.500  -0.7602   0.33679   0.32880   0.0521  1.0000  0.0456  -1.5838   0.0000   0.0000   0.0000   0.2694
 -29.000  -0.7485   0.33478   0.32678   0.0472  1.0000  0.0459  -1.6128   0.0000   0.0000   0.0000   0.2652
 -28.000  -0.7197   0.32291   0.31493   0.0400  1.0000  0.0466  -1.5765   0.0000   0.0000   0.0000   0.2595
 -27.500  -0.7035   0.31645   0.30847   0.0372  1.0000  0.0477  -1.5149   0.0000   0.0000   0.0000   0.2578
 -27.000  -0.6881   0.31160   0.30360   0.0340  1.0000  0.0492  -1.4733   0.0000   0.0000   0.0000   0.2551
 -26.500  -0.6731   0.30694   0.29894   0.0305  1.0000  0.0510  -1.4438   0.0000   0.0000   0.0000   0.2519
 -26.000  -0.6581   0.30225   0.29425   0.0269  1.0000  0.0526  -1.4381   0.0000   0.0000   0.0000   0.2483
 -25.500  -0.6434   0.29767   0.28968   0.0232  1.0000  0.0542  -1.4489   0.0000   0.0000   0.0000   0.2443
 -25.000  -0.6296   0.29374   0.28576   0.0192  1.0000  0.0552  -1.4765   0.0000   0.0000   0.0000   0.2395
 -24.500  -0.6173   0.29094   0.28298   0.0149  1.0000  0.0556  -1.5172   0.0000   0.0000   0.0000   0.2340
 -23.500  -0.5852   0.27842   0.27049   0.0092  1.0000  0.0567  -1.4847   0.0000   0.0000   0.0000   0.2268
 -23.000  -0.5676   0.27248   0.26457   0.0070  1.0000  0.0580  -1.4366   0.0000   0.0000   0.0000   0.2239
 -22.500  -0.5514   0.26738   0.25950   0.0044  1.0000  0.0598  -1.4091   0.0000   0.0000   0.0000   0.2201
 -22.000  -0.5358   0.26239   0.25453   0.0016  1.0000  0.0620  -1.3934   0.0000   0.0000   0.0000   0.2156
 -21.500  -0.5212   0.25763   0.24979  -0.0015  1.0000  0.0642  -1.3946   0.0000   0.0000   0.0000   0.2103
 -21.000  -0.5117   0.25520   0.24738  -0.0058  1.0000  0.0656  -1.4483   0.0000   0.0000   0.0000   0.2028
 -20.500  -0.4937   0.24773   0.23996  -0.0075  1.0000  0.0667  -1.4028   0.0000   0.0000   0.0000   0.1991
 -20.000  -0.4753   0.24174   0.23400  -0.0090  1.0000  0.0689  -1.3442   0.0000   0.0000   0.0000   0.1957
 -19.500  -0.4596   0.23658   0.22888  -0.0111  1.0000  0.0713  -1.3373   0.0000   0.0000   0.0000   0.1908
 -19.000  -0.4458   0.23173   0.22407  -0.0137  1.0000  0.0739  -1.3525   0.0000   0.0000   0.0000   0.1847
 -18.500  -0.4374   0.22846   0.22085  -0.0171  1.0000  0.0754  -1.4145   0.0000   0.0000   0.0000   0.1770
 -18.000  -0.4270   0.22372   0.21619  -0.0197  1.0000  0.0760  -1.4476   0.0000   0.0000   0.0000   0.1706
 -17.500  -0.4043   0.21549   0.20796  -0.0198  1.0000  0.0777  -1.3680   0.0000   0.0000   0.0000   0.1675
 -17.000  -0.3883   0.21003   0.20255  -0.0210  1.0000  0.0802  -1.3389   0.0000   0.0000   0.0000   0.1627
 -16.500  -0.3752   0.20487   0.19745  -0.0226  1.0000  0.0834  -1.3356   0.0000   0.0000   0.0000   0.1568
 -16.000  -0.3692   0.20084   0.19349  -0.0253  1.0000  0.0859  -1.3897   0.0000   0.0000   0.0000   0.1492
 -15.500  -0.3619   0.19574   0.18848  -0.0273  1.0000  0.0868  -1.4260   0.0000   0.0000   0.0000   0.1430
 -15.000  -0.3398   0.18841   0.18120  -0.0267  1.0000  0.0894  -1.3436   0.0000   0.0000   0.0000   0.1396
 -14.500  -0.3280   0.18315   0.17601  -0.0275  1.0000  0.0938  -1.3346   0.0000   0.0000   0.0000   0.1347
 -14.000  -0.3315   0.17950   0.17245  -0.0303  1.0000  0.0969  -1.4313   0.0000   0.0000   0.0000   0.1287
 -13.500  -0.3112   0.17183   0.16482  -0.0293  1.0000  0.0998  -1.3924   0.0000   0.0000   0.0000   0.1254
 -13.000  -0.3077   0.16707   0.16015  -0.0303  1.0000  0.1068  -1.4640   0.0000   0.0000   0.0000   0.1220
 -12.500  -0.2947   0.16077   0.15392  -0.0297  1.0000  0.1124  -1.4747   0.0000   0.0000   0.0000   0.1201
 -12.000  -0.2874   0.15600   0.14923  -0.0293  1.0000  0.1248  -1.4865   0.0000   0.0000   0.0000   0.1194
 -11.500  -0.2822   0.15114   0.14445  -0.0291  1.0000  0.1333  -1.4959   0.0000   0.0000   0.0000   0.1195
 -11.000  -0.2900   0.14787   0.14127  -0.0297  1.0000  0.1399  -1.5507   0.0000   0.0000   0.0000   0.1223
 -10.500  -0.2783   0.14169   0.13518  -0.0283  1.0000  0.1422  -1.5082   0.0000   0.0000   0.0000   0.1232
 -10.000  -0.2702   0.13692   0.13049  -0.0268  1.0000  0.1468  -1.4655   0.0000   0.0000   0.0000   0.1267
  -9.500  -0.2909   0.13416   0.12786  -0.0271  1.0000  0.1510  -1.5408   0.0000   0.0000   0.0000   0.1358
  -9.000  -0.2766   0.12817   0.12196  -0.0245  1.0000  0.1534  -1.4620   0.0000   0.0000   0.0000   0.1405
  -8.500  -0.2745   0.12400   0.11788  -0.0222  1.0000  0.1577  -1.4214   0.0000   0.0000   0.0000   0.1495
  -8.000  -0.3014   0.12124   0.11527  -0.0212  1.0000  0.1618  -1.4891   0.0000   0.0000   0.0000   0.1630
  -7.500  -0.2950   0.11638   0.11053  -0.0179  1.0000  0.1647  -1.4203   0.0000   0.0000   0.0000   0.1735
  -5.500  -0.3436   0.08458   0.07893  -0.0380  0.9731  0.1172  -1.8596   0.0000   0.0000   0.0000   0.1275
  -5.000  -0.3062   0.06946   0.06362  -0.0590  0.9544  0.1155  -2.0407   0.0000   0.0000   0.0000   0.0445
  -4.500  -0.2248   0.04727   0.04021  -0.0939  0.9415  0.1260  -2.3086   0.0000   0.0000   0.0000  -0.1859
  -4.000  -0.1444   0.04226   0.03455  -0.1039  0.9247  0.1428  -2.1729   0.0000   0.0000   0.0000  -0.4949
  -3.500  -0.0550   0.03904   0.03074  -0.1126  0.9101  0.1630  -1.9864   0.0000   0.0000   0.0000  -1.8535
  -3.000   0.0189   0.03734   0.02889  -0.1163  0.8908  0.1789  -1.8148   0.0000   0.0000   0.0000   6.5475
  -2.500   0.0985   0.03505   0.02613  -0.1211  0.8718  0.1965  -1.6530   0.0000   0.0000   0.0000   1.4999
  -2.000   0.1771   0.03346   0.02433  -0.1246  0.8523  0.2165  -1.4697   0.0000   0.0000   0.0000   0.9621
  -1.000   0.3391   0.03005   0.02076  -0.1307  0.8147  0.2617  -1.0940   0.0000   0.0000   0.0000   0.6362
  -0.500   0.4163   0.02848   0.01923  -0.1325  0.7939  0.2931  -0.9126   0.0000   0.0000   0.0000   0.5672
   0.000   0.4977   0.02673   0.01756  -0.1346  0.7721  0.3281  -0.9498   0.0000   0.0000   0.0000   0.5183
   0.500   0.5789   0.02518   0.01610  -0.1367  0.7465  0.3723  -1.0438   0.0000   0.0000   0.0000   0.4829
   1.000   0.6656   0.02383   0.01487  -0.1397  0.7174  0.4365  -1.1480   0.0000   0.0000   0.0000   0.4558
   1.500   0.7471   0.02294   0.01413  -0.1421  0.6830  0.5180  -1.2559   0.0000   0.0000   0.0000   0.4353
   2.000   0.8100   0.02252   0.01392  -0.1413  0.6446  0.6210  -1.3483   0.0000   0.0000   0.0000   0.4188
   2.500   0.8587   0.02200   0.01374  -0.1372  0.6088  0.7883  -1.4377   0.0000   0.0000   0.0000   0.4034
   3.000   0.9169   0.02211   0.01354  -0.1362  0.5706  1.0000  -1.5381   0.0000   0.0000   0.0000   0.3915
   3.500   0.9743   0.02293   0.01389  -0.1356  0.5342  1.0000  -1.6390   0.0000   0.0000   0.0000   0.3814
   4.000   1.0275   0.02388   0.01444  -0.1343  0.5007  1.0000  -1.7370   0.0000   0.0000   0.0000   0.3722
   4.500   1.0770   0.02495   0.01521  -0.1324  0.4698  1.0000  -1.8318   0.0000   0.0000   0.0000   0.3637
   5.000   1.1274   0.02609   0.01602  -0.1307  0.4421  1.0000  -1.9306   0.0000   0.0000   0.0000   0.3560
   5.500   1.1714   0.02739   0.01714  -0.1281  0.4161  1.0000  -2.0346   0.0000   0.0000   0.0000   0.3487
   6.000   1.2158   0.02875   0.01835  -0.1255  0.3925  1.0000  -2.1405   0.0000   0.0000   0.0000   0.3419
   6.500   1.2591   0.03024   0.01969  -0.1229  0.3714  1.0000  -2.2452   0.0000   0.0000   0.0000   0.3355
   7.000   1.3018   0.03181   0.02113  -0.1203  0.3523  1.0000  -2.3498   0.0000   0.0000   0.0000   0.3295
   7.500   1.3432   0.03338   0.02266  -0.1175  0.3343  1.0000  -2.4610   0.0000   0.0000   0.0000   0.3238
   8.000   1.3740   0.03525   0.02457  -0.1132  0.3179  1.0000  -2.5582   0.0000   0.0000   0.0000   0.3180
   8.500   1.4096   0.03722   0.02653  -0.1098  0.3038  1.0000  -2.6624   0.0000   0.0000   0.0000   0.3127
   9.000   1.4462   0.03933   0.02864  -0.1067  0.2912  1.0000  -2.7780   0.0000   0.0000   0.0000   0.3078
   9.500   1.4794   0.04153   0.03085  -0.1033  0.2792  1.0000  -2.8902   0.0000   0.0000   0.0000   0.3030
  10.000   1.5047   0.04396   0.03336  -0.0989  0.2682  1.0000  -2.9898   0.0000   0.0000   0.0000   0.2981
  10.500   1.5148   0.04696   0.03668  -0.0930  0.2583  1.0000  -3.0615   0.0000   0.0000   0.0000   0.2929
  11.000   1.5111   0.05076   0.04079  -0.0864  0.2494  1.0000  -3.1064   0.0000   0.0000   0.0000   0.2878
  11.500   1.5038   0.05528   0.04562  -0.0805  0.2418  1.0000  -3.1452   0.0000   0.0000   0.0000   0.2832
  12.000   1.5198   0.05901   0.04945  -0.0771  0.2347  1.0000  -3.2352   0.0000   0.0000   0.0000   0.2796
  12.500   1.4096   0.07230   0.06354  -0.0706  0.2297  1.0000  -3.0488   0.0000   0.0000   0.0000   0.2779
  13.500   1.0356   0.14896   0.14113  -0.1036  0.2045  1.0000  -1.9549   0.0000   0.0000   0.0000   0.3284
  14.000   1.0152   0.16239   0.15464  -0.1107  0.1988  1.0000  -1.8558   0.0000   0.0000   0.0000   0.3370
  14.500   1.0470   0.16549   0.15775  -0.1102  0.1924  1.0000  -1.9747   0.0000   0.0000   0.0000   0.3321
  15.000   1.0219   0.17976   0.17211  -0.1192  0.1886  1.0000  -1.8380   0.0000   0.0000   0.0000   0.3432
  15.500   1.0224   0.18896   0.18137  -0.1244  0.1866  1.0000  -1.8011   0.0000   0.0000   0.0000   0.3476
  16.000   1.0403   0.19464   0.18707  -0.1266  0.1796  1.0000  -1.8469   0.0000   0.0000   0.0000   0.3466
  16.500   1.0434   0.20345   0.19594  -0.1318  0.1792  1.0000  -1.8036   0.0000   0.0000   0.0000   0.3507
  19.500   1.1038   0.24715   0.24003  -0.1592  0.1775  1.0000  -1.6454   0.0000   0.0000   0.0000   0.3632
  20.000   1.1259   0.25296   0.24591  -0.1613  0.1719  1.0000  -1.7380   0.0000   0.0000   0.0000   0.3611


