xflr5 v6.61

 Calculated polar for: E63_10_00

 1 1 Reynolds number fixed          Mach number fixed         

 xtrf =   1.000 (top)        1.000 (bottom)
 Mach =   0.200     Re =     0.025 e 6     Ncrit =   9.000

  alpha     CL        CD       CDp       Cm    Top Xtr Bot Xtr   Cpmin    Chinge    XCp    
 ------- -------- --------- --------- -------- ------- ------- -------- --------- ---------
 -20.000  -0.5598   0.25290   0.24063   0.0012  1.0000  0.1351  -1.2874   0.0000   0.0000   0.0000   0.2338
 -19.500  -0.5476   0.25006   0.23784  -0.0018  1.0000  0.1396  -1.2876   0.0000   0.0000   0.0000   0.2290
 -19.000  -0.5307   0.24301   0.23085  -0.0039  1.0000  0.1432  -1.2595   0.0000   0.0000   0.0000   0.2252
 -18.500  -0.5164   0.23840   0.22628  -0.0062  1.0000  0.1495  -1.2405   0.0000   0.0000   0.0000   0.2209
 -18.000  -0.5014   0.23257   0.22053  -0.0083  1.0000  0.1541  -1.2358   0.0000   0.0000   0.0000   0.2167
 -17.500  -0.4889   0.22876   0.21673  -0.0105  1.0000  0.1613  -1.2444   0.0000   0.0000   0.0000   0.2122
 -17.000  -0.4717   0.22166   0.20970  -0.0121  1.0000  0.1673  -1.2321   0.0000   0.0000   0.0000   0.2084
 -16.500  -0.4645   0.22001   0.20815  -0.0145  1.0000  0.1731  -1.2596   0.0000   0.0000   0.0000   0.2035
 -16.000  -0.4443   0.21130   0.19950  -0.0154  1.0000  0.1807  -1.2332   0.0000   0.0000   0.0000   0.1999
 -15.500  -0.4326   0.20653   0.19484  -0.0171  1.0000  0.1863  -1.2401   0.0000   0.0000   0.0000   0.1955
 -15.000  -0.4217   0.20225   0.19064  -0.0185  1.0000  0.1944  -1.2444   0.0000   0.0000   0.0000   0.1916
 -14.500  -0.4051   0.19521   0.18368  -0.0193  1.0000  0.2023  -1.2281   0.0000   0.0000   0.0000   0.1879
 -14.000  -0.3933   0.18985   0.17838  -0.0203  1.0000  0.2098  -1.2266   0.0000   0.0000   0.0000   0.1842
 -13.500  -0.3857   0.18587   0.17453  -0.0213  1.0000  0.2180  -1.2353   0.0000   0.0000   0.0000   0.1810
 -13.000  -0.3770   0.18137   0.17013  -0.0219  1.0000  0.2278  -1.2357   0.0000   0.0000   0.0000   0.1784
 -12.500  -0.3647   0.17534   0.16421  -0.0222  1.0000  0.2384  -1.2230   0.0000   0.0000   0.0000   0.1759
 -12.000  -0.3544   0.16979   0.15878  -0.0224  1.0000  0.2493  -1.2137   0.0000   0.0000   0.0000   0.1741
 -11.500  -0.3465   0.16480   0.15393  -0.0223  1.0000  0.2606  -1.2080   0.0000   0.0000   0.0000   0.1731
 -11.000  -0.3356   0.15868   0.14796  -0.0220  1.0000  0.2728  -1.1914   0.0000   0.0000   0.0000   0.1721
 -10.500  -0.3220   0.15209   0.14148  -0.0213  1.0000  0.2873  -1.1667   0.0000   0.0000   0.0000   0.1715
 -10.000  -0.3167   0.14741   0.13696  -0.0205  1.0000  0.3030  -1.1787   0.0000   0.0000   0.0000   0.1735
  -9.500  -0.3065   0.14145   0.13108  -0.0193  1.0000  0.3216  -1.1780   0.0000   0.0000   0.0000   0.1756
  -9.000  -0.3001   0.13630   0.12611  -0.0176  1.0000  0.3450  -1.1807   0.0000   0.0000   0.0000   0.1803
  -8.500  -0.3001   0.13225   0.12226  -0.0153  1.0000  0.3701  -1.1921   0.0000   0.0000   0.0000   0.1887
  -8.000  -0.2883   0.12592   0.11609  -0.0128  1.0000  0.4011  -1.1817   0.0000   0.0000   0.0000   0.1953
  -7.500  -0.2805   0.12030   0.11066  -0.0100  1.0000  0.4324  -1.1786   0.0000   0.0000   0.0000   0.2045
  -7.000  -0.2766   0.11527   0.10582  -0.0065  1.0000  0.4672  -1.1800   0.0000   0.0000   0.0000   0.2170
  -6.500  -0.2683   0.10954   0.10028  -0.0027  1.0000  0.5107  -1.1752   0.0000   0.0000   0.0000   0.2308
  -6.000  -0.2501   0.10254   0.09343   0.0018  1.0000  0.5850  -1.1565   0.0000   0.0000   0.0000   0.2481
  -5.500   0.0023   0.07209   0.06192  -0.0332  1.0000  1.0000  -0.9861   0.0000   0.0000   0.0000  15.6571
  -5.000   0.0130   0.06826   0.05823  -0.0325  1.0000  1.0000  -0.9900   0.0000   0.0000   0.0000   2.9086
  -4.500   0.0225   0.06471   0.05484  -0.0314  1.0000  1.0000  -0.9850   0.0000   0.0000   0.0000   1.7318
  -4.000   0.0305   0.06146   0.05175  -0.0301  1.0000  1.0000  -0.9734   0.0000   0.0000   0.0000   1.2934
  -3.500  -0.0411   0.06316   0.05400  -0.0100  1.0000  0.9580  -1.0310   0.0000   0.0000   0.0000  -0.0269
  -3.000  -0.1457   0.06672   0.05822   0.0132  1.0000  0.8743  -1.1284   0.0000   0.0000   0.0000   0.3327
  -2.500  -0.2406   0.06906   0.06113   0.0291  1.0000  0.7837  -1.2291   0.0000   0.0000   0.0000   0.3668
  -1.500  -0.1240   0.05653   0.04767  -0.0480  1.0000  0.3681  -1.4446   0.0000   0.0000   0.0000  -0.1431
  -1.000  -0.0199   0.05012   0.04057  -0.0667  1.0000  0.3754  -1.3154   0.0000   0.0000   0.0000  -3.1291
  -0.500   0.0707   0.04624   0.03603  -0.0788  1.0000  0.4167  -1.1418   0.0000   0.0000   0.0000   1.3689
   0.000   0.1436   0.04417   0.03350  -0.0851  1.0000  0.4816  -0.9583   0.0000   0.0000   0.0000   0.8435
   0.500   0.1993   0.04316   0.03237  -0.0870  1.0000  0.5708  -0.8292   0.0000   0.0000   0.0000   0.6858
   1.000   0.2419   0.04247   0.03189  -0.0858  1.0000  0.6999  -0.7610   0.0000   0.0000   0.0000   0.6026
   2.000   0.3555   0.04502   0.03317  -0.0995  1.0000  1.0000  -0.6488   0.0000   0.0000   0.0000   0.5266
   2.500   0.3902   0.04856   0.03621  -0.1015  1.0000  1.0000  -0.6821   0.0000   0.0000   0.0000   0.5063
   3.000   0.4204   0.05250   0.03988  -0.1033  1.0000  1.0000  -0.7119   0.0000   0.0000   0.0000   0.4913
   3.500   0.4476   0.05688   0.04407  -0.1052  1.0000  1.0000  -0.7414   0.0000   0.0000   0.0000   0.4800
   4.000   0.5267   0.06375   0.05078  -0.1168  0.9585  1.0000  -0.8132   0.0000   0.0000   0.0000   0.4664
   4.500   0.6121   0.06948   0.05644  -0.1272  0.8931  1.0000  -0.8992   0.0000   0.0000   0.0000   0.4520
   5.000   0.6876   0.07467   0.06163  -0.1342  0.8358  1.0000  -0.9843   0.0000   0.0000   0.0000   0.4390
   5.500   0.7361   0.07973   0.06675  -0.1371  0.7878  1.0000  -1.0454   0.0000   0.0000   0.0000   0.4297
   6.000   0.7817   0.08512   0.07225  -0.1393  0.7438  1.0000  -1.1047   0.0000   0.0000   0.0000   0.4212
   6.500   0.8247   0.09087   0.07810  -0.1410  0.7043  1.0000  -1.1629   0.0000   0.0000   0.0000   0.4135
   7.000   0.8539   0.09731   0.08466  -0.1418  0.6722  1.0000  -1.2041   0.0000   0.0000   0.0000   0.4081
   7.500   0.8680   0.10465   0.09217  -0.1423  0.6497  1.0000  -1.2209   0.0000   0.0000   0.0000   0.4055
   8.000   0.8738   0.11283   0.10048  -0.1434  0.6386  1.0000  -1.2176   0.0000   0.0000   0.0000   0.4051
  12.500   0.9578   0.18440   0.17325  -0.1647  0.6285  1.0000  -1.2845   0.0000   0.0000   0.0000   0.4074
  13.000   0.9785   0.19068   0.17965  -0.1663  0.5980  1.0000  -1.3030   0.0000   0.0000   0.0000   0.4047
  13.500   1.0044   0.19910   0.18820  -0.1688  0.5743  1.0000  -1.3279   0.0000   0.0000   0.0000   0.4020
  14.000   1.0180   0.20386   0.19306  -0.1705  0.5478  1.0000  -1.3864   0.0000   0.0000   0.0000   0.4006
  14.500   1.0402   0.21099   0.20047  -0.1727  0.5225  1.0000  -1.4612   0.0000   0.0000   0.0000   0.3984
  15.000   1.0608   0.21801   0.20761  -0.1751  0.5001  1.0000  -1.5278   0.0000   0.0000   0.0000   0.3967
  15.500   1.0842   0.22590   0.21562  -0.1774  0.4750  1.0000  -1.5991   0.0000   0.0000   0.0000   0.3944
  16.000   1.1017   0.23207   0.22192  -0.1800  0.4552  1.0000  -1.6480   0.0000   0.0000   0.0000   0.3933
  16.500   1.1173   0.23768   0.22762  -0.1828  0.4359  1.0000  -1.6857   0.0000   0.0000   0.0000   0.3926
  17.000   1.1373   0.24455   0.23462  -0.1854  0.4128  1.0000  -1.7302   0.0000   0.0000   0.0000   0.3911
  17.500   1.1552   0.25142   0.24160  -0.1885  0.3966  1.0000  -1.7561   0.0000   0.0000   0.0000   0.3904
  18.000   1.1736   0.25826   0.24858  -0.1917  0.3794  1.0000  -1.7943   0.0000   0.0000   0.0000   0.3895
  18.500   1.1892   0.26400   0.25441  -0.1950  0.3606  1.0000  -1.8185   0.0000   0.0000   0.0000   0.3892
  19.000   1.2080   0.27132   0.26195  -0.1982  0.3420  1.0000  -1.8403   0.0000   0.0000   0.0000   0.3883
  19.500   1.2243   0.27754   0.26827  -0.2018  0.3259  1.0000  -1.8418   0.0000   0.0000   0.0000   0.3881
  20.000   1.2421   0.28476   0.27557  -0.2053  0.3096  1.0000  -1.8404   0.0000   0.0000   0.0000   0.3875


