xflr5 v6.61

 Calculated polar for: E63_4_27

 1 1 Reynolds number fixed          Mach number fixed         

 xtrf =   1.000 (top)        1.000 (bottom)
 Mach =   0.200     Re =     0.125 e 6     Ncrit =   7.000

  alpha     CL        CD       CDp       Cm    Top Xtr Bot Xtr   Cpmin    Chinge    XCp    
 ------- -------- --------- --------- -------- ------- ------- -------- --------- ---------
  -8.000  -0.3599   0.11310   0.10864  -0.0191  1.0000  0.0235  -1.2700   0.0000   0.0000   0.0000   0.1948
  -7.500  -0.3566   0.10851   0.10414  -0.0180  1.0000  0.0246  -1.2654   0.0000   0.0000   0.0000   0.1976
  -7.000  -0.3569   0.10443   0.10017  -0.0164  1.0000  0.0257  -1.2837   0.0000   0.0000   0.0000   0.2023
  -6.500  -0.3634   0.10113   0.09698  -0.0138  1.0000  0.0268  -1.3243   0.0000   0.0000   0.0000   0.2106
  -4.500  -0.3333   0.08131   0.07755  -0.0183  1.0000  0.0307  -1.4144   0.0000   0.0000   0.0000   0.1936
  -4.000  -0.3049   0.07522   0.07149  -0.0240  1.0000  0.0338  -1.3923   0.0000   0.0000   0.0000   0.1698
  -3.500  -0.2309   0.06670   0.06284  -0.0431  0.9986  0.0383  -1.4872   0.0000   0.0000   0.0000   0.0611
  -3.000  -0.1237   0.05682   0.05275  -0.0665  0.9929  0.0470  -1.4709   0.0000   0.0000   0.0000  -0.2917
  -1.000   0.3586   0.02422   0.01679  -0.1376  0.9884  0.0284  -1.5415   0.0000   0.0000   0.0000   0.6345
  -0.500   0.4487   0.02121   0.01318  -0.1444  0.9849  0.0332  -1.4330   0.0000   0.0000   0.0000   0.5721
   0.000   0.5380   0.01967   0.01151  -0.1509  0.9798  0.0627  -1.2960   0.0000   0.0000   0.0000   0.5302
   1.000   0.6906   0.01773   0.01101  -0.1590  0.9547  1.0000  -0.6166   0.0000   0.0000   0.0000   0.4791
   1.500   0.7680   0.01758   0.01072  -0.1630  0.9374  1.0000  -0.7045   0.0000   0.0000   0.0000   0.4606
   2.000   0.8491   0.01709   0.01023  -0.1672  0.9206  1.0000  -0.8197   0.0000   0.0000   0.0000   0.4448
   2.500   0.9232   0.01640   0.00970  -0.1696  0.8979  1.0000  -0.9558   0.0000   0.0000   0.0000   0.4311
   3.000   0.9965   0.01542   0.00894  -0.1711  0.8707  1.0000  -1.1675   0.0000   0.0000   0.0000   0.4187
   3.500   1.0760   0.01430   0.00813  -0.1735  0.8281  1.0000  -1.6733   0.0000   0.0000   0.0000   0.4076
   4.000   1.1848   0.01339   0.00696  -0.1806  0.6685  1.0000  -2.3934   0.0000   0.0000   0.0000   0.3983
   4.500   1.2259   0.01535   0.00789  -0.1761  0.4601  1.0000  -2.8364   0.0000   0.0000   0.0000   0.3889
   5.000   1.2527   0.01827   0.00971  -0.1703  0.2450  1.0000  -3.2006   0.0000   0.0000   0.0000   0.3806
   5.500   1.2799   0.02245   0.01266  -0.1651  0.0549  1.0000  -3.5492   0.0000   0.0000   0.0000   0.3731
   6.000   1.3146   0.02573   0.01610  -0.1604  0.0350  1.0000  -3.8995   0.0000   0.0000   0.0000   0.3655
   6.500   1.3490   0.02946   0.02009  -0.1557  0.0302  1.0000  -4.5243   0.0000   0.0000   0.0000   0.3583
   7.000   1.3975   0.03529   0.02626  -0.1533  0.0282  1.0000  -5.2203   0.0000   0.0000   0.0000   0.3519
   7.500   1.4425   0.04076   0.03275  -0.1499  0.0247  1.0000  -5.8476   0.0000   0.0000   0.0000   0.3455
   8.000   1.4710   0.04885   0.04200  -0.1443  0.0240  1.0000  -6.1506   0.0000   0.0000   0.0000   0.3390
   8.500   1.4744   0.05841   0.05272  -0.1362  0.0243  1.0000  -6.1544   0.0000   0.0000   0.0000   0.3328
   9.000   1.4553   0.06818   0.06341  -0.1273  0.0251  1.0000  -6.0230   0.0000   0.0000   0.0000   0.3274
   9.500   1.4176   0.07671   0.07253  -0.1183  0.0256  1.0000  -5.8834   0.0000   0.0000   0.0000   0.3228
  10.000   1.3753   0.08650   0.08281  -0.1136  0.0260  1.0000  -5.7251   0.0000   0.0000   0.0000   0.3213
  10.500   1.3326   0.09849   0.09519  -0.1151  0.0264  1.0000  -5.5310   0.0000   0.0000   0.0000   0.3244
  11.000   1.2933   0.11377   0.11075  -0.1239  0.0268  1.0000  -5.2619   0.0000   0.0000   0.0000   0.3332
  11.500   1.2647   0.13282   0.12994  -0.1379  0.0274  1.0000  -4.8736   0.0000   0.0000   0.0000   0.3460
  12.000   1.2527   0.14888   0.14597  -0.1472  0.0285  1.0000  -4.6277   0.0000   0.0000   0.0000   0.3540


