xflr5 v6.61

 Calculated polar for: E63_13_00

 1 1 Reynolds number fixed          Mach number fixed         

 xtrf =   1.000 (top)        1.000 (bottom)
 Mach =   0.200     Re =     0.100 e 6     Ncrit =   7.000

  alpha     CL        CD       CDp       Cm    Top Xtr Bot Xtr   Cpmin    Chinge    XCp    
 ------- -------- --------- --------- -------- ------- ------- -------- --------- ---------
 -30.000  -0.8056   0.34858   0.34215   0.0609  1.0000  0.0285  -1.7360   0.0000   0.0000   0.0000   0.2824
 -29.500  -0.7898   0.33818   0.33173   0.0585  1.0000  0.0289  -1.6477   0.0000   0.0000   0.0000   0.2818
 -29.000  -0.7758   0.33268   0.32620   0.0551  1.0000  0.0296  -1.5900   0.0000   0.0000   0.0000   0.2798
 -28.500  -0.7618   0.32795   0.32146   0.0514  1.0000  0.0303  -1.5445   0.0000   0.0000   0.0000   0.2774
 -28.000  -0.7477   0.32334   0.31685   0.0477  1.0000  0.0314  -1.5063   0.0000   0.0000   0.0000   0.2747
 -27.500  -0.7334   0.31865   0.31215   0.0439  1.0000  0.0326  -1.4963   0.0000   0.0000   0.0000   0.2718
 -27.000  -0.7190   0.31390   0.30738   0.0401  1.0000  0.0337  -1.4917   0.0000   0.0000   0.0000   0.2686
 -26.500  -0.7044   0.30905   0.30252   0.0364  1.0000  0.0347  -1.4889   0.0000   0.0000   0.0000   0.2653
 -26.000  -0.6898   0.30419   0.29766   0.0326  1.0000  0.0357  -1.4904   0.0000   0.0000   0.0000   0.2617
 -25.500  -0.6752   0.29954   0.29301   0.0287  1.0000  0.0365  -1.5010   0.0000   0.0000   0.0000   0.2577
 -24.000  -0.3926   0.24457   0.23912  -0.0081  1.0000  0.0380  -0.9190   0.0000   0.0000   0.0000   0.2090
 -23.500  -0.3828   0.23990   0.23445  -0.0094  1.0000  0.0389  -0.8822   0.0000   0.0000   0.0000   0.2054
 -23.000  -0.3740   0.23585   0.23039  -0.0109  1.0000  0.0401  -0.8611   0.0000   0.0000   0.0000   0.2010
 -22.500  -0.3655   0.23194   0.22648  -0.0125  1.0000  0.0419  -0.8606   0.0000   0.0000   0.0000   0.1962
 -22.000  -0.3577   0.22811   0.22263  -0.0142  1.0000  0.0440  -0.8824   0.0000   0.0000   0.0000   0.1909
 -21.500  -0.3516   0.22483   0.21934  -0.0162  1.0000  0.0454  -0.9307   0.0000   0.0000   0.0000   0.1846
 -21.000  -0.3482   0.22270   0.21720  -0.0183  1.0000  0.0458  -0.9970   0.0000   0.0000   0.0000   0.1779
 -20.500  -0.3471   0.22150   0.21601  -0.0205  1.0000  0.0461  -1.0696   0.0000   0.0000   0.0000   0.1716
 -20.000  -0.3317   0.21340   0.20793  -0.0208  1.0000  0.0467  -1.0163   0.0000   0.0000   0.0000   0.1680
 -19.000  -0.4809   0.23138   0.22507  -0.0103  1.0000  0.0471  -1.4621   0.0000   0.0000   0.0000   0.2015
 -18.500  -0.4640   0.22566   0.21938  -0.0117  1.0000  0.0484  -1.4070   0.0000   0.0000   0.0000   0.1980
 -18.000  -0.4486   0.22034   0.21410  -0.0135  1.0000  0.0501  -1.3768   0.0000   0.0000   0.0000   0.1935
 -17.500  -0.4342   0.21501   0.20878  -0.0155  1.0000  0.0521  -1.3620   0.0000   0.0000   0.0000   0.1884
 -17.000  -0.4218   0.20988   0.20369  -0.0179  1.0000  0.0546  -1.3775   0.0000   0.0000   0.0000   0.1820
 -16.500  -0.4157   0.20622   0.20009  -0.0213  1.0000  0.0556  -1.4530   0.0000   0.0000   0.0000   0.1737
 -16.000  -0.4065   0.20069   0.19464  -0.0235  1.0000  0.0561  -1.4782   0.0000   0.0000   0.0000   0.1677
 -15.500  -0.3823   0.19287   0.18685  -0.0224  1.0000  0.0586  -1.3466   0.0000   0.0000   0.0000   0.1669
 -15.000  -0.3690   0.18766   0.18168  -0.0234  1.0000  0.0621  -1.3343   0.0000   0.0000   0.0000   0.1624
 -14.500  -0.3614   0.18276   0.17684  -0.0256  1.0000  0.0650  -1.3924   0.0000   0.0000   0.0000   0.1557
 -14.000  -0.3624   0.17911   0.17327  -0.0285  1.0000  0.0657  -1.5027   0.0000   0.0000   0.0000   0.1488
 -13.500  -0.3471   0.17162   0.16582  -0.0285  1.0000  0.0664  -1.4753   0.0000   0.0000   0.0000   0.1454
 -13.000  -0.3296   0.16532   0.15956  -0.0277  1.0000  0.0680  -1.4018   0.0000   0.0000   0.0000   0.1436
 -12.500  -0.3189   0.15998   0.15428  -0.0278  1.0000  0.0702  -1.3817   0.0000   0.0000   0.0000   0.1409
 -12.000  -0.3119   0.15468   0.14905  -0.0283  1.0000  0.0730  -1.3930   0.0000   0.0000   0.0000   0.1380
 -11.500  -0.3168   0.15011   0.14457  -0.0302  1.0000  0.0753  -1.4912   0.0000   0.0000   0.0000   0.1345
 -11.000  -0.3248   0.14539   0.13995  -0.0317  1.0000  0.0757  -1.5901   0.0000   0.0000   0.0000   0.1337
 -10.500  -0.3292   0.13976   0.13441  -0.0324  1.0000  0.0758  -1.6616   0.0000   0.0000   0.0000   0.1340
 -10.000  -0.3049   0.13217   0.12690  -0.0292  1.0000  0.0770  -1.5385   0.0000   0.0000   0.0000   0.1361
  -9.500  -0.3054   0.12424   0.11900  -0.0288  1.0000  0.0634  -1.6486   0.0000   0.0000   0.0000   0.1382
  -9.000  -0.3124   0.11739   0.11225  -0.0284  1.0000  0.0598  -1.7747   0.0000   0.0000   0.0000   0.1429
  -8.500  -0.3239   0.11109   0.10605  -0.0277  1.0000  0.0603  -1.9255   0.0000   0.0000   0.0000   0.1495
  -8.000  -0.3403   0.10512   0.10019  -0.0267  1.0000  0.0621  -2.0758   0.0000   0.0000   0.0000   0.1579
  -7.500  -0.3664   0.09903   0.09423  -0.0256  1.0000  0.0640  -2.2486   0.0000   0.0000   0.0000   0.1680
  -7.000  -0.3963   0.09369   0.08901  -0.0229  1.0000  0.0640  -2.3882   0.0000   0.0000   0.0000   0.1814
  -6.500  -0.4063   0.08546   0.08084  -0.0282  0.9936  0.0637  -2.5453   0.0000   0.0000   0.0000   0.1704
  -6.000  -0.3627   0.03791   0.03143  -0.0978  0.9806  0.0651  -3.6598   0.0000   0.0000   0.0000  -0.0333
  -5.500  -0.2819   0.03494   0.02805  -0.1061  0.9708  0.0707  -3.2904   0.0000   0.0000   0.0000  -0.1421
  -5.000  -0.2033   0.03314   0.02582  -0.1125  0.9594  0.0810  -2.9086   0.0000   0.0000   0.0000  -0.3231
  -4.500  -0.1269   0.03179   0.02413  -0.1178  0.9468  0.0939  -2.5408   0.0000   0.0000   0.0000  -0.7050
  -4.000  -0.0462   0.02953   0.02141  -0.1233  0.9351  0.1056  -2.2404   0.0000   0.0000   0.0000  -2.4880
  -3.500   0.0351   0.02782   0.01939  -0.1281  0.9228  0.1204  -2.0388   0.0000   0.0000   0.0000   3.9743
  -3.000   0.1168   0.02691   0.01840  -0.1326  0.9101  0.1426  -1.7999   0.0000   0.0000   0.0000   1.4029
  -2.500   0.1873   0.02612   0.01759  -0.1347  0.8926  0.1657  -1.5815   0.0000   0.0000   0.0000   0.9782
  -2.000   0.2689   0.02491   0.01632  -0.1384  0.8789  0.1899  -1.3692   0.0000   0.0000   0.0000   0.7692
  -1.500   0.3411   0.02380   0.01519  -0.1403  0.8605  0.2157  -1.1893   0.0000   0.0000   0.0000   0.6632
  -1.000   0.4229   0.02233   0.01382  -0.1434  0.8466  0.2467  -0.9957   0.0000   0.0000   0.0000   0.5892
  -0.500   0.4964   0.02108   0.01267  -0.1449  0.8270  0.2828  -0.8308   0.0000   0.0000   0.0000   0.5409
   0.000   0.5748   0.01974   0.01153  -0.1471  0.8058  0.3303  -0.9177   0.0000   0.0000   0.0000   0.5041
   0.500   0.6582   0.01844   0.01042  -0.1503  0.7802  0.3939  -1.0126   0.0000   0.0000   0.0000   0.4756
   1.000   0.7386   0.01755   0.00977  -0.1531  0.7460  0.4857  -1.1154   0.0000   0.0000   0.0000   0.4538
   1.500   0.8174   0.01690   0.00937  -0.1555  0.7055  0.6182  -1.2283   0.0000   0.0000   0.0000   0.4361
   2.000   0.8660   0.01635   0.00918  -0.1515  0.6620  0.8365  -1.3190   0.0000   0.0000   0.0000   0.4201
   2.500   0.9247   0.01658   0.00902  -0.1507  0.6141  1.0000  -1.4193   0.0000   0.0000   0.0000   0.4075
   3.000   0.9796   0.01726   0.00926  -0.1495  0.5681  1.0000  -1.5175   0.0000   0.0000   0.0000   0.3965
   3.500   1.0298   0.01806   0.00967  -0.1475  0.5255  1.0000  -1.6124   0.0000   0.0000   0.0000   0.3864
   4.000   1.0777   0.01895   0.01021  -0.1452  0.4865  1.0000  -1.7060   0.0000   0.0000   0.0000   0.3772
   4.500   1.1217   0.01990   0.01088  -0.1422  0.4493  1.0000  -1.8033   0.0000   0.0000   0.0000   0.3686
   5.000   1.1644   0.02092   0.01164  -0.1391  0.4156  1.0000  -1.9078   0.0000   0.0000   0.0000   0.3606
   5.500   1.2068   0.02201   0.01253  -0.1361  0.3865  1.0000  -2.0130   0.0000   0.0000   0.0000   0.3531
   6.000   1.2489   0.02316   0.01354  -0.1330  0.3610  1.0000  -2.1227   0.0000   0.0000   0.0000   0.3462
   6.500   1.2902   0.02440   0.01463  -0.1299  0.3381  1.0000  -2.2365   0.0000   0.0000   0.0000   0.3397
   7.000   1.3312   0.02572   0.01586  -0.1269  0.3177  1.0000  -2.3572   0.0000   0.0000   0.0000   0.3336
   7.500   1.3730   0.02714   0.01723  -0.1241  0.2997  1.0000  -2.4840   0.0000   0.0000   0.0000   0.3278
   8.000   1.4097   0.02863   0.01872  -0.1205  0.2820  1.0000  -2.6041   0.0000   0.0000   0.0000   0.3222
   8.500   1.4453   0.03018   0.02023  -0.1168  0.2660  1.0000  -2.7248   0.0000   0.0000   0.0000   0.3168
   9.000   1.4786   0.03189   0.02200  -0.1130  0.2514  1.0000  -2.8496   0.0000   0.0000   0.0000   0.3115
   9.500   1.5134   0.03374   0.02389  -0.1095  0.2388  1.0000  -3.0132   0.0000   0.0000   0.0000   0.3067
  10.000   1.5451   0.03570   0.02597  -0.1058  0.2270  1.0000  -3.1732   0.0000   0.0000   0.0000   0.3019
  10.500   1.5736   0.03785   0.02824  -0.1018  0.2162  1.0000  -3.3280   0.0000   0.0000   0.0000   0.2973
  11.000   1.5983   0.04027   0.03083  -0.0975  0.2065  1.0000  -3.4751   0.0000   0.0000   0.0000   0.2927
  11.500   1.6186   0.04292   0.03367  -0.0931  0.1975  1.0000  -3.6139   0.0000   0.0000   0.0000   0.2883
  12.000   1.6371   0.04573   0.03669  -0.0888  0.1892  1.0000  -3.7504   0.0000   0.0000   0.0000   0.2841
  12.500   1.6562   0.04846   0.03949  -0.0849  0.1810  1.0000  -3.8929   0.0000   0.0000   0.0000   0.2802
  13.000   1.6504   0.05250   0.04391  -0.0796  0.1731  1.0000  -3.9722   0.0000   0.0000   0.0000   0.2761
  13.500   1.6428   0.05718   0.04892  -0.0753  0.1657  1.0000  -4.0450   0.0000   0.0000   0.0000   0.2727
  14.000   1.6441   0.06150   0.05339  -0.0723  0.1585  1.0000  -4.1427   0.0000   0.0000   0.0000   0.2698
  14.500   1.6245   0.06822   0.06051  -0.0701  0.1523  1.0000  -4.2020   0.0000   0.0000   0.0000   0.2679
  15.000   1.6049   0.07574   0.06839  -0.0694  0.1465  1.0000  -4.2691   0.0000   0.0000   0.0000   0.2668
  15.500   1.5838   0.08408   0.07703  -0.0702  0.1407  1.0000  -4.3247   0.0000   0.0000   0.0000   0.2668
  16.000   1.5334   0.09775   0.09116  -0.0746  0.1363  1.0000  -4.2410   0.0000   0.0000   0.0000   0.2700
  17.000   1.1856   0.19133   0.18559  -0.1340  0.1196  1.0000  -2.4328   0.0000   0.0000   0.0000   0.3360
  17.500   1.1783   0.20322   0.19753  -0.1419  0.1127  1.0000  -2.3609   0.0000   0.0000   0.0000   0.3427
  18.000   1.2178   0.20128   0.19565  -0.1391  0.1075  1.0000  -2.6658   0.0000   0.0000   0.0000   0.3348
  18.500   1.1918   0.21945   0.21386  -0.1522  0.1020  1.0000  -2.3949   0.0000   0.0000   0.0000   0.3482
  19.000   1.2158   0.22195   0.21644  -0.1532  0.0959  1.0000  -2.5733   0.0000   0.0000   0.0000   0.3450
  19.500   1.2110   0.23370   0.22824  -0.1618  0.0915  1.0000  -2.4546   0.0000   0.0000   0.0000   0.3521
  20.000   1.2390   0.23490   0.22949  -0.1618  0.0862  1.0000  -2.6777   0.0000   0.0000   0.0000   0.3474


