xflr5 v6.61

 Calculated polar for: E63_4_27

 1 1 Reynolds number fixed          Mach number fixed         

 xtrf =   1.000 (top)        1.000 (bottom)
 Mach =   0.200     Re =     0.025 e 6     Ncrit =   9.000

  alpha     CL        CD       CDp       Cm    Top Xtr Bot Xtr   Cpmin    Chinge    XCp    
 ------- -------- --------- --------- -------- ------- ------- -------- --------- ---------
 -20.000  -0.6507   0.25847   0.24708   0.0145  1.0000  0.0861  -1.3646   0.0000   0.0000   0.0000   0.2670
 -19.500  -0.6336   0.24966   0.23830   0.0122  1.0000  0.0891  -1.3265   0.0000   0.0000   0.0000   0.2642
 -19.000  -0.6184   0.24395   0.23260   0.0095  1.0000  0.0937  -1.3019   0.0000   0.0000   0.0000   0.2605
 -18.500  -0.6069   0.24180   0.23050   0.0061  1.0000  0.0967  -1.3090   0.0000   0.0000   0.0000   0.2556
 -18.000  -0.5894   0.23305   0.22178   0.0041  1.0000  0.1009  -1.2593   0.0000   0.0000   0.0000   0.2527
 -17.500  -0.5761   0.22874   0.21751   0.0014  1.0000  0.1063  -1.2395   0.0000   0.0000   0.0000   0.2484
 -17.000  -0.5621   0.22302   0.21179  -0.0010  1.0000  0.1097  -1.2114   0.0000   0.0000   0.0000   0.2444
 -16.500  -0.5474   0.21705   0.20585  -0.0030  1.0000  0.1162  -1.2037   0.0000   0.0000   0.0000   0.2408
 -16.000  -0.5361   0.21296   0.20185  -0.0055  1.0000  0.1197  -1.2217   0.0000   0.0000   0.0000   0.2362
 -15.500  -0.5204   0.20597   0.19488  -0.0071  1.0000  0.1269  -1.2059   0.0000   0.0000   0.0000   0.2330
 -15.000  -0.5088   0.20107   0.19008  -0.0092  1.0000  0.1312  -1.2151   0.0000   0.0000   0.0000   0.2288
 -14.500  -0.4960   0.19556   0.18461  -0.0108  1.0000  0.1389  -1.2094   0.0000   0.0000   0.0000   0.2252
 -14.000  -0.4819   0.18889   0.17802  -0.0121  1.0000  0.1450  -1.1964   0.0000   0.0000   0.0000   0.2219
 -13.500  -0.4767   0.18663   0.17579  -0.0141  1.0000  0.1512  -1.2195   0.0000   0.0000   0.0000   0.2176
 -13.000  -0.4605   0.17868   0.16790  -0.0148  1.0000  0.1605  -1.1878   0.0000   0.0000   0.0000   0.2150
 -12.500  -0.4477   0.17223   0.16153  -0.0157  1.0000  0.1689  -1.1675   0.0000   0.0000   0.0000   0.2121
 -12.000  -0.4374   0.16665   0.15605  -0.0166  1.0000  0.1776  -1.1538   0.0000   0.0000   0.0000   0.2094
 -11.500  -0.4280   0.16126   0.15077  -0.0173  1.0000  0.1876  -1.1385   0.0000   0.0000   0.0000   0.2070
 -11.000  -0.4180   0.15556   0.14518  -0.0176  1.0000  0.1995  -1.1155   0.0000   0.0000   0.0000   0.2052
 -10.500  -0.4092   0.15011   0.13985  -0.0178  1.0000  0.2132  -1.0912   0.0000   0.0000   0.0000   0.2039
 -10.000  -0.4049   0.14587   0.13575  -0.0178  1.0000  0.2271  -1.0782   0.0000   0.0000   0.0000   0.2034
  -9.500  -0.3927   0.13904   0.12895  -0.0173  1.0000  0.2440  -1.0719   0.0000   0.0000   0.0000   0.2035
  -9.000  -0.3926   0.13555   0.12565  -0.0167  1.0000  0.2606  -1.0929   0.0000   0.0000   0.0000   0.2051
  -8.500  -0.3841   0.12957   0.11982  -0.0154  1.0000  0.2821  -1.0923   0.0000   0.0000   0.0000   0.2075
  -8.000  -0.3801   0.12458   0.11502  -0.0137  1.0000  0.3045  -1.0995   0.0000   0.0000   0.0000   0.2115
  -7.500  -0.3673   0.11759   0.10818  -0.0116  1.0000  0.3334  -1.0892   0.0000   0.0000   0.0000   0.2160
  -7.000  -0.3621   0.11217   0.10295  -0.0088  1.0000  0.3652  -1.0899   0.0000   0.0000   0.0000   0.2232
  -6.500  -0.3632   0.10773   0.09873  -0.0049  1.0000  0.4026  -1.0954   0.0000   0.0000   0.0000   0.2342
  -6.000  -0.3527   0.10117   0.09236  -0.0006  1.0000  0.4561  -1.0816   0.0000   0.0000   0.0000   0.2459
  -5.500  -0.0828   0.06373   0.05374  -0.0304  1.0000  1.0000  -0.8335   0.0000   0.0000   0.0000  -0.1285
  -5.000  -0.0677   0.05969   0.04987  -0.0304  1.0000  1.0000  -0.8278   0.0000   0.0000   0.0000  -0.2131
  -4.500  -0.0532   0.05588   0.04623  -0.0303  1.0000  1.0000  -0.8196   0.0000   0.0000   0.0000  -0.3346
  -4.000  -0.0396   0.05229   0.04284  -0.0298  1.0000  1.0000  -0.8089   0.0000   0.0000   0.0000  -0.5222
  -3.500  -0.0272   0.04892   0.03962  -0.0291  1.0000  1.0000  -0.7950   0.0000   0.0000   0.0000  -0.8444
  -3.000  -0.0646   0.04850   0.03961  -0.0160  1.0000  0.9764  -0.8200   0.0000   0.0000   0.0000  -0.0056
  -1.000   0.2173   0.03915   0.02801  -0.1160  1.0000  0.2208  -1.2412   0.0000   0.0000   0.0000   0.7856
  -0.500   0.3224   0.03491   0.02234  -0.1264  1.0000  0.2522  -1.2674   0.0000   0.0000   0.0000   0.6427
   0.000   0.4049   0.03132   0.01852  -0.1302  1.0000  0.4116  -1.3007   0.0000   0.0000   0.0000   0.5715
   1.000   0.5122   0.02969   0.01549  -0.1278  1.0000  1.0000  -0.8602   0.0000   0.0000   0.0000   0.4984
   1.500   0.5591   0.03104   0.01621  -0.1275  1.0000  1.0000  -0.5483   0.0000   0.0000   0.0000   0.4765
   2.000   0.6034   0.03263   0.01747  -0.1272  1.0000  1.0000  -0.5980   0.0000   0.0000   0.0000   0.4588
   2.500   0.6450   0.03449   0.01923  -0.1269  1.0000  1.0000  -0.6550   0.0000   0.0000   0.0000   0.4442
   3.000   0.6838   0.03670   0.02147  -0.1267  1.0000  1.0000  -0.7197   0.0000   0.0000   0.0000   0.4322
   3.500   0.7195   0.03934   0.02429  -0.1266  1.0000  1.0000  -0.7870   0.0000   0.0000   0.0000   0.4225
   4.000   0.7515   0.04253   0.02782  -0.1268  1.0000  1.0000  -0.8589   0.0000   0.0000   0.0000   0.4148
   4.500   0.7794   0.04640   0.03207  -0.1275  1.0000  1.0000  -0.9378   0.0000   0.0000   0.0000   0.4092
   5.000   0.8026   0.05113   0.03725  -0.1289  1.0000  1.0000  -1.0284   0.0000   0.0000   0.0000   0.4056
   5.500   0.8210   0.05685   0.04356  -0.1310  1.0000  1.0000  -1.1484   0.0000   0.0000   0.0000   0.4041
   6.000   0.9433   0.06457   0.05265  -0.1514  0.8938  1.0000  -1.6704   0.0000   0.0000   0.0000   0.4046
   6.500   1.3063   0.04562   0.03542  -0.1417  0.3366  1.0000  -3.4475   0.0000   0.0000   0.0000   0.3518
   7.000   1.3476   0.05469   0.04404  -0.1358  0.2228  1.0000  -3.5042   0.0000   0.0000   0.0000   0.3434
   7.500   1.3789   0.06383   0.05387  -0.1314  0.1831  1.0000  -3.7504   0.0000   0.0000   0.0000   0.3375
   8.000   1.3857   0.07474   0.06599  -0.1268  0.1768  1.0000  -3.7952   0.0000   0.0000   0.0000   0.3333
   8.500   1.3698   0.08616   0.07827  -0.1227  0.1775  1.0000  -3.7315   0.0000   0.0000   0.0000   0.3310
   9.000   1.3420   0.09789   0.09049  -0.1201  0.1804  1.0000  -3.6190   0.0000   0.0000   0.0000   0.3305
   9.500   1.2783   0.11015   0.10298  -0.1209  0.1882  1.0000  -3.2977   0.0000   0.0000   0.0000   0.3352
  10.000   1.2303   0.12604   0.11886  -0.1296  0.1987  1.0000  -2.9682   0.0000   0.0000   0.0000   0.3456
  10.500   1.2069   0.14269   0.13540  -0.1402  0.2121  1.0000  -2.7198   0.0000   0.0000   0.0000   0.3560
  11.000   1.1906   0.15832   0.15090  -0.1507  0.2340  1.0000  -2.4946   0.0000   0.0000   0.0000   0.3660
  11.500   1.1170   0.18130   0.17355  -0.1869  0.5173  1.0000  -1.8927   0.0000   0.0000   0.0000   0.4064
  12.000   1.1331   0.19106   0.18337  -0.1894  0.4962  1.0000  -1.8603   0.0000   0.0000   0.0000   0.4055
  12.500   1.1523   0.20034   0.19271  -0.1910  0.4637  1.0000  -1.8702   0.0000   0.0000   0.0000   0.4036
  13.000   1.1647   0.20798   0.20037  -0.1933  0.4388  1.0000  -1.9045   0.0000   0.0000   0.0000   0.4031
  13.500   1.1847   0.21766   0.21010  -0.1960  0.4197  1.0000  -1.9869   0.0000   0.0000   0.0000   0.4019
  14.000   1.2054   0.22737   0.21987  -0.1987  0.3988  1.0000  -2.0696   0.0000   0.0000   0.0000   0.4006
  14.500   1.2192   0.23447   0.22700  -0.2017  0.3784  1.0000  -2.1205   0.0000   0.0000   0.0000   0.4005
  15.000   1.2341   0.24167   0.23422  -0.2049  0.3581  1.0000  -2.1667   0.0000   0.0000   0.0000   0.4003
  15.500   1.2585   0.25239   0.24498  -0.2071  0.3334  1.0000  -2.2434   0.0000   0.0000   0.0000   0.3982
  16.000   1.2747   0.25974   0.25251  -0.2103  0.3113  1.0000  -2.2755   0.0000   0.0000   0.0000   0.3978
  16.500   1.2859   0.26458   0.25736  -0.2145  0.2941  1.0000  -2.2740   0.0000   0.0000   0.0000   0.3988
  17.000   1.3076   0.27470   0.26751  -0.2177  0.2782  1.0000  -2.3009   0.0000   0.0000   0.0000   0.3977
  17.500   1.3201   0.27967   0.27248  -0.2223  0.2635  1.0000  -2.2841   0.0000   0.0000   0.0000   0.3987
  18.000   1.3396   0.28819   0.28104  -0.2260  0.2483  1.0000  -2.2857   0.0000   0.0000   0.0000   0.3981
  18.500   1.3583   0.29684   0.28970  -0.2299  0.2346  1.0000  -2.2861   0.0000   0.0000   0.0000   0.3978
  19.000   1.3716   0.30144   0.29429  -0.2349  0.2203  1.0000  -2.3056   0.0000   0.0000   0.0000   0.3988
  19.500   1.3900   0.30924   0.30212  -0.2388  0.2054  1.0000  -2.3493   0.0000   0.0000   0.0000   0.3985
  20.000   1.4080   0.31715   0.31005  -0.2431  0.1937  1.0000  -2.3821   0.0000   0.0000   0.0000   0.3983


