xflr5 v6.61

 Calculated polar for: E63_12_00

 1 1 Reynolds number fixed          Mach number fixed         

 xtrf =   1.000 (top)        1.000 (bottom)
 Mach =   0.200     Re =     0.025 e 6     Ncrit =   7.000

  alpha     CL        CD       CDp       Cm    Top Xtr Bot Xtr   Cpmin    Chinge    XCp    
 ------- -------- --------- --------- -------- ------- ------- -------- --------- ---------
 -20.500  -0.3477   0.22574   0.21495  -0.0183  1.0000  0.1337  -0.8641   0.0000   0.0000   0.0000   0.1815
 -20.000  -0.3407   0.22259   0.21179  -0.0197  1.0000  0.1383  -0.8777   0.0000   0.0000   0.0000   0.1764
 -19.500  -0.3380   0.22146   0.21070  -0.0214  1.0000  0.1406  -0.9110   0.0000   0.0000   0.0000   0.1712
 -19.000  -0.3241   0.21459   0.20379  -0.0220  1.0000  0.1454  -0.8910   0.0000   0.0000   0.0000   0.1663
 -18.500  -0.3194   0.21243   0.20165  -0.0233  1.0000  0.1501  -0.9100   0.0000   0.0000   0.0000   0.1613
 -18.000  -0.3111   0.20821   0.19746  -0.0243  1.0000  0.1534  -0.9134   0.0000   0.0000   0.0000   0.1563
 -17.500  -0.3028   0.20442   0.19369  -0.0250  1.0000  0.1594  -0.9122   0.0000   0.0000   0.0000   0.1516
 -17.000  -0.3014   0.20331   0.19262  -0.0262  1.0000  0.1626  -0.9390   0.0000   0.0000   0.0000   0.1475
 -16.500  -0.2887   0.19742   0.18676  -0.0265  1.0000  0.1690  -0.9171   0.0000   0.0000   0.0000   0.1424
 -16.000  -0.2908   0.19764   0.18699  -0.0275  1.0000  0.1732  -0.9500   0.0000   0.0000   0.0000   0.1398
 -15.500  -0.2767   0.19107   0.18049  -0.0275  1.0000  0.1799  -0.9317   0.0000   0.0000   0.0000   0.1346
 -15.000  -0.2788   0.19055   0.18002  -0.0283  1.0000  0.1845  -0.9762   0.0000   0.0000   0.0000   0.1329
 -14.500  -0.2669   0.18481   0.17426  -0.0282  1.0000  0.1925  -0.9711   0.0000   0.0000   0.0000   0.1285
 -14.000  -0.2611   0.18078   0.17030  -0.0282  1.0000  0.2001  -0.9848   0.0000   0.0000   0.0000   0.1259
 -13.500  -0.2576   0.17721   0.16679  -0.0282  1.0000  0.2094  -1.0032   0.0000   0.0000   0.0000   0.1246
 -13.000  -0.2534   0.17328   0.16294  -0.0279  1.0000  0.2200  -1.0177   0.0000   0.0000   0.0000   0.1239
 -12.500  -0.2494   0.16912   0.15886  -0.0276  1.0000  0.2308  -1.0316   0.0000   0.0000   0.0000   0.1238
 -12.000  -0.2462   0.16489   0.15473  -0.0271  1.0000  0.2411  -1.0472   0.0000   0.0000   0.0000   0.1245
 -11.500  -0.2444   0.16071   0.15065  -0.0265  1.0000  0.2512  -1.0658   0.0000   0.0000   0.0000   0.1265
 -11.000  -0.2404   0.15585   0.14591  -0.0256  1.0000  0.2624  -1.0772   0.0000   0.0000   0.0000   0.1285
 -10.500  -0.2345   0.15049   0.14066  -0.0245  1.0000  0.2750  -1.0825   0.0000   0.0000   0.0000   0.1309
 -10.000  -0.2338   0.14611   0.13641  -0.0230  1.0000  0.2923  -1.0959   0.0000   0.0000   0.0000   0.1375
  -9.500  -0.2328   0.14150   0.13191  -0.0210  1.0000  0.3150  -1.1035   0.0000   0.0000   0.0000   0.1463
  -9.000  -0.2279   0.13602   0.12658  -0.0189  1.0000  0.3359  -1.1062   0.0000   0.0000   0.0000   0.1540
  -8.500  -0.2238   0.13054   0.12124  -0.0168  1.0000  0.3535  -1.1277   0.0000   0.0000   0.0000   0.1626
  -8.000  -0.2272   0.12613   0.11702  -0.0141  1.0000  0.3721  -1.1534   0.0000   0.0000   0.0000   0.1763
  -7.500  -0.2259   0.12114   0.11219  -0.0112  1.0000  0.3946  -1.1614   0.0000   0.0000   0.0000   0.1898
  -7.000  -0.2295   0.11700   0.10823  -0.0073  1.0000  0.4250  -1.1648   0.0000   0.0000   0.0000   0.2085
  -6.500  -0.2251   0.11180   0.10320  -0.0036  1.0000  0.4567  -1.1478   0.0000   0.0000   0.0000   0.2249
  -6.000  -0.2244   0.10698   0.09856   0.0002  1.0000  0.4836  -1.1326   0.0000   0.0000   0.0000   0.2424
  -5.500  -0.2300   0.10295   0.09473   0.0048  1.0000  0.5143  -1.1202   0.0000   0.0000   0.0000   0.2635
  -5.000  -0.2244   0.09792   0.08982   0.0088  1.0000  0.5514  -1.0835   0.0000   0.0000   0.0000   0.2825
  -3.500  -0.3311   0.08290   0.07439  -0.0161  1.0000  0.2684  -1.6550   0.0000   0.0000   0.0000   0.1963
  -3.000  -0.2969   0.07504   0.06637  -0.0269  1.0000  0.2581  -1.6503   0.0000   0.0000   0.0000   0.1545
  -2.500  -0.2345   0.06604   0.05689  -0.0433  1.0000  0.2488  -1.6151   0.0000   0.0000   0.0000   0.0598
  -2.000  -0.1691   0.05966   0.05011  -0.0550  1.0000  0.2600  -1.5022   0.0000   0.0000   0.0000  -0.0821
  -1.500  -0.1026   0.05476   0.04480  -0.0645  1.0000  0.2751  -1.3594   0.0000   0.0000   0.0000  -0.3873
  -1.000  -0.0347   0.05144   0.04099  -0.0730  1.0000  0.3037  -1.2675   0.0000   0.0000   0.0000  -1.8768
  -0.500   0.0263   0.04969   0.03881  -0.0787  1.0000  0.3383  -1.1804   0.0000   0.0000   0.0000   3.2570
   0.000   0.0783   0.04916   0.03802  -0.0820  1.0000  0.3772  -1.1020   0.0000   0.0000   0.0000   1.3003
   0.500   0.1288   0.04943   0.03803  -0.0852  1.0000  0.4248  -1.0196   0.0000   0.0000   0.0000   0.9111
   1.000   0.2183   0.05101   0.03953  -0.0941  0.9745  0.5055  -0.8774   0.0000   0.0000   0.0000   0.6791
   1.500   0.3036   0.05195   0.04079  -0.1007  0.9365  0.6310  -0.7304   0.0000   0.0000   0.0000   0.5789
   2.000   0.3643   0.05103   0.04062  -0.1029  0.8966  1.0000  -0.7348   0.0000   0.0000   0.0000   0.5288
   2.500   0.4723   0.05421   0.04245  -0.1163  0.8517  1.0000  -0.8278   0.0000   0.0000   0.0000   0.4921
   3.000   0.5490   0.05682   0.04449  -0.1215  0.8089  1.0000  -0.9081   0.0000   0.0000   0.0000   0.4666
   3.500   0.6179   0.05927   0.04661  -0.1247  0.7669  1.0000  -0.9920   0.0000   0.0000   0.0000   0.4464
   4.000   0.6869   0.06152   0.04864  -0.1269  0.7269  1.0000  -1.0806   0.0000   0.0000   0.0000   0.4289
   4.500   0.7344   0.06446   0.05147  -0.1268  0.6872  1.0000  -1.1458   0.0000   0.0000   0.0000   0.4163
   5.000   0.7940   0.06689   0.05382  -0.1271  0.6506  1.0000  -1.2328   0.0000   0.0000   0.0000   0.4031
   5.500   0.8264   0.07086   0.05778  -0.1257  0.6147  1.0000  -1.2886   0.0000   0.0000   0.0000   0.3946
   6.000   0.8611   0.07496   0.06188  -0.1244  0.5817  1.0000  -1.3472   0.0000   0.0000   0.0000   0.3864
   6.500   0.8975   0.07914   0.06611  -0.1232  0.5514  1.0000  -1.4097   0.0000   0.0000   0.0000   0.3786
   7.000   0.9064   0.08569   0.07271  -0.1219  0.5235  1.0000  -1.4294   0.0000   0.0000   0.0000   0.3752
   7.500   0.9319   0.09125   0.07833  -0.1209  0.4983  1.0000  -1.4739   0.0000   0.0000   0.0000   0.3699
   8.000   0.9443   0.09814   0.08527  -0.1203  0.4756  1.0000  -1.4987   0.0000   0.0000   0.0000   0.3670
   8.500   0.9360   0.10701   0.09422  -0.1206  0.4564  1.0000  -1.4801   0.0000   0.0000   0.0000   0.3679
   9.000   0.9378   0.11531   0.10260  -0.1212  0.4398  1.0000  -1.4748   0.0000   0.0000   0.0000   0.3677
   9.500   0.9382   0.12384   0.11128  -0.1223  0.4255  1.0000  -1.4607   0.0000   0.0000   0.0000   0.3684
  10.000   0.9458   0.13191   0.11943  -0.1236  0.4123  1.0000  -1.4632   0.0000   0.0000   0.0000   0.3681
  10.500   0.9435   0.14096   0.12856  -0.1261  0.4053  1.0000  -1.4410   0.0000   0.0000   0.0000   0.3705
  11.000   0.9516   0.14912   0.13680  -0.1281  0.3965  1.0000  -1.4504   0.0000   0.0000   0.0000   0.3709
  11.500   0.9536   0.15805   0.14583  -0.1315  0.3968  1.0000  -1.4448   0.0000   0.0000   0.0000   0.3735
  12.000   0.9596   0.16652   0.15439  -0.1348  0.3976  1.0000  -1.4464   0.0000   0.0000   0.0000   0.3755
  14.000   0.9781   0.20126   0.18959  -0.1548  0.4762  1.0000  -1.3663   0.0000   0.0000   0.0000   0.3906
  14.500   0.9916   0.20623   0.19475  -0.1568  0.4578  1.0000  -1.3762   0.0000   0.0000   0.0000   0.3897
  15.000   1.0116   0.21313   0.20174  -0.1594  0.4449  1.0000  -1.3914   0.0000   0.0000   0.0000   0.3883
  15.500   1.0282   0.21889   0.20757  -0.1619  0.4280  1.0000  -1.3978   0.0000   0.0000   0.0000   0.3872
  16.000   1.0540   0.22704   0.21583  -0.1641  0.4101  1.0000  -1.4280   0.0000   0.0000   0.0000   0.3846
  16.500   1.0699   0.23303   0.22190  -0.1671  0.3985  1.0000  -1.4846   0.0000   0.0000   0.0000   0.3841
  17.000   1.0826   0.23725   0.22618  -0.1700  0.3818  1.0000  -1.5322   0.0000   0.0000   0.0000   0.3840
  17.500   1.1061   0.24519   0.23423  -0.1724  0.3657  1.0000  -1.6090   0.0000   0.0000   0.0000   0.3820
  18.000   1.1226   0.25123   0.24037  -0.1757  0.3546  1.0000  -1.6585   0.0000   0.0000   0.0000   0.3816
  18.500   1.1381   0.25680   0.24614  -0.1791  0.3431  1.0000  -1.7013   0.0000   0.0000   0.0000   0.3813
  19.000   1.1524   0.26125   0.25069  -0.1824  0.3271  1.0000  -1.7384   0.0000   0.0000   0.0000   0.3812
  19.500   1.1713   0.26787   0.25743  -0.1855  0.3138  1.0000  -1.7838   0.0000   0.0000   0.0000   0.3802
  20.000   1.1866   0.27350   0.26316  -0.1893  0.3038  1.0000  -1.8074   0.0000   0.0000   0.0000   0.3803


