xflr5 v6.61

 Calculated polar for: E63_13_00

 1 1 Reynolds number fixed          Mach number fixed         

 xtrf =   1.000 (top)        1.000 (bottom)
 Mach =   0.200     Re =     0.080 e 6     Ncrit =   7.000

  alpha     CL        CD       CDp       Cm    Top Xtr Bot Xtr   Cpmin    Chinge    XCp    
 ------- -------- --------- --------- -------- ------- ------- -------- --------- ---------
 -27.000  -0.7203   0.31565   0.30838   0.0381  1.0000  0.0378  -1.5780   0.0000   0.0000   0.0000   0.2657
 -26.500  -0.7046   0.30928   0.30199   0.0353  1.0000  0.0386  -1.5257   0.0000   0.0000   0.0000   0.2637
 -26.000  -0.6894   0.30420   0.29691   0.0320  1.0000  0.0395  -1.4933   0.0000   0.0000   0.0000   0.2609
 -25.500  -0.6743   0.29930   0.29201   0.0286  1.0000  0.0406  -1.4697   0.0000   0.0000   0.0000   0.2577
 -25.000  -0.6592   0.29439   0.28710   0.0252  1.0000  0.0419  -1.4513   0.0000   0.0000   0.0000   0.2542
 -24.500  -0.6441   0.28947   0.28218   0.0217  1.0000  0.0432  -1.4377   0.0000   0.0000   0.0000   0.2505
 -24.000  -0.6291   0.28469   0.27738   0.0181  1.0000  0.0446  -1.4341   0.0000   0.0000   0.0000   0.2463
 -23.500  -0.6155   0.28106   0.27377   0.0140  1.0000  0.0456  -1.4561   0.0000   0.0000   0.0000   0.2409
 -23.000  -0.6059   0.28029   0.27303   0.0092  1.0000  0.0460  -1.5229   0.0000   0.0000   0.0000   0.2342
 -22.500  -0.5866   0.27055   0.26332   0.0074  1.0000  0.0466  -1.4748   0.0000   0.0000   0.0000   0.2321
 -22.000  -0.5688   0.26385   0.25663   0.0055  1.0000  0.0478  -1.4214   0.0000   0.0000   0.0000   0.2296
 -21.500  -0.5527   0.25854   0.25134   0.0030  1.0000  0.0492  -1.3980   0.0000   0.0000   0.0000   0.2260
 -21.000  -0.5370   0.25336   0.24616   0.0004  1.0000  0.0508  -1.3870   0.0000   0.0000   0.0000   0.2218
 -20.500  -0.5217   0.24820   0.24103  -0.0023  1.0000  0.0527  -1.3854   0.0000   0.0000   0.0000   0.2171
 -20.000  -0.5074   0.24332   0.23617  -0.0053  1.0000  0.0545  -1.4024   0.0000   0.0000   0.0000   0.2116
 -19.500  -0.4959   0.23965   0.23255  -0.0089  1.0000  0.0555  -1.4520   0.0000   0.0000   0.0000   0.2047
 -19.000  -0.4880   0.23727   0.23021  -0.0126  1.0000  0.0558  -1.5171   0.0000   0.0000   0.0000   0.1975
 -18.500  -0.4658   0.22739   0.22038  -0.0131  1.0000  0.0567  -1.4322   0.0000   0.0000   0.0000   0.1952
 -18.000  -0.4482   0.22127   0.21430  -0.0142  1.0000  0.0584  -1.3726   0.0000   0.0000   0.0000   0.1918
 -17.500  -0.4331   0.21593   0.20896  -0.0159  1.0000  0.0607  -1.3444   0.0000   0.0000   0.0000   0.1872
 -17.000  -0.4197   0.21077   0.20385  -0.0180  1.0000  0.0637  -1.3400   0.0000   0.0000   0.0000   0.1814
 -16.500  -0.4166   0.20841   0.20156  -0.0220  1.0000  0.0657  -1.4297   0.0000   0.0000   0.0000   0.1726
 -16.000  -0.3953   0.19987   0.19308  -0.0218  1.0000  0.0674  -1.3416   0.0000   0.0000   0.0000   0.1700
 -15.500  -0.3799   0.19427   0.18753  -0.0226  1.0000  0.0700  -1.3151   0.0000   0.0000   0.0000   0.1659
 -15.000  -0.3679   0.18902   0.18233  -0.0240  1.0000  0.0730  -1.3259   0.0000   0.0000   0.0000   0.1606
 -14.500  -0.3638   0.18514   0.17852  -0.0267  1.0000  0.0753  -1.4027   0.0000   0.0000   0.0000   0.1533
 -14.000  -0.3635   0.18141   0.17489  -0.0291  1.0000  0.0759  -1.4857   0.0000   0.0000   0.0000   0.1476
 -13.500  -0.3378   0.17245   0.16594  -0.0276  1.0000  0.0777  -1.3769   0.0000   0.0000   0.0000   0.1455
 -13.000  -0.3251   0.16694   0.16049  -0.0277  1.0000  0.0804  -1.3498   0.0000   0.0000   0.0000   0.1423
 -12.500  -0.3172   0.16175   0.15538  -0.0284  1.0000  0.0839  -1.3599   0.0000   0.0000   0.0000   0.1386
 -12.000  -0.3212   0.15773   0.15144  -0.0304  1.0000  0.0861  -1.4494   0.0000   0.0000   0.0000   0.1345
 -11.500  -0.3191   0.15207   0.14590  -0.0311  1.0000  0.0868  -1.4901   0.0000   0.0000   0.0000   0.1326
 -11.000  -0.2987   0.14516   0.13905  -0.0291  1.0000  0.0894  -1.3974   0.0000   0.0000   0.0000   0.1327
 -10.500  -0.2930   0.13998   0.13395  -0.0286  1.0000  0.0931  -1.3953   0.0000   0.0000   0.0000   0.1331
 -10.000  -0.3026   0.13551   0.12961  -0.0296  1.0000  0.0965  -1.4878   0.0000   0.0000   0.0000   0.1345
  -9.500  -0.3170   0.13080   0.12503  -0.0303  1.0000  0.0970  -1.5986   0.0000   0.0000   0.0000   0.1382
  -9.000  -0.2951   0.12382   0.11813  -0.0269  1.0000  0.1005  -1.5216   0.0000   0.0000   0.0000   0.1428
  -8.500  -0.3138   0.11578   0.11017  -0.0277  1.0000  0.0847  -1.7790   0.0000   0.0000   0.0000   0.1469
  -8.000  -0.3237   0.10998   0.10447  -0.0263  1.0000  0.0839  -1.8870   0.0000   0.0000   0.0000   0.1551
  -7.500  -0.3419   0.10472   0.09933  -0.0248  1.0000  0.0845  -1.9984   0.0000   0.0000   0.0000   0.1652
  -7.000  -0.3631   0.09988   0.09463  -0.0224  1.0000  0.0843  -2.0880   0.0000   0.0000   0.0000   0.1776
  -6.500  -0.3932   0.09556   0.09045  -0.0189  1.0000  0.0843  -2.1844   0.0000   0.0000   0.0000   0.1926
  -6.000  -0.4162   0.08949   0.08451  -0.0193  1.0000  0.0846  -2.2959   0.0000   0.0000   0.0000   0.1952
  -5.500  -0.3712   0.08194   0.07688  -0.0328  0.9878  0.0948  -2.2219   0.0000   0.0000   0.0000   0.1528
  -5.000  -0.3127   0.06277   0.05735  -0.0639  0.9720  0.0956  -2.4268   0.0000   0.0000   0.0000   0.0352
  -4.500  -0.2217   0.04739   0.04116  -0.0907  0.9614  0.1030  -2.4064   0.0000   0.0000   0.0000  -0.1729
  -4.000  -0.1160   0.03614   0.02834  -0.1106  0.9528  0.1104  -2.2686   0.0000   0.0000   0.0000  -0.7289
  -3.500  -0.0294   0.03318   0.02481  -0.1179  0.9401  0.1230  -2.0432   0.0000   0.0000   0.0000  -3.8518
  -3.000   0.0503   0.03180   0.02313  -0.1228  0.9238  0.1440  -1.8416   0.0000   0.0000   0.0000   2.7340
  -2.500   0.1313   0.03078   0.02195  -0.1273  0.9079  0.1697  -1.6240   0.0000   0.0000   0.0000   1.2332
  -2.000   0.2116   0.02953   0.02051  -0.1314  0.8907  0.1958  -1.4237   0.0000   0.0000   0.0000   0.8769
  -1.500   0.2871   0.02841   0.01941  -0.1341  0.8715  0.2219  -1.2440   0.0000   0.0000   0.0000   0.7198
  -1.000   0.3650   0.02716   0.01818  -0.1369  0.8525  0.2531  -1.0629   0.0000   0.0000   0.0000   0.6257
  -0.500   0.4485   0.02564   0.01673  -0.1401  0.8359  0.2919  -0.8751   0.0000   0.0000   0.0000   0.5616
   0.000   0.5251   0.02421   0.01548  -0.1418  0.8152  0.3396  -0.8737   0.0000   0.0000   0.0000   0.5184
   0.500   0.6071   0.02262   0.01410  -0.1443  0.7932  0.4039  -0.9667   0.0000   0.0000   0.0000   0.4850
   1.000   0.6851   0.02128   0.01306  -0.1459  0.7648  0.4944  -1.0632   0.0000   0.0000   0.0000   0.4596
   1.500   0.7645   0.02000   0.01218  -0.1477  0.7321  0.6345  -1.1712   0.0000   0.0000   0.0000   0.4391
   2.000   0.8258   0.01859   0.01122  -0.1453  0.6949  1.0000  -1.2730   0.0000   0.0000   0.0000   0.4211
   2.500   0.8987   0.01881   0.01090  -0.1471  0.6491  1.0000  -1.3857   0.0000   0.0000   0.0000   0.4083
   3.000   0.9609   0.01932   0.01096  -0.1470  0.6025  1.0000  -1.4902   0.0000   0.0000   0.0000   0.3969
   3.500   1.0168   0.02006   0.01129  -0.1459  0.5580  1.0000  -1.5897   0.0000   0.0000   0.0000   0.3867
   4.000   1.0687   0.02095   0.01181  -0.1442  0.5169  1.0000  -1.6864   0.0000   0.0000   0.0000   0.3775
   4.500   1.1172   0.02197   0.01254  -0.1420  0.4791  1.0000  -1.7876   0.0000   0.0000   0.0000   0.3690
   5.000   1.1637   0.02307   0.01334  -0.1395  0.4443  1.0000  -1.8952   0.0000   0.0000   0.0000   0.3611
   5.500   1.2072   0.02425   0.01432  -0.1366  0.4120  1.0000  -2.0004   0.0000   0.0000   0.0000   0.3536
   6.000   1.2498   0.02552   0.01541  -0.1336  0.3833  1.0000  -2.1101   0.0000   0.0000   0.0000   0.3467
   6.500   1.2933   0.02690   0.01664  -0.1310  0.3586  1.0000  -2.2252   0.0000   0.0000   0.0000   0.3403
   7.000   1.3360   0.02837   0.01801  -0.1282  0.3365  1.0000  -2.3464   0.0000   0.0000   0.0000   0.3343
   7.500   1.3780   0.02999   0.01966  -0.1255  0.3169  1.0000  -2.4706   0.0000   0.0000   0.0000   0.3286
   8.000   1.4207   0.03167   0.02126  -0.1229  0.2993  1.0000  -2.5976   0.0000   0.0000   0.0000   0.3233
   8.500   1.4545   0.03345   0.02309  -0.1190  0.2822  1.0000  -2.7118   0.0000   0.0000   0.0000   0.3178
   9.000   1.4917   0.03528   0.02488  -0.1157  0.2671  1.0000  -2.8453   0.0000   0.0000   0.0000   0.3128
   9.500   1.5210   0.03745   0.02721  -0.1114  0.2534  1.0000  -2.9942   0.0000   0.0000   0.0000   0.3077
  10.000   1.5505   0.03978   0.02974  -0.1074  0.2412  1.0000  -3.1452   0.0000   0.0000   0.0000   0.3029
  10.500   1.5752   0.04227   0.03240  -0.1029  0.2300  1.0000  -3.2884   0.0000   0.0000   0.0000   0.2981
  11.000   1.5965   0.04508   0.03540  -0.0984  0.2200  1.0000  -3.4240   0.0000   0.0000   0.0000   0.2935
  11.500   1.6150   0.04808   0.03860  -0.0938  0.2110  1.0000  -3.5547   0.0000   0.0000   0.0000   0.2891
  12.000   1.6364   0.05103   0.04166  -0.0898  0.2024  1.0000  -3.6946   0.0000   0.0000   0.0000   0.2850
  12.500   1.6218   0.05591   0.04708  -0.0833  0.1955  1.0000  -3.7426   0.0000   0.0000   0.0000   0.2805
  13.000   1.6148   0.06108   0.05260  -0.0786  0.1894  1.0000  -3.8059   0.0000   0.0000   0.0000   0.2769
  13.500   1.6060   0.06654   0.05835  -0.0749  0.1830  1.0000  -3.8644   0.0000   0.0000   0.0000   0.2739
  14.000   1.5412   0.07774   0.07015  -0.0724  0.1788  1.0000  -3.7603   0.0000   0.0000   0.0000   0.2732
  15.000   1.1610   0.16184   0.15522  -0.1164  0.1607  1.0000  -2.3824   0.0000   0.0000   0.0000   0.3269
  16.000   1.1345   0.18741   0.18089  -0.1319  0.1459  1.0000  -2.1475   0.0000   0.0000   0.0000   0.3419
  16.500   1.1427   0.19559   0.18914  -0.1363  0.1410  1.0000  -2.1205   0.0000   0.0000   0.0000   0.3441
  17.000   1.1436   0.20498   0.19858  -0.1423  0.1350  1.0000  -2.0878   0.0000   0.0000   0.0000   0.3485
  17.500   1.1767   0.20681   0.20048  -0.1412  0.1284  1.0000  -2.3035   0.0000   0.0000   0.0000   0.3427
  18.000   1.1611   0.22033   0.21404  -0.1517  0.1256  1.0000  -2.1422   0.0000   0.0000   0.0000   0.3529
  18.500   1.1671   0.22942   0.22319  -0.1576  0.1258  1.0000  -2.1224   0.0000   0.0000   0.0000   0.3565


