xflr5 v6.61

 Calculated polar for: E63_10_00

 1 1 Reynolds number fixed          Mach number fixed         

 xtrf =   1.000 (top)        1.000 (bottom)
 Mach =   0.200     Re =     0.070 e 6     Ncrit =   9.000

  alpha     CL        CD       CDp       Cm    Top Xtr Bot Xtr   Cpmin    Chinge    XCp    
 ------- -------- --------- --------- -------- ------- ------- -------- --------- ---------
 -20.000  -0.5532   0.24591   0.23850   0.0015  1.0000  0.0507  -1.3396   0.0000   0.0000   0.0000   0.2340
 -19.500  -0.5380   0.24065   0.23326  -0.0011  1.0000  0.0526  -1.3263   0.0000   0.0000   0.0000   0.2296
 -19.000  -0.5236   0.23586   0.22850  -0.0041  1.0000  0.0545  -1.3283   0.0000   0.0000   0.0000   0.2244
 -18.500  -0.5125   0.23306   0.22574  -0.0077  1.0000  0.0555  -1.3646   0.0000   0.0000   0.0000   0.2178
 -18.000  -0.5018   0.22918   0.22193  -0.0107  1.0000  0.0561  -1.3865   0.0000   0.0000   0.0000   0.2119
 -17.500  -0.4797   0.21898   0.21171  -0.0108  1.0000  0.0583  -1.2717   0.0000   0.0000   0.0000   0.2108
 -17.000  -0.4646   0.21340   0.20616  -0.0126  1.0000  0.0611  -1.2503   0.0000   0.0000   0.0000   0.2066
 -16.500  -0.4512   0.20836   0.20116  -0.0148  1.0000  0.0640  -1.2698   0.0000   0.0000   0.0000   0.2013
 -16.000  -0.4436   0.20566   0.19853  -0.0180  1.0000  0.0655  -1.3450   0.0000   0.0000   0.0000   0.1940
 -15.500  -0.4291   0.19866   0.19160  -0.0194  1.0000  0.0665  -1.3468   0.0000   0.0000   0.0000   0.1896
 -15.000  -0.4114   0.19140   0.18438  -0.0197  1.0000  0.0691  -1.2957   0.0000   0.0000   0.0000   0.1871
 -14.500  -0.3985   0.18597   0.17899  -0.0210  1.0000  0.0723  -1.2954   0.0000   0.0000   0.0000   0.1826
 -14.000  -0.3917   0.18231   0.17540  -0.0234  1.0000  0.0751  -1.3510   0.0000   0.0000   0.0000   0.1761
 -13.500  -0.3858   0.17779   0.17094  -0.0253  1.0000  0.0762  -1.4002   0.0000   0.0000   0.0000   0.1708
 -13.000  -0.3651   0.16935   0.16255  -0.0245  1.0000  0.0793  -1.3180   0.0000   0.0000   0.0000   0.1693
 -12.500  -0.3546   0.16403   0.15728  -0.0252  1.0000  0.0832  -1.3142   0.0000   0.0000   0.0000   0.1656
 -12.000  -0.3558   0.16132   0.15468  -0.0275  1.0000  0.0861  -1.3928   0.0000   0.0000   0.0000   0.1603
 -11.500  -0.3403   0.15349   0.14693  -0.0269  1.0000  0.0882  -1.3499   0.0000   0.0000   0.0000   0.1584
 -11.000  -0.3287   0.14778   0.14129  -0.0265  1.0000  0.0934  -1.3148   0.0000   0.0000   0.0000   0.1571
 -10.500  -0.3413   0.14654   0.14019  -0.0289  1.0000  0.0970  -1.4274   0.0000   0.0000   0.0000   0.1544
 -10.000  -0.3159   0.13734   0.13106  -0.0264  1.0000  0.1031  -1.3069   0.0000   0.0000   0.0000   0.1552
  -9.750  -0.3171   0.13555   0.12932  -0.0267  1.0000  0.1062  -1.3273   0.0000   0.0000   0.0000   0.1550
  -9.500  -0.3281   0.13537   0.12923  -0.0278  1.0000  0.1075  -1.3954   0.0000   0.0000   0.0000   0.1554
  -9.250  -0.3192   0.13099   0.12490  -0.0268  1.0000  0.1088  -1.3620   0.0000   0.0000   0.0000   0.1559
  -9.000  -0.3093   0.12734   0.12128  -0.0255  1.0000  0.1113  -1.3123   0.0000   0.0000   0.0000   0.1574
  -8.750  -0.3069   0.12492   0.11887  -0.0249  1.0000  0.1143  -1.3022   0.0000   0.0000   0.0000   0.1590
  -8.500  -0.3115   0.12337   0.11740  -0.0249  1.0000  0.1172  -1.3285   0.0000   0.0000   0.0000   0.1608
  -8.250  -0.3272   0.12332   0.11746  -0.0254  1.0000  0.1185  -1.4040   0.0000   0.0000   0.0000   0.1641
  -8.000  -0.2605   0.11615   0.11076  -0.0215  1.0000  0.1243  -1.1638   0.0000   0.0000   0.0000   0.1606
  -7.750  -0.3083   0.11566   0.10988  -0.0224  1.0000  0.1229  -1.3438   0.0000   0.0000   0.0000   0.1691
  -7.500  -0.2828   0.11365   0.10843  -0.0207  1.0000  0.1292  -1.2530   0.0000   0.0000   0.0000   0.1711
  -7.250  -0.3236   0.11294   0.10734  -0.0209  1.0000  0.1287  -1.4063   0.0000   0.0000   0.0000   0.1781
  -7.000  -0.2728   0.10718   0.10206  -0.0175  1.0000  0.1336  -1.2131   0.0000   0.0000   0.0000   0.1804
  -6.750  -0.3241   0.10773   0.10227  -0.0180  1.0000  0.1321  -1.4060   0.0000   0.0000   0.0000   0.1877
  -6.500  -0.2936   0.10429   0.09934  -0.0152  1.0000  0.1394  -1.2720   0.0000   0.0000   0.0000   0.1937
  -6.250  -0.3372   0.10449   0.09919  -0.0145  1.0000  0.1381  -1.4286   0.0000   0.0000   0.0000   0.2013
  -6.000  -0.3009   0.09944   0.09464  -0.0118  1.0000  0.1429  -1.2784   0.0000   0.0000   0.0000   0.2067
  -5.750  -0.3625   0.10159   0.09651  -0.0126  1.0000  0.1413  -1.5047   0.0000   0.0000   0.0000   0.2105
  -5.500  -0.3193   0.09620   0.09156  -0.0078  1.0000  0.1488  -1.3020   0.0000   0.0000   0.0000   0.2223
  -5.250  -0.3594   0.09665   0.09168  -0.0094  1.0000  0.1481  -1.4742   0.0000   0.0000   0.0000   0.2194
  -5.000  -0.3385   0.09215   0.08767  -0.0067  1.0000  0.1528  -1.3566   0.0000   0.0000   0.0000   0.2273
  -4.750  -0.3632   0.09169   0.08686  -0.0107  1.0000  0.1537  -1.5075   0.0000   0.0000   0.0000   0.2167
  -4.500  -0.3434   0.08760   0.08323  -0.0071  1.0000  0.1611  -1.3749   0.0000   0.0000   0.0000   0.2267
  -4.250  -0.3552   0.08608   0.08135  -0.0166  1.0000  0.1631  -1.5458   0.0000   0.0000   0.0000   0.1998
  -4.000  -0.3405   0.08202   0.07776  -0.0063  1.0000  0.1671  -1.3636   0.0000   0.0000   0.0000   0.2292
  -3.750  -0.3349   0.07983   0.07514  -0.0218  1.0000  0.1740  -1.5436   0.0000   0.0000   0.0000   0.1815
  -3.500  -0.3310   0.07601   0.07182  -0.0105  1.0000  0.1768  -1.3797   0.0000   0.0000   0.0000   0.2159
  -3.250  -0.2163   0.05597   0.05051  -0.0636  1.0000  0.1074  -1.9841   0.0000   0.0000   0.0000  -0.0497
  -3.000  -0.1769   0.05029   0.04463  -0.0706  1.0000  0.1040  -2.0105   0.0000   0.0000   0.0000  -0.1560
  -2.750  -0.0947   0.04092   0.03434  -0.0889  1.0000  0.1116  -2.1087   0.0000   0.0000   0.0000  -0.7019
  -2.500  -0.0578   0.03887   0.03191  -0.0930  1.0000  0.1242  -2.0479   0.0000   0.0000   0.0000  -1.3804
  -2.250  -0.0206   0.03722   0.02985  -0.0970  1.0000  0.1386  -1.9693   0.0000   0.0000   0.0000  -4.5098
  -2.000   0.0133   0.03604   0.02832  -0.0999  1.0000  0.1518  -1.8748   0.0000   0.0000   0.0000   7.8309
  -1.750   0.0424   0.03506   0.02720  -0.1013  1.0000  0.1577  -1.7764   0.0000   0.0000   0.0000   2.6608
  -1.500   0.0810   0.03355   0.02516  -0.1046  1.0000  0.1639  -1.6922   0.0000   0.0000   0.0000   1.5499
  -1.250   0.1214   0.03293   0.02426  -0.1077  0.9973  0.1753  -1.5685   0.0000   0.0000   0.0000   1.1421
  -1.000   0.1786   0.03298   0.02419  -0.1134  0.9880  0.2018  -1.3782   0.0000   0.0000   0.0000   0.8876
  -0.750   0.2295   0.03295   0.02413  -0.1181  0.9765  0.2355  -1.2002   0.0000   0.0000   0.0000   0.7659
  -0.500   0.2790   0.03284   0.02400  -0.1223  0.9647  0.2729  -1.0276   0.0000   0.0000   0.0000   0.6892
  -0.250   0.3283   0.03270   0.02395  -0.1264  0.9529  0.3132  -0.9187   0.0000   0.0000   0.0000   0.6350
   0.000   0.3788   0.03252   0.02385  -0.1305  0.9413  0.3607  -0.8128   0.0000   0.0000   0.0000   0.5939
   0.250   0.4216   0.03226   0.02376  -0.1332  0.9271  0.4110  -0.7253   0.0000   0.0000   0.0000   0.5648
   0.500   0.4675   0.03193   0.02363  -0.1361  0.9140  0.4805  -0.6940   0.0000   0.0000   0.0000   0.5396
   0.750   0.5134   0.03133   0.02344  -0.1386  0.9017  0.5821  -0.7386   0.0000   0.0000   0.0000   0.5181
   1.000   0.5439   0.03003   0.02301  -0.1371  0.8898  0.8045  -0.7749   0.0000   0.0000   0.0000   0.5000
   1.250   0.5832   0.02960   0.02230  -0.1390  0.8720  1.0000  -0.8158   0.0000   0.0000   0.0000   0.4858
   1.500   0.6345   0.02926   0.02169  -0.1423  0.8584  1.0000  -0.8704   0.0000   0.0000   0.0000   0.4715
   1.750   0.6775   0.02893   0.02121  -0.1441  0.8423  1.0000  -0.9224   0.0000   0.0000   0.0000   0.4596
   2.000   0.7249   0.02831   0.02046  -0.1462  0.8278  1.0000  -0.9818   0.0000   0.0000   0.0000   0.4483
   2.250   0.7764   0.02734   0.01940  -0.1486  0.8151  1.0000  -1.0467   0.0000   0.0000   0.0000   0.4378
   2.500   0.8205   0.02650   0.01851  -0.1498  0.7995  1.0000  -1.1087   0.0000   0.0000   0.0000   0.4286
   2.750   0.8716   0.02534   0.01731  -0.1519  0.7847  1.0000  -1.1802   0.0000   0.0000   0.0000   0.4200
   3.000   0.9297   0.02397   0.01590  -0.1550  0.7695  1.0000  -1.2634   0.0000   0.0000   0.0000   0.4121
   3.250   0.9853   0.02286   0.01476  -0.1579  0.7495  1.0000  -1.3480   0.0000   0.0000   0.0000   0.4053
   3.500   1.0304   0.02223   0.01405  -0.1592  0.7239  1.0000  -1.4237   0.0000   0.0000   0.0000   0.3993
   3.750   1.0773   0.02172   0.01342  -0.1609  0.6959  1.0000  -1.5034   0.0000   0.0000   0.0000   0.3938
   4.000   1.1142   0.02169   0.01327  -0.1611  0.6648  1.0000  -1.5758   0.0000   0.0000   0.0000   0.3888
   4.250   1.1475   0.02187   0.01328  -0.1609  0.6331  1.0000  -1.6443   0.0000   0.0000   0.0000   0.3841
   4.500   1.1777   0.02224   0.01345  -0.1602  0.6018  1.0000  -1.7124   0.0000   0.0000   0.0000   0.3796
   4.750   1.2060   0.02273   0.01375  -0.1593  0.5715  1.0000  -1.7809   0.0000   0.0000   0.0000   0.3753
   5.000   1.2326   0.02332   0.01414  -0.1582  0.5424  1.0000  -1.8477   0.0000   0.0000   0.0000   0.3712
   5.250   1.2560   0.02403   0.01476  -0.1567  0.5147  1.0000  -1.9098   0.0000   0.0000   0.0000   0.3673
   5.500   1.2806   0.02477   0.01534  -0.1554  0.4890  1.0000  -1.9740   0.0000   0.0000   0.0000   0.3636
   5.750   1.3053   0.02557   0.01596  -0.1543  0.4652  1.0000  -2.0523   0.0000   0.0000   0.0000   0.3600
   6.000   1.3290   0.02642   0.01667  -0.1530  0.4428  1.0000  -2.1399   0.0000   0.0000   0.0000   0.3566
   6.250   1.3514   0.02731   0.01747  -0.1515  0.4215  1.0000  -2.2259   0.0000   0.0000   0.0000   0.3533
   6.500   1.3729   0.02828   0.01839  -0.1499  0.4016  1.0000  -2.3099   0.0000   0.0000   0.0000   0.3500
   6.750   1.3945   0.02927   0.01934  -0.1484  0.3830  1.0000  -2.3951   0.0000   0.0000   0.0000   0.3469
   7.000   1.4199   0.03027   0.02031  -0.1476  0.3661  1.0000  -2.4890   0.0000   0.0000   0.0000   0.3440
   7.250   1.4387   0.03139   0.02151  -0.1457  0.3497  1.0000  -2.5682   0.0000   0.0000   0.0000   0.3410
   7.500   1.4624   0.03248   0.02252  -0.1446  0.3347  1.0000  -2.6595   0.0000   0.0000   0.0000   0.3382
   7.750   1.4838   0.03369   0.02374  -0.1432  0.3208  1.0000  -2.7450   0.0000   0.0000   0.0000   0.3355
   8.000   1.5028   0.03495   0.02509  -0.1414  0.3074  1.0000  -2.8255   0.0000   0.0000   0.0000   0.3327
   8.250   1.5228   0.03625   0.02645  -0.1398  0.2950  1.0000  -2.9082   0.0000   0.0000   0.0000   0.3301
   8.500   1.5426   0.03761   0.02787  -0.1382  0.2834  1.0000  -3.0329   0.0000   0.0000   0.0000   0.3275
   8.750   1.5614   0.03901   0.02936  -0.1365  0.2724  1.0000  -3.1635   0.0000   0.0000   0.0000   0.3249
   9.000   1.5795   0.04056   0.03102  -0.1347  0.2624  1.0000  -3.2917   0.0000   0.0000   0.0000   0.3224
   9.250   1.5972   0.04220   0.03279  -0.1329  0.2531  1.0000  -3.4196   0.0000   0.0000   0.0000   0.3199
   9.500   1.6149   0.04380   0.03456  -0.1311  0.2438  1.0000  -3.5505   0.0000   0.0000   0.0000   0.3175
   9.750   1.6335   0.04532   0.03611  -0.1295  0.2345  1.0000  -3.6882   0.0000   0.0000   0.0000   0.3152
  10.000   1.6482   0.04681   0.03771  -0.1274  0.2252  1.0000  -3.8152   0.0000   0.0000   0.0000   0.3128
  10.250   1.6504   0.04863   0.03982  -0.1235  0.2168  1.0000  -3.8979   0.0000   0.0000   0.0000   0.3100
  10.500   1.6555   0.05021   0.04158  -0.1201  0.2081  1.0000  -3.9959   0.0000   0.0000   0.0000   0.3073
  10.750   1.6625   0.05159   0.04305  -0.1171  0.1994  1.0000  -4.1054   0.0000   0.0000   0.0000   0.3047
  11.000   1.6731   0.05273   0.04420  -0.1145  0.1906  1.0000  -4.2341   0.0000   0.0000   0.0000   0.3023
  11.250   1.6866   0.05362   0.04502  -0.1124  0.1814  1.0000  -4.3948   0.0000   0.0000   0.0000   0.3000
  11.500   1.6638   0.05625   0.04813  -0.1059  0.1774  1.0000  -4.3881   0.0000   0.0000   0.0000   0.2967
  11.750   1.6749   0.05734   0.04921  -0.1036  0.1698  1.0000  -4.5379   0.0000   0.0000   0.0000   0.2944
  12.000   1.6525   0.06042   0.05271  -0.0981  0.1664  1.0000  -4.5299   0.0000   0.0000   0.0000   0.2916
  12.250   1.6696   0.06176   0.05398  -0.0968  0.1596  1.0000  -4.6991   0.0000   0.0000   0.0000   0.2897
  12.500   1.6388   0.06578   0.05845  -0.0917  0.1576  1.0000  -4.6488   0.0000   0.0000   0.0000   0.2873
  12.750   1.6114   0.07015   0.06317  -0.0881  0.1554  1.0000  -4.6102   0.0000   0.0000   0.0000   0.2856
  13.000   1.6353   0.07141   0.06435  -0.0873  0.1492  1.0000  -4.8032   0.0000   0.0000   0.0000   0.2838
  13.250   1.5959   0.07709   0.07042  -0.0844  0.1485  1.0000  -4.7041   0.0000   0.0000   0.0000   0.2829
  13.500   1.5528   0.08403   0.07771  -0.0833  0.1481  1.0000  -4.5787   0.0000   0.0000   0.0000   0.2833
  13.750   1.5036   0.09282   0.08680  -0.0846  0.1483  1.0000  -4.4101   0.0000   0.0000   0.0000   0.2855
  14.000   1.4501   0.10400   0.09821  -0.0888  0.1492  1.0000  -4.1937   0.0000   0.0000   0.0000   0.2901
  17.000   0.9304   0.22680   0.22207  -0.1451  0.1923  1.0000  -1.4473   0.0000   0.0000   0.0000   0.3859
  17.500   0.9230   0.23227   0.22763  -0.1487  0.1806  1.0000  -1.3968   0.0000   0.0000   0.0000   0.3904
  18.000   0.9270   0.23841   0.23386  -0.1509  0.1621  1.0000  -1.3883   0.0000   0.0000   0.0000   0.3913
  18.500   0.9334   0.24622   0.24175  -0.1532  0.1508  1.0000  -1.3611   0.0000   0.0000   0.0000   0.3917
  19.000   0.9332   0.25394   0.24953  -0.1566  0.1418  1.0000  -1.2914   0.0000   0.0000   0.0000   0.3946
  19.500   0.9367   0.26209   0.25779  -0.1595  0.1358  1.0000  -1.2441   0.0000   0.0000   0.0000   0.3963
  20.000   0.9525   0.27076   0.26655  -0.1604  0.1287  1.0000  -1.2765   0.0000   0.0000   0.0000   0.3934


