xflr5 v6.61

 Calculated polar for: E63_13_00

 1 1 Reynolds number fixed          Mach number fixed         

 xtrf =   1.000 (top)        1.000 (bottom)
 Mach =   0.200     Re =     0.025 e 6     Ncrit =   7.000

  alpha     CL        CD       CDp       Cm    Top Xtr Bot Xtr   Cpmin    Chinge    XCp    
 ------- -------- --------- --------- -------- ------- ------- -------- --------- ---------
 -29.000  -0.7784   0.33760   0.32467   0.0533  1.0000  0.0881  -1.5100   0.0000   0.0000   0.0000   0.2779
 -28.500  -0.7637   0.33184   0.31888   0.0497  1.0000  0.0907  -1.4767   0.0000   0.0000   0.0000   0.2755
 -28.000  -0.7497   0.32743   0.31445   0.0458  1.0000  0.0933  -1.4700   0.0000   0.0000   0.0000   0.2725
 -27.500  -0.7363   0.32406   0.31107   0.0417  1.0000  0.0956  -1.4722   0.0000   0.0000   0.0000   0.2690
 -27.000  -0.7240   0.32235   0.30932   0.0373  1.0000  0.0968  -1.4850   0.0000   0.0000   0.0000   0.2649
 -26.500  -0.7089   0.31612   0.30313   0.0338  1.0000  0.0980  -1.4701   0.0000   0.0000   0.0000   0.2619
 -26.000  -0.6923   0.30907   0.29606   0.0308  1.0000  0.1006  -1.4373   0.0000   0.0000   0.0000   0.2593
 -25.500  -0.6772   0.30423   0.29122   0.0273  1.0000  0.1036  -1.4193   0.0000   0.0000   0.0000   0.2560
 -25.000  -0.6633   0.30074   0.28774   0.0236  1.0000  0.1063  -1.4129   0.0000   0.0000   0.0000   0.2520
 -24.500  -0.6516   0.29960   0.28662   0.0194  1.0000  0.1077  -1.4215   0.0000   0.0000   0.0000   0.2472
 -24.000  -0.6328   0.29031   0.27733   0.0170  1.0000  0.1105  -1.3728   0.0000   0.0000   0.0000   0.2448
 -23.500  -0.6169   0.28519   0.27222   0.0140  1.0000  0.1149  -1.3635   0.0000   0.0000   0.0000   0.2412
 -23.000  -0.6046   0.28312   0.27019   0.0103  1.0000  0.1181  -1.3824   0.0000   0.0000   0.0000   0.2364
 -22.500  -0.5880   0.27646   0.26358   0.0076  1.0000  0.1204  -1.3705   0.0000   0.0000   0.0000   0.2327
 -22.000  -0.5709   0.27041   0.25755   0.0050  1.0000  0.1245  -1.3522   0.0000   0.0000   0.0000   0.2291
 -21.500  -0.5574   0.26691   0.25410   0.0019  1.0000  0.1282  -1.3583   0.0000   0.0000   0.0000   0.2244
 -21.000  -0.5444   0.26325   0.25047  -0.0012  1.0000  0.1301  -1.3673   0.0000   0.0000   0.0000   0.2194
 -20.500  -0.5251   0.25546   0.24270  -0.0031  1.0000  0.1344  -1.3337   0.0000   0.0000   0.0000   0.2160
 -20.000  -0.5115   0.25157   0.23886  -0.0058  1.0000  0.1388  -1.3331   0.0000   0.0000   0.0000   0.2111
 -19.500  -0.4987   0.24749   0.23488  -0.0085  1.0000  0.1411  -1.3362   0.0000   0.0000   0.0000   0.2059
 -19.000  -0.4798   0.24026   0.22768  -0.0102  1.0000  0.1462  -1.3018   0.0000   0.0000   0.0000   0.2020
 -18.500  -0.4689   0.23734   0.22484  -0.0128  1.0000  0.1506  -1.3074   0.0000   0.0000   0.0000   0.1966
 -18.000  -0.4514   0.23036   0.21794  -0.0144  1.0000  0.1542  -1.2793   0.0000   0.0000   0.0000   0.1921
 -17.500  -0.4374   0.22559   0.21319  -0.0163  1.0000  0.1601  -1.2644   0.0000   0.0000   0.0000   0.1872
 -17.000  -0.4252   0.22099   0.20869  -0.0183  1.0000  0.1635  -1.2767   0.0000   0.0000   0.0000   0.1820
 -16.500  -0.4088   0.21487   0.20265  -0.0195  1.0000  0.1702  -1.2651   0.0000   0.0000   0.0000   0.1774
 -16.000  -0.3990   0.21090   0.19879  -0.0213  1.0000  0.1742  -1.2826   0.0000   0.0000   0.0000   0.1723
 -15.500  -0.3829   0.20471   0.19268  -0.0222  1.0000  0.1818  -1.2694   0.0000   0.0000   0.0000   0.1677
 -15.000  -0.3692   0.19904   0.18712  -0.0232  1.0000  0.1892  -1.2645   0.0000   0.0000   0.0000   0.1632
 -14.500  -0.3582   0.19419   0.18239  -0.0241  1.0000  0.1981  -1.2670   0.0000   0.0000   0.0000   0.1591
 -14.000  -0.3482   0.18945   0.17773  -0.0249  1.0000  0.2080  -1.2700   0.0000   0.0000   0.0000   0.1555
 -13.500  -0.3406   0.18528   0.17370  -0.0255  1.0000  0.2177  -1.2794   0.0000   0.0000   0.0000   0.1526
 -13.000  -0.3308   0.18019   0.16872  -0.0258  1.0000  0.2277  -1.2807   0.0000   0.0000   0.0000   0.1500
 -12.500  -0.3185   0.17410   0.16275  -0.0258  1.0000  0.2379  -1.2747   0.0000   0.0000   0.0000   0.1472
 -12.000  -0.3090   0.16858   0.15737  -0.0257  1.0000  0.2486  -1.2759   0.0000   0.0000   0.0000   0.1455
 -11.500  -0.3057   0.16437   0.15331  -0.0254  1.0000  0.2608  -1.2906   0.0000   0.0000   0.0000   0.1464
 -11.000  -0.2939   0.15823   0.14731  -0.0243  1.0000  0.2818  -1.2830   0.0000   0.0000   0.0000   0.1470
 -10.500  -0.2827   0.15196   0.14119  -0.0232  1.0000  0.2980  -1.2979   0.0000   0.0000   0.0000   0.1476
 -10.000  -0.2783   0.14714   0.13651  -0.0220  1.0000  0.3134  -1.3216   0.0000   0.0000   0.0000   0.1513
  -9.500  -0.2774   0.14270   0.13224  -0.0206  1.0000  0.3275  -1.3450   0.0000   0.0000   0.0000   0.1573
  -9.000  -0.2675   0.13691   0.12651  -0.0188  1.0000  0.3457  -1.3392   0.0000   0.0000   0.0000   0.1617
  -8.500  -0.2641   0.13226   0.12203  -0.0164  1.0000  0.3684  -1.3343   0.0000   0.0000   0.0000   0.1708
  -8.000  -0.2628   0.12791   0.11785  -0.0136  1.0000  0.3913  -1.3254   0.0000   0.0000   0.0000   0.1822
  -7.500  -0.2575   0.12289   0.11299  -0.0108  1.0000  0.4119  -1.3036   0.0000   0.0000   0.0000   0.1927
  -7.000  -0.2553   0.11834   0.10862  -0.0076  1.0000  0.4330  -1.2814   0.0000   0.0000   0.0000   0.2059
  -6.500  -0.2570   0.11430   0.10477  -0.0038  1.0000  0.4562  -1.2601   0.0000   0.0000   0.0000   0.2220
  -6.000  -0.2590   0.11021   0.10090   0.0004  1.0000  0.4821  -1.2335   0.0000   0.0000   0.0000   0.2396
  -5.500  -0.2565   0.10594   0.09681   0.0054  1.0000  0.5228  -1.1897   0.0000   0.0000   0.0000   0.2599
  -5.000  -0.2471   0.10099   0.09204   0.0101  1.0000  0.5715  -1.1306   0.0000   0.0000   0.0000   0.2805
  -4.500  -0.2383   0.09626   0.08744   0.0151  1.0000  0.6258  -1.0722   0.0000   0.0000   0.0000   0.3034
  -3.500  -0.3462   0.08639   0.07784  -0.0110  1.0000  0.2805  -1.5296   0.0000   0.0000   0.0000   0.2128
  -3.000  -0.3161   0.07763   0.06891  -0.0231  1.0000  0.2578  -1.5425   0.0000   0.0000   0.0000   0.1714
  -2.500  -0.2707   0.07013   0.06117  -0.0347  1.0000  0.2590  -1.4888   0.0000   0.0000   0.0000   0.1164
  -2.000  -0.2165   0.06401   0.05472  -0.0447  1.0000  0.2692  -1.4313   0.0000   0.0000   0.0000   0.0376
  -1.500  -0.1529   0.05884   0.04917  -0.0551  1.0000  0.2852  -1.3935   0.0000   0.0000   0.0000  -0.1179
  -1.000  -0.0890   0.05515   0.04503  -0.0640  1.0000  0.3063  -1.3319   0.0000   0.0000   0.0000  -0.4796
  -0.500  -0.0337   0.05337   0.04296  -0.0695  1.0000  0.3348  -1.2669   0.0000   0.0000   0.0000  -1.8321
   0.000   0.0197   0.05269   0.04193  -0.0742  1.0000  0.3679  -1.1920   0.0000   0.0000   0.0000   4.0480
   0.500   0.1214   0.05376   0.04257  -0.0865  0.9737  0.4251  -1.0471   0.0000   0.0000   0.0000   0.9623
   1.000   0.2163   0.05474   0.04340  -0.0959  0.9360  0.4943  -0.8914   0.0000   0.0000   0.0000   0.6912
   1.500   0.3011   0.05555   0.04431  -0.1022  0.8985  0.5903  -0.7410   0.0000   0.0000   0.0000   0.5866
   2.000   0.3591   0.05558   0.04489  -0.1027  0.8618  0.7265  -0.7732   0.0000   0.0000   0.0000   0.5322
   2.500   0.4457   0.05617   0.04513  -0.1118  0.8194  1.0000  -0.8503   0.0000   0.0000   0.0000   0.4963
   3.000   0.5259   0.05884   0.04699  -0.1179  0.7783  1.0000  -0.9339   0.0000   0.0000   0.0000   0.4691
   3.500   0.5948   0.06132   0.04903  -0.1209  0.7392  1.0000  -1.0198   0.0000   0.0000   0.0000   0.4476
   4.000   0.6460   0.06423   0.05166  -0.1216  0.7012  1.0000  -1.0873   0.0000   0.0000   0.0000   0.4320
   4.500   0.6970   0.06723   0.05448  -0.1220  0.6652  1.0000  -1.1548   0.0000   0.0000   0.0000   0.4182
   5.000   0.7431   0.07054   0.05765  -0.1217  0.6313  1.0000  -1.2160   0.0000   0.0000   0.0000   0.4064
   5.500   0.7778   0.07462   0.06167  -0.1208  0.5994  1.0000  -1.2624   0.0000   0.0000   0.0000   0.3973
   6.000   0.8056   0.07938   0.06638  -0.1197  0.5699  1.0000  -1.3091   0.0000   0.0000   0.0000   0.3901
   6.500   0.8364   0.08419   0.07117  -0.1188  0.5429  1.0000  -1.3581   0.0000   0.0000   0.0000   0.3830
   7.000   0.8549   0.09013   0.07711  -0.1180  0.5184  1.0000  -1.3850   0.0000   0.0000   0.0000   0.3784
   7.500   0.8662   0.09688   0.08390  -0.1174  0.4963  1.0000  -1.4015   0.0000   0.0000   0.0000   0.3754
   8.000   0.8769   0.10393   0.09099  -0.1173  0.4765  1.0000  -1.4148   0.0000   0.0000   0.0000   0.3730
   8.500   0.8724   0.11232   0.09943  -0.1178  0.4603  1.0000  -1.3948   0.0000   0.0000   0.0000   0.3737
   9.000   0.8770   0.12034   0.10751  -0.1188  0.4468  1.0000  -1.3943   0.0000   0.0000   0.0000   0.3736
   9.500   0.8923   0.12737   0.11458  -0.1193  0.4306  1.0000  -1.4137   0.0000   0.0000   0.0000   0.3713
  10.000   0.8949   0.13536   0.12268  -0.1207  0.4184  1.0000  -1.4020   0.0000   0.0000   0.0000   0.3719
  10.500   0.8927   0.14430   0.13171  -0.1235  0.4162  1.0000  -1.3697   0.0000   0.0000   0.0000   0.3748
  11.000   0.8950   0.15281   0.14029  -0.1265  0.4166  1.0000  -1.3528   0.0000   0.0000   0.0000   0.3772
  11.500   0.9037   0.16125   0.14880  -0.1296  0.4196  1.0000  -1.3439   0.0000   0.0000   0.0000   0.3787
  13.000   0.8969   0.18728   0.17515  -0.1458  0.5154  1.0000  -1.2391   0.0000   0.0000   0.0000   0.3960
  13.500   0.9229   0.19452   0.18243  -0.1478  0.4969  1.0000  -1.2859   0.0000   0.0000   0.0000   0.3928
  14.000   0.9366   0.19947   0.18744  -0.1498  0.4816  1.0000  -1.3062   0.0000   0.0000   0.0000   0.3918
  14.500   0.9590   0.20626   0.19443  -0.1520  0.4665  1.0000  -1.3390   0.0000   0.0000   0.0000   0.3896
  15.000   0.9757   0.21155   0.19976  -0.1542  0.4483  1.0000  -1.3591   0.0000   0.0000   0.0000   0.3881
  15.500   0.9965   0.21812   0.20640  -0.1566  0.4343  1.0000  -1.3811   0.0000   0.0000   0.0000   0.3864
  16.000   1.0200   0.22574   0.21410  -0.1591  0.4207  1.0000  -1.4046   0.0000   0.0000   0.0000   0.3843
  16.500   1.0329   0.22963   0.21804  -0.1616  0.4027  1.0000  -1.4055   0.0000   0.0000   0.0000   0.3839
  17.000   1.0536   0.23635   0.22485  -0.1643  0.3897  1.0000  -1.4158   0.0000   0.0000   0.0000   0.3824
  17.500   1.0731   0.24302   0.23161  -0.1671  0.3780  1.0000  -1.4597   0.0000   0.0000   0.0000   0.3812
  18.000   1.0876   0.24769   0.23634  -0.1702  0.3637  1.0000  -1.5118   0.0000   0.0000   0.0000   0.3809
  18.500   1.1043   0.25287   0.24160  -0.1732  0.3489  1.0000  -1.5682   0.0000   0.0000   0.0000   0.3802
  19.000   1.1212   0.25867   0.24759  -0.1765  0.3389  1.0000  -1.6198   0.0000   0.0000   0.0000   0.3798
  19.500   1.1381   0.26452   0.25354  -0.1799  0.3289  1.0000  -1.6685   0.0000   0.0000   0.0000   0.3793
  20.000   1.1560   0.27028   0.25940  -0.1830  0.3151  1.0000  -1.7192   0.0000   0.0000   0.0000   0.3784


