xflr5 v6.61

 Calculated polar for: E63_15_00

 1 1 Reynolds number fixed          Mach number fixed         

 xtrf =   1.000 (top)        1.000 (bottom)
 Mach =   0.200     Re =     0.080 e 6     Ncrit =   7.000

  alpha     CL        CD       CDp       Cm    Top Xtr Bot Xtr   Cpmin    Chinge    XCp    
 ------- -------- --------- --------- -------- ------- ------- -------- --------- ---------
 -30.000  -0.7732   0.33887   0.33144   0.0573  1.0000  0.0396  -1.5609   0.0000   0.0000   0.0000   0.2739
 -29.500  -0.7594   0.33447   0.32701   0.0534  1.0000  0.0406  -1.5429   0.0000   0.0000   0.0000   0.2712
 -29.000  -0.7455   0.33001   0.32255   0.0495  1.0000  0.0417  -1.5288   0.0000   0.0000   0.0000   0.2684
 -28.500  -0.7314   0.32551   0.31804   0.0456  1.0000  0.0429  -1.5178   0.0000   0.0000   0.0000   0.2653
 -28.000  -0.7174   0.32103   0.31355   0.0416  1.0000  0.0442  -1.5126   0.0000   0.0000   0.0000   0.2620
 -26.500  -0.4047   0.26348   0.25735  -0.0022  1.0000  0.0468  -0.8629   0.0000   0.0000   0.0000   0.2175
 -26.000  -0.3947   0.25868   0.25254  -0.0038  1.0000  0.0481  -0.8268   0.0000   0.0000   0.0000   0.2140
 -25.500  -0.3860   0.25459   0.24843  -0.0055  1.0000  0.0495  -0.8243   0.0000   0.0000   0.0000   0.2095
 -25.000  -0.3777   0.25059   0.24441  -0.0074  1.0000  0.0510  -0.8314   0.0000   0.0000   0.0000   0.2046
 -24.500  -0.3696   0.24662   0.24043  -0.0092  1.0000  0.0527  -0.8433   0.0000   0.0000   0.0000   0.1993
 -24.000  -0.3622   0.24284   0.23664  -0.0111  1.0000  0.0543  -0.8639   0.0000   0.0000   0.0000   0.1936
 -23.500  -0.3563   0.23966   0.23346  -0.0133  1.0000  0.0553  -0.9007   0.0000   0.0000   0.0000   0.1871
 -23.000  -0.3527   0.23757   0.23136  -0.0155  1.0000  0.0557  -0.9504   0.0000   0.0000   0.0000   0.1804
 -22.500  -0.3467   0.23388   0.22769  -0.0173  1.0000  0.0560  -0.9753   0.0000   0.0000   0.0000   0.1744
 -22.000  -0.3316   0.22698   0.22078  -0.0177  1.0000  0.0572  -0.9152   0.0000   0.0000   0.0000   0.1709
 -21.500  -0.3216   0.22291   0.21672  -0.0188  1.0000  0.0589  -0.8932   0.0000   0.0000   0.0000   0.1660
 -21.000  -0.3129   0.21919   0.21301  -0.0200  1.0000  0.0614  -0.8848   0.0000   0.0000   0.0000   0.1605
 -20.500  -0.3067   0.21601   0.20983  -0.0217  1.0000  0.0647  -0.9026   0.0000   0.0000   0.0000   0.1538
 -20.000  -0.3074   0.21506   0.20888  -0.0240  1.0000  0.0657  -0.9752   0.0000   0.0000   0.0000   0.1464
 -19.500  -0.2962   0.20932   0.20318  -0.0246  1.0000  0.0664  -0.9681   0.0000   0.0000   0.0000   0.1411
 -19.000  -0.2837   0.20451   0.19837  -0.0248  1.0000  0.0680  -0.9369   0.0000   0.0000   0.0000   0.1365
 -18.500  -0.2750   0.20090   0.19477  -0.0255  1.0000  0.0702  -0.9346   0.0000   0.0000   0.0000   0.1311
 -18.000  -0.2682   0.19754   0.19144  -0.0264  1.0000  0.0729  -0.9490   0.0000   0.0000   0.0000   0.1253
 -17.500  -0.2661   0.19516   0.18907  -0.0279  1.0000  0.0750  -1.0001   0.0000   0.0000   0.0000   0.1191
 -17.000  -0.2708   0.19459   0.18851  -0.0297  1.0000  0.0757  -1.0847   0.0000   0.0000   0.0000   0.1144
 -16.500  -0.2553   0.18784   0.18182  -0.0292  1.0000  0.0768  -1.0369   0.0000   0.0000   0.0000   0.1093
 -16.000  -0.2448   0.18384   0.17786  -0.0288  1.0000  0.0791  -1.0054   0.0000   0.0000   0.0000   0.1055
 -15.500  -0.2391   0.18074   0.17478  -0.0290  1.0000  0.0823  -1.0089   0.0000   0.0000   0.0000   0.1018
 -15.000  -0.2413   0.17876   0.17282  -0.0301  1.0000  0.0856  -1.0672   0.0000   0.0000   0.0000   0.0988
 -14.500  -0.2541   0.17788   0.17196  -0.0319  1.0000  0.0865  -1.1836   0.0000   0.0000   0.0000   0.0987
 -14.000  -0.2305   0.17050   0.16463  -0.0297  1.0000  0.0895  -1.0783   0.0000   0.0000   0.0000   0.0947
 -13.500  -0.2296   0.16690   0.16106  -0.0297  1.0000  0.0952  -1.1312   0.0000   0.0000   0.0000   0.0943
 -13.000  -0.2401   0.16304   0.15725  -0.0309  1.0000  0.0976  -1.2714   0.0000   0.0000   0.0000   0.0961
 -12.500  -0.2272   0.15794   0.15220  -0.0291  1.0000  0.1049  -1.2519   0.0000   0.0000   0.0000   0.0967
 -12.000  -0.2248   0.15376   0.14807  -0.0282  1.0000  0.1142  -1.2737   0.0000   0.0000   0.0000   0.1000
 -11.500  -0.2255   0.14961   0.14397  -0.0275  1.0000  0.1219  -1.2953   0.0000   0.0000   0.0000   0.1045
 -11.000  -0.2370   0.14660   0.14101  -0.0275  1.0000  0.1290  -1.3532   0.0000   0.0000   0.0000   0.1121
 -10.500  -0.2286   0.14126   0.13575  -0.0255  1.0000  0.1318  -1.3093   0.0000   0.0000   0.0000   0.1169
 -10.000  -0.2259   0.13711   0.13167  -0.0237  1.0000  0.1356  -1.2794   0.0000   0.0000   0.0000   0.1248
  -9.500  -0.2441   0.13376   0.12841  -0.0233  1.0000  0.1398  -1.3398   0.0000   0.0000   0.0000   0.1363
  -9.000  -0.2488   0.12907   0.12383  -0.0216  1.0000  0.1412  -1.3342   0.0000   0.0000   0.0000   0.1464
  -8.500  -0.2419   0.12493   0.11975  -0.0185  1.0000  0.1444  -1.2639   0.0000   0.0000   0.0000   0.1575
  -8.000  -0.2527   0.12139   0.11632  -0.0166  1.0000  0.1488  -1.2650   0.0000   0.0000   0.0000   0.1702
  -7.500  -0.2691   0.11544   0.11041  -0.0228  0.9937  0.1512  -1.3631   0.0000   0.0000   0.0000   0.1523
  -7.000  -0.2151   0.10812   0.10308  -0.0269  0.9835  0.1601  -1.1877   0.0000   0.0000   0.0000   0.1101
  -6.000  -0.3495   0.08597   0.08062  -0.0398  0.9747  0.1073  -1.9280   0.0000   0.0000   0.0000   0.1233
  -5.500  -0.3172   0.07437   0.06890  -0.0540  0.9573  0.1055  -2.0334   0.0000   0.0000   0.0000   0.0661
  -5.000  -0.2578   0.04483   0.03802  -0.0969  0.9430  0.1113  -2.5184   0.0000   0.0000   0.0000  -0.1439
  -4.500  -0.1741   0.03935   0.03182  -0.1077  0.9299  0.1246  -2.3852   0.0000   0.0000   0.0000  -0.3922
  -4.000  -0.0963   0.03681   0.02880  -0.1138  0.9135  0.1424  -2.1883   0.0000   0.0000   0.0000  -0.9687
  -3.500  -0.0146   0.03498   0.02670  -0.1190  0.8987  0.1591  -1.9789   0.0000   0.0000   0.0000  -8.0961
  -3.000   0.0607   0.03317   0.02460  -0.1227  0.8808  0.1758  -1.8043   0.0000   0.0000   0.0000   2.3137
  -2.500   0.1366   0.03149   0.02272  -0.1259  0.8626  0.1917  -1.6234   0.0000   0.0000   0.0000   1.1859
  -2.000   0.2202   0.02976   0.02085  -0.1297  0.8468  0.2108  -1.4251   0.0000   0.0000   0.0000   0.8453
  -1.500   0.2941   0.02827   0.01928  -0.1316  0.8270  0.2314  -1.2428   0.0000   0.0000   0.0000   0.7002
  -1.000   0.3704   0.02665   0.01765  -0.1335  0.8079  0.2542  -1.0599   0.0000   0.0000   0.0000   0.6108
  -0.500   0.4513   0.02505   0.01610  -0.1358  0.7882  0.2861  -0.8918   0.0000   0.0000   0.0000   0.5498
   0.000   0.5330   0.02348   0.01460  -0.1382  0.7648  0.3214  -0.9822   0.0000   0.0000   0.0000   0.5070
   0.500   0.6227   0.02202   0.01319  -0.1421  0.7382  0.3681  -1.0839   0.0000   0.0000   0.0000   0.4749
   1.000   0.7006   0.02124   0.01252  -0.1442  0.7035  0.4280  -1.1833   0.0000   0.0000   0.0000   0.4517
   1.500   0.7721   0.02082   0.01220  -0.1453  0.6650  0.5057  -1.2826   0.0000   0.0000   0.0000   0.4332
   2.000   0.8339   0.02063   0.01213  -0.1445  0.6257  0.6041  -1.3750   0.0000   0.0000   0.0000   0.4176
   2.500   0.8809   0.02048   0.01224  -0.1407  0.5883  0.7497  -1.4651   0.0000   0.0000   0.0000   0.4033
   3.000   0.9312   0.02047   0.01209  -0.1379  0.5521  1.0000  -1.5594   0.0000   0.0000   0.0000   0.3910
   3.500   0.9839   0.02132   0.01250  -0.1366  0.5161  1.0000  -1.6562   0.0000   0.0000   0.0000   0.3810
   4.000   1.0346   0.02226   0.01306  -0.1349  0.4836  1.0000  -1.7524   0.0000   0.0000   0.0000   0.3718
   4.500   1.0843   0.02327   0.01374  -0.1331  0.4541  1.0000  -1.8487   0.0000   0.0000   0.0000   0.3634
   5.000   1.1290   0.02439   0.01463  -0.1304  0.4264  1.0000  -1.9413   0.0000   0.0000   0.0000   0.3555
   5.500   1.1746   0.02556   0.01556  -0.1280  0.4016  1.0000  -2.0492   0.0000   0.0000   0.0000   0.3483
   6.000   1.2190   0.02683   0.01666  -0.1255  0.3790  1.0000  -2.1563   0.0000   0.0000   0.0000   0.3415
   6.500   1.2611   0.02819   0.01790  -0.1226  0.3586  1.0000  -2.2608   0.0000   0.0000   0.0000   0.3350
   7.000   1.3006   0.02961   0.01921  -0.1194  0.3397  1.0000  -2.3631   0.0000   0.0000   0.0000   0.3288
   7.500   1.3431   0.03104   0.02052  -0.1168  0.3225  1.0000  -2.4774   0.0000   0.0000   0.0000   0.3232
   8.000   1.3752   0.03276   0.02231  -0.1126  0.3067  1.0000  -2.5776   0.0000   0.0000   0.0000   0.3174
   8.500   1.4127   0.03456   0.02410  -0.1095  0.2931  1.0000  -2.6861   0.0000   0.0000   0.0000   0.3122
   9.000   1.4491   0.03645   0.02597  -0.1063  0.2807  1.0000  -2.8038   0.0000   0.0000   0.0000   0.3072
   9.500   1.4822   0.03843   0.02795  -0.1027  0.2689  1.0000  -2.9183   0.0000   0.0000   0.0000   0.3023
  10.000   1.5094   0.04061   0.03022  -0.0985  0.2580  1.0000  -3.0233   0.0000   0.0000   0.0000   0.2975
  10.500   1.5281   0.04316   0.03300  -0.0935  0.2480  1.0000  -3.1128   0.0000   0.0000   0.0000   0.2925
  11.000   1.5387   0.04621   0.03630  -0.0881  0.2392  1.0000  -3.1861   0.0000   0.0000   0.0000   0.2877
  11.500   1.5499   0.04963   0.03994  -0.0833  0.2316  1.0000  -3.2637   0.0000   0.0000   0.0000   0.2833
  12.000   1.5764   0.05243   0.04277  -0.0803  0.2241  1.0000  -3.3806   0.0000   0.0000   0.0000   0.2795
  12.500   1.5407   0.05854   0.04942  -0.0733  0.2177  1.0000  -3.3811   0.0000   0.0000   0.0000   0.2752
  13.000   1.5309   0.06401   0.05515  -0.0696  0.2116  1.0000  -3.4372   0.0000   0.0000   0.0000   0.2721
  13.500   1.4383   0.07778   0.06958  -0.0672  0.2068  1.0000  -3.2759   0.0000   0.0000   0.0000   0.2724
  14.500   1.0758   0.15691   0.14961  -0.1056  0.1820  1.0000  -2.1241   0.0000   0.0000   0.0000   0.3244
  16.000   1.0516   0.19014   0.18303  -0.1244  0.1653  1.0000  -1.9292   0.0000   0.0000   0.0000   0.3429
  16.500   1.0655   0.19696   0.18991  -0.1276  0.1620  1.0000  -1.9477   0.0000   0.0000   0.0000   0.3434
  17.000   1.0763   0.20448   0.19752  -0.1314  0.1591  1.0000  -1.9441   0.0000   0.0000   0.0000   0.3449
  17.500   1.0762   0.21263   0.20572  -0.1373  0.1531  1.0000  -1.8820   0.0000   0.0000   0.0000   0.3497
  18.000   1.0979   0.21795   0.21108  -0.1392  0.1486  1.0000  -1.9303   0.0000   0.0000   0.0000   0.3477
  18.500   1.1085   0.22625   0.21945  -0.1437  0.1500  1.0000  -1.8886   0.0000   0.0000   0.0000   0.3498
  19.000   1.1155   0.23434   0.22761  -0.1490  0.1501  1.0000  -1.8224   0.0000   0.0000   0.0000   0.3529
  19.500   1.1281   0.24477   0.23811  -0.1539  0.1601  1.0000  -1.8039   0.0000   0.0000   0.0000   0.3549
  20.000   1.1350   0.25166   0.24505  -0.1593  0.1598  1.0000  -1.8057   0.0000   0.0000   0.0000   0.3579


