xflr5 v6.61

 Calculated polar for: E63_10_00

 1 1 Reynolds number fixed          Mach number fixed         

 xtrf =   1.000 (top)        1.000 (bottom)
 Mach =   0.200     Re =     0.025 e 6     Ncrit =   7.000

  alpha     CL        CD       CDp       Cm    Top Xtr Bot Xtr   Cpmin    Chinge    XCp    
 ------- -------- --------- --------- -------- ------- ------- -------- --------- ---------
 -22.500  -0.6353   0.27781   0.26538   0.0151  1.0000  0.1000  -1.3677   0.0000   0.0000   0.0000   0.2528
 -22.000  -0.6196   0.27246   0.26003   0.0122  1.0000  0.1036  -1.3541   0.0000   0.0000   0.0000   0.2492
 -21.500  -0.6061   0.26915   0.25676   0.0088  1.0000  0.1067  -1.3601   0.0000   0.0000   0.0000   0.2446
 -21.000  -0.5931   0.26567   0.25335   0.0054  1.0000  0.1082  -1.3675   0.0000   0.0000   0.0000   0.2399
 -20.500  -0.5741   0.25713   0.24476   0.0034  1.0000  0.1120  -1.3247   0.0000   0.0000   0.0000   0.2370
 -20.000  -0.5593   0.25249   0.24016   0.0006  1.0000  0.1162  -1.3130   0.0000   0.0000   0.0000   0.2327
 -19.500  -0.5487   0.25071   0.23844  -0.0027  1.0000  0.1185  -1.3271   0.0000   0.0000   0.0000   0.2273
 -19.000  -0.5291   0.24172   0.22950  -0.0044  1.0000  0.1223  -1.2792   0.0000   0.0000   0.0000   0.2241
 -18.500  -0.5151   0.23727   0.22510  -0.0069  1.0000  0.1277  -1.2631   0.0000   0.0000   0.0000   0.2196
 -18.000  -0.5015   0.23235   0.22027  -0.0092  1.0000  0.1311  -1.2700   0.0000   0.0000   0.0000   0.2149
 -17.500  -0.4856   0.22653   0.21443  -0.0110  1.0000  0.1379  -1.2609   0.0000   0.0000   0.0000   0.2109
 -17.000  -0.4733   0.22205   0.21005  -0.0133  1.0000  0.1418  -1.2740   0.0000   0.0000   0.0000   0.2060
 -16.500  -0.4574   0.21595   0.20401  -0.0148  1.0000  0.1486  -1.2628   0.0000   0.0000   0.0000   0.2020
 -16.000  -0.4467   0.21180   0.19997  -0.0168  1.0000  0.1523  -1.2791   0.0000   0.0000   0.0000   0.1971
 -15.500  -0.4302   0.20523   0.19346  -0.0180  1.0000  0.1592  -1.2629   0.0000   0.0000   0.0000   0.1931
 -15.000  -0.4201   0.20087   0.18921  -0.0197  1.0000  0.1635  -1.2762   0.0000   0.0000   0.0000   0.1885
 -14.500  -0.4057   0.19495   0.18337  -0.0207  1.0000  0.1712  -1.2649   0.0000   0.0000   0.0000   0.1846
 -14.000  -0.3929   0.18914   0.17760  -0.0217  1.0000  0.1765  -1.2608   0.0000   0.0000   0.0000   0.1806
 -13.500  -0.3863   0.18564   0.17422  -0.0230  1.0000  0.1838  -1.2751   0.0000   0.0000   0.0000   0.1769
 -13.000  -0.3698   0.17843   0.16711  -0.0233  1.0000  0.1917  -1.2508   0.0000   0.0000   0.0000   0.1735
 -12.500  -0.3599   0.17310   0.16190  -0.0239  1.0000  0.1985  -1.2482   0.0000   0.0000   0.0000   0.1704
 -12.000  -0.3575   0.16992   0.15888  -0.0246  1.0000  0.2063  -1.2658   0.0000   0.0000   0.0000   0.1685
 -11.500  -0.3449   0.16359   0.15265  -0.0245  1.0000  0.2163  -1.2457   0.0000   0.0000   0.0000   0.1664
 -11.000  -0.3335   0.15751   0.14670  -0.0243  1.0000  0.2259  -1.2273   0.0000   0.0000   0.0000   0.1648
 -10.500  -0.3245   0.15195   0.14129  -0.0240  1.0000  0.2359  -1.2141   0.0000   0.0000   0.0000   0.1641
 -10.000  -0.3173   0.14666   0.13615  -0.0235  1.0000  0.2465  -1.2241   0.0000   0.0000   0.0000   0.1645
  -9.500  -0.3143   0.14219   0.13185  -0.0226  1.0000  0.2595  -1.2401   0.0000   0.0000   0.0000   0.1670
  -9.000  -0.3052   0.13633   0.12608  -0.0212  1.0000  0.2761  -1.2374   0.0000   0.0000   0.0000   0.1698
  -8.000  -0.3063   0.12804   0.11821  -0.0172  1.0000  0.3157  -1.2625   0.0000   0.0000   0.0000   0.1846
  -7.500  -0.3042   0.12315   0.11353  -0.0145  1.0000  0.3376  -1.2659   0.0000   0.0000   0.0000   0.1937
  -7.000  -0.3033   0.11831   0.10890  -0.0114  1.0000  0.3596  -1.2707   0.0000   0.0000   0.0000   0.2043
  -6.500  -0.2972   0.11256   0.10336  -0.0082  1.0000  0.3833  -1.2671   0.0000   0.0000   0.0000   0.2148
  -6.000  -0.2967   0.10769   0.09870  -0.0041  1.0000  0.4118  -1.2699   0.0000   0.0000   0.0000   0.2290
  -5.500  -0.2976   0.10294   0.09419   0.0013  1.0000  0.4566  -1.2684   0.0000   0.0000   0.0000   0.2479
  -5.000  -0.2897   0.09725   0.08869   0.0082  1.0000  0.5347  -1.2493   0.0000   0.0000   0.0000   0.2720
  -4.500  -0.2692   0.09015   0.08165   0.0139  1.0000  0.6227  -1.2229   0.0000   0.0000   0.0000   0.2952
  -3.000  -0.2574   0.07078   0.06228  -0.0360  1.0000  0.2352  -1.6971   0.0000   0.0000   0.0000   0.1059
  -2.500  -0.1779   0.06094   0.05182  -0.0548  1.0000  0.2298  -1.7380   0.0000   0.0000   0.0000  -0.0635
  -2.000  -0.0920   0.05348   0.04370  -0.0698  1.0000  0.2411  -1.6660   0.0000   0.0000   0.0000  -0.5189
  -1.500  -0.0011   0.04773   0.03711  -0.0834  1.0000  0.2612  -1.5306   0.0000   0.0000   0.0000  -78.8496
  -1.000   0.0701   0.04480   0.03365  -0.0900  1.0000  0.2962  -1.3450   0.0000   0.0000   0.0000   1.5405
  -0.500   0.1357   0.04312   0.03144  -0.0946  1.0000  0.3467  -1.1473   0.0000   0.0000   0.0000   0.9486
   0.000   0.1917   0.04242   0.03050  -0.0968  1.0000  0.4122  -0.9503   0.0000   0.0000   0.0000   0.7549
   0.500   0.2408   0.04233   0.03047  -0.0975  1.0000  0.4990  -0.8316   0.0000   0.0000   0.0000   0.6540
   1.000   0.2828   0.04244   0.03099  -0.0967  1.0000  0.6269  -0.7506   0.0000   0.0000   0.0000   0.5899
   1.500   0.2993   0.04163   0.03100  -0.0930  1.0000  1.0000  -0.7037   0.0000   0.0000   0.0000   0.5579
   2.000   0.3899   0.04588   0.03382  -0.1054  0.9801  1.0000  -0.6744   0.0000   0.0000   0.0000   0.5171
   2.500   0.4866   0.04958   0.03685  -0.1164  0.9327  1.0000  -0.7609   0.0000   0.0000   0.0000   0.4854
   3.000   0.5710   0.05252   0.03944  -0.1239  0.8847  1.0000  -0.8505   0.0000   0.0000   0.0000   0.4627
   3.500   0.6544   0.05502   0.04174  -0.1300  0.8368  1.0000  -0.9469   0.0000   0.0000   0.0000   0.4439
   4.000   0.7247   0.05726   0.04392  -0.1332  0.7881  1.0000  -1.0385   0.0000   0.0000   0.0000   0.4285
   4.500   0.7946   0.05925   0.04592  -0.1353  0.7408  1.0000  -1.1378   0.0000   0.0000   0.0000   0.4145
   5.000   0.8636   0.06092   0.04769  -0.1363  0.6952  1.0000  -1.2454   0.0000   0.0000   0.0000   0.4015
   5.500   0.9263   0.06258   0.04947  -0.1358  0.6510  1.0000  -1.3539   0.0000   0.0000   0.0000   0.3897
   6.000   0.9763   0.06491   0.05198  -0.1340  0.6083  1.0000  -1.4493   0.0000   0.0000   0.0000   0.3798
   6.500   1.0109   0.06858   0.05580  -0.1315  0.5682  1.0000  -1.5280   0.0000   0.0000   0.0000   0.3721
   7.000   1.0619   0.07099   0.05838  -0.1291  0.5315  1.0000  -1.6351   0.0000   0.0000   0.0000   0.3630
   7.500   1.0921   0.07544   0.06308  -0.1265  0.4978  1.0000  -1.7074   0.0000   0.0000   0.0000   0.3566
   8.000   1.0718   0.08541   0.07316  -0.1252  0.4691  1.0000  -1.6952   0.0000   0.0000   0.0000   0.3571
   8.500   1.0943   0.09142   0.07933  -0.1236  0.4427  1.0000  -1.7786   0.0000   0.0000   0.0000   0.3526
   9.000   1.0774   0.10218   0.09020  -0.1243  0.4218  1.0000  -1.7578   0.0000   0.0000   0.0000   0.3545
   9.500   1.0554   0.11361   0.10172  -0.1260  0.4049  1.0000  -1.7147   0.0000   0.0000   0.0000   0.3581
  10.000   1.0637   0.12204   0.11028  -0.1266  0.3873  1.0000  -1.7449   0.0000   0.0000   0.0000   0.3571
  10.500   1.0535   0.13252   0.12087  -0.1292  0.3752  1.0000  -1.7161   0.0000   0.0000   0.0000   0.3601
  11.000   1.0518   0.14221   0.13067  -0.1317  0.3643  1.0000  -1.7026   0.0000   0.0000   0.0000   0.3622
  11.500   1.0565   0.15144   0.14002  -0.1343  0.3545  1.0000  -1.6992   0.0000   0.0000   0.0000   0.3634
  12.000   1.0490   0.16144   0.15013  -0.1386  0.3513  1.0000  -1.6506   0.0000   0.0000   0.0000   0.3679
  12.500   1.0506   0.17097   0.15977  -0.1428  0.3516  1.0000  -1.6170   0.0000   0.0000   0.0000   0.3711
  13.000   1.0618   0.18073   0.16984  -0.1469  0.3554  1.0000  -1.6283   0.0000   0.0000   0.0000   0.3729
  15.000   1.0805   0.21655   0.20614  -0.1695  0.4218  1.0000  -1.6248   0.0000   0.0000   0.0000   0.3885
  15.500   1.0968   0.22268   0.21238  -0.1719  0.4007  1.0000  -1.6789   0.0000   0.0000   0.0000   0.3875
  16.000   1.1170   0.23078   0.22061  -0.1749  0.3884  1.0000  -1.7328   0.0000   0.0000   0.0000   0.3865
  16.500   1.1277   0.23565   0.22556  -0.1782  0.3734  1.0000  -1.7548   0.0000   0.0000   0.0000   0.3870
  17.000   1.1474   0.24273   0.23277  -0.1808  0.3534  1.0000  -1.7997   0.0000   0.0000   0.0000   0.3857
  17.500   1.1620   0.24879   0.23893  -0.1844  0.3405  1.0000  -1.8146   0.0000   0.0000   0.0000   0.3858
  18.000   1.1781   0.25539   0.24565  -0.1880  0.3278  1.0000  -1.8479   0.0000   0.0000   0.0000   0.3857
  18.500   1.1981   0.26324   0.25373  -0.1909  0.3102  1.0000  -1.8875   0.0000   0.0000   0.0000   0.3846
  19.000   1.2124   0.26860   0.25920  -0.1947  0.2934  1.0000  -1.8952   0.0000   0.0000   0.0000   0.3848
  19.500   1.2299   0.27598   0.26668  -0.1983  0.2810  1.0000  -1.8993   0.0000   0.0000   0.0000   0.3844
  20.000   1.2462   0.28265   0.27342  -0.2021  0.2663  1.0000  -1.8943   0.0000   0.0000   0.0000   0.3843


