xflr5 v6.61

 Calculated polar for: E63_15_00

 1 1 Reynolds number fixed          Mach number fixed         

 xtrf =   1.000 (top)        1.000 (bottom)
 Mach =   0.200     Re =     0.025 e 6     Ncrit =   7.000

  alpha     CL        CD       CDp       Cm    Top Xtr Bot Xtr   Cpmin    Chinge    XCp    
 ------- -------- --------- --------- -------- ------- ------- -------- --------- ---------
 -30.000  -0.7756   0.34435   0.33105   0.0556  1.0000  0.0961  -1.5253   0.0000   0.0000   0.0000   0.2718
 -29.000  -0.7490   0.33600   0.32268   0.0474  1.0000  0.0981  -1.5114   0.0000   0.0000   0.0000   0.2657
 -28.500  -0.7334   0.32957   0.31623   0.0441  1.0000  0.1005  -1.4798   0.0000   0.0000   0.0000   0.2634
 -28.000  -0.7189   0.32493   0.31157   0.0404  1.0000  0.1031  -1.4591   0.0000   0.0000   0.0000   0.2604
 -27.500  -0.7052   0.32147   0.30811   0.0364  1.0000  0.1059  -1.4475   0.0000   0.0000   0.0000   0.2569
 -27.000  -0.6939   0.32100   0.30762   0.0319  1.0000  0.1076  -1.4626   0.0000   0.0000   0.0000   0.2524
 -26.500  -0.6762   0.31225   0.29890   0.0291  1.0000  0.1101  -1.4339   0.0000   0.0000   0.0000   0.2501
 -26.000  -0.6603   0.30691   0.29356   0.0259  1.0000  0.1136  -1.4188   0.0000   0.0000   0.0000   0.2470
 -25.500  -0.6462   0.30331   0.28997   0.0222  1.0000  0.1168  -1.4203   0.0000   0.0000   0.0000   0.2430
 -25.000  -0.6343   0.30180   0.28849   0.0182  1.0000  0.1184  -1.4375   0.0000   0.0000   0.0000   0.2383
 -24.500  -0.6166   0.29402   0.28072   0.0155  1.0000  0.1205  -1.4128   0.0000   0.0000   0.0000   0.2352
 -24.000  -0.5998   0.28817   0.27488   0.0127  1.0000  0.1240  -1.3905   0.0000   0.0000   0.0000   0.2318
 -23.500  -0.5853   0.28426   0.27100   0.0094  1.0000  0.1275  -1.3857   0.0000   0.0000   0.0000   0.2275
 -23.000  -0.5741   0.28278   0.26956   0.0057  1.0000  0.1294  -1.3997   0.0000   0.0000   0.0000   0.2222
 -22.500  -0.5545   0.27422   0.26106   0.0035  1.0000  0.1322  -1.3613   0.0000   0.0000   0.0000   0.2189
 -22.000  -0.5383   0.26903   0.25590   0.0009  1.0000  0.1365  -1.3397   0.0000   0.0000   0.0000   0.2148
 -21.500  -0.5262   0.26648   0.25340  -0.0023  1.0000  0.1397  -1.3419   0.0000   0.0000   0.0000   0.2095
 -21.000  -0.5093   0.25997   0.24692  -0.0046  1.0000  0.1423  -1.3276   0.0000   0.0000   0.0000   0.2051
 -20.500  -0.4922   0.25421   0.24121  -0.0068  1.0000  0.1470  -1.3154   0.0000   0.0000   0.0000   0.2007
 -20.000  -0.4812   0.25172   0.23878  -0.0097  1.0000  0.1508  -1.3354   0.0000   0.0000   0.0000   0.1951
 -19.500  -0.4628   0.24448   0.23162  -0.0115  1.0000  0.1542  -1.3175   0.0000   0.0000   0.0000   0.1905
 -19.000  -0.4481   0.23974   0.22695  -0.0136  1.0000  0.1599  -1.3141   0.0000   0.0000   0.0000   0.1855
 -18.500  -0.4344   0.23490   0.22221  -0.0157  1.0000  0.1642  -1.3162   0.0000   0.0000   0.0000   0.1802
 -18.000  -0.4215   0.23087   0.21822  -0.0175  1.0000  0.1724  -1.3156   0.0000   0.0000   0.0000   0.1751
 -17.500  -0.4039   0.22420   0.21164  -0.0187  1.0000  0.1800  -1.2954   0.0000   0.0000   0.0000   0.1703
 -17.000  -0.3921   0.21973   0.20728  -0.0204  1.0000  0.1863  -1.3003   0.0000   0.0000   0.0000   0.1650
 -16.500  -0.3803   0.21546   0.20309  -0.0219  1.0000  0.1943  -1.3018   0.0000   0.0000   0.0000   0.1601
 -16.000  -0.3634   0.20873   0.19647  -0.0228  1.0000  0.2011  -1.2858   0.0000   0.0000   0.0000   0.1549
 -15.500  -0.3536   0.20428   0.19215  -0.0241  1.0000  0.2080  -1.2941   0.0000   0.0000   0.0000   0.1501
 -15.000  -0.3468   0.20092   0.18892  -0.0251  1.0000  0.2172  -1.3157   0.0000   0.0000   0.0000   0.1465
 -14.500  -0.3280   0.19341   0.18150  -0.0252  1.0000  0.2313  -1.3096   0.0000   0.0000   0.0000   0.1418
 -14.000  -0.3165   0.18812   0.17627  -0.0255  1.0000  0.2428  -1.3242   0.0000   0.0000   0.0000   0.1381
 -13.500  -0.3078   0.18337   0.17163  -0.0259  1.0000  0.2520  -1.3425   0.0000   0.0000   0.0000   0.1352
 -13.000  -0.3005   0.17891   0.16729  -0.0261  1.0000  0.2618  -1.3556   0.0000   0.0000   0.0000   0.1334
 -12.500  -0.2941   0.17461   0.16311  -0.0260  1.0000  0.2720  -1.3615   0.0000   0.0000   0.0000   0.1326
 -12.000  -0.2825   0.16888   0.15749  -0.0255  1.0000  0.2836  -1.3453   0.0000   0.0000   0.0000   0.1309
 -11.500  -0.2677   0.16277   0.15148  -0.0246  1.0000  0.2987  -1.3115   0.0000   0.0000   0.0000   0.1292
 -11.000  -0.2604   0.15813   0.14697  -0.0237  1.0000  0.3124  -1.2916   0.0000   0.0000   0.0000   0.1309
 -10.500  -0.2543   0.15357   0.14255  -0.0226  1.0000  0.3242  -1.2703   0.0000   0.0000   0.0000   0.1338
 -10.000  -0.2506   0.14933   0.13847  -0.0212  1.0000  0.3363  -1.2493   0.0000   0.0000   0.0000   0.1392
  -9.500  -0.2501   0.14550   0.13475  -0.0195  1.0000  0.3484  -1.2307   0.0000   0.0000   0.0000   0.1474
  -9.000  -0.2404   0.14005   0.12947  -0.0177  1.0000  0.3615  -1.1864   0.0000   0.0000   0.0000   0.1523
  -8.500  -0.2369   0.13586   0.12545  -0.0152  1.0000  0.3799  -1.1498   0.0000   0.0000   0.0000   0.1630
  -8.000  -0.2313   0.13129   0.12106  -0.0124  1.0000  0.4003  -1.1051   0.0000   0.0000   0.0000   0.1746
  -7.500  -0.2287   0.12706   0.11703  -0.0093  1.0000  0.4208  -1.0645   0.0000   0.0000   0.0000   0.1889
  -7.000  -0.2301   0.12322   0.11341  -0.0058  1.0000  0.4399  -1.0307   0.0000   0.0000   0.0000   0.2058
  -6.500  -0.2364   0.11991   0.11034  -0.0018  1.0000  0.4597  -1.0323   0.0000   0.0000   0.0000   0.2254
  -6.000  -0.2405   0.11630   0.10695   0.0024  1.0000  0.4814  -1.0395   0.0000   0.0000   0.0000   0.2447
  -5.500  -0.2399   0.11219   0.10305   0.0065  1.0000  0.5054  -1.0393   0.0000   0.0000   0.0000   0.2629
  -5.000  -0.2411   0.10853   0.09957   0.0116  1.0000  0.5436  -1.0358   0.0000   0.0000   0.0000   0.2852
  -4.500  -0.2349   0.10439   0.09563   0.0169  1.0000  0.5987  -1.0206   0.0000   0.0000   0.0000   0.3099
  -3.500  -0.3720   0.09517   0.08671   0.0005  1.0000  0.3067  -1.4168   0.0000   0.0000   0.0000   0.2451
  -3.000  -0.3624   0.08639   0.07780  -0.0114  1.0000  0.2828  -1.5109   0.0000   0.0000   0.0000   0.2127
  -2.500  -0.3384   0.07982   0.07117  -0.0175  1.0000  0.2790  -1.5223   0.0000   0.0000   0.0000   0.1924
  -2.000  -0.3046   0.07420   0.06537  -0.0249  1.0000  0.2897  -1.5141   0.0000   0.0000   0.0000   0.1625
  -1.500  -0.2521   0.06811   0.05894  -0.0365  1.0000  0.2963  -1.5191   0.0000   0.0000   0.0000   0.0990
  -1.000  -0.1989   0.06432   0.05482  -0.0455  1.0000  0.3156  -1.4816   0.0000   0.0000   0.0000   0.0143
  -0.500  -0.0887   0.06280   0.05288  -0.0619  0.9703  0.3449  -1.3536   0.0000   0.0000   0.0000  -0.4592
   0.000   0.0136   0.06161   0.05120  -0.0757  0.9347  0.3781  -1.2151   0.0000   0.0000   0.0000   5.8635
   0.500   0.1100   0.06144   0.05066  -0.0864  0.8995  0.4192  -1.0619   0.0000   0.0000   0.0000   1.0370
   1.000   0.1902   0.06161   0.05054  -0.0935  0.8634  0.4620  -0.9213   0.0000   0.0000   0.0000   0.7402
   1.500   0.2634   0.06228   0.05115  -0.0980  0.8282  0.5224  -0.7800   0.0000   0.0000   0.0000   0.6189
   2.000   0.3314   0.06291   0.05186  -0.1008  0.7939  0.5946  -0.8286   0.0000   0.0000   0.0000   0.5498
   2.500   0.3850   0.06337   0.05264  -0.1004  0.7610  0.6935  -0.8872   0.0000   0.0000   0.0000   0.5056
   3.000   0.4133   0.06273   0.05275  -0.0961  0.7293  1.0000  -0.9242   0.0000   0.0000   0.0000   0.4767
   3.500   0.5104   0.06640   0.05518  -0.1086  0.6918  1.0000  -1.0105   0.0000   0.0000   0.0000   0.4564
   4.000   0.5644   0.06979   0.05802  -0.1106  0.6598  1.0000  -1.0759   0.0000   0.0000   0.0000   0.4390
   4.500   0.6107   0.07342   0.06129  -0.1113  0.6299  1.0000  -1.1350   0.0000   0.0000   0.0000   0.4246
   5.000   0.6366   0.07808   0.06573  -0.1107  0.6017  1.0000  -1.1672   0.0000   0.0000   0.0000   0.4156
   5.500   0.6732   0.08247   0.06992  -0.1105  0.5757  1.0000  -1.2115   0.0000   0.0000   0.0000   0.4054
   6.000   0.7018   0.08749   0.07478  -0.1102  0.5519  1.0000  -1.2448   0.0000   0.0000   0.0000   0.3976
   6.500   0.7220   0.09320   0.08040  -0.1098  0.5303  1.0000  -1.2686   0.0000   0.0000   0.0000   0.3920
   7.000   0.7275   0.09999   0.08715  -0.1095  0.5110  1.0000  -1.2719   0.0000   0.0000   0.0000   0.3899
   7.500   0.7376   0.10675   0.09386  -0.1096  0.4941  1.0000  -1.2784   0.0000   0.0000   0.0000   0.3875
   8.000   0.7471   0.11378   0.10087  -0.1101  0.4796  1.0000  -1.2791   0.0000   0.0000   0.0000   0.3857
   8.500   0.7596   0.12081   0.10790  -0.1109  0.4670  1.0000  -1.2825   0.0000   0.0000   0.0000   0.3838
   9.000   0.7666   0.12815   0.11524  -0.1120  0.4566  1.0000  -1.2794   0.0000   0.0000   0.0000   0.3833
   9.500   0.7731   0.13583   0.12293  -0.1137  0.4512  1.0000  -1.2691   0.0000   0.0000   0.0000   0.3838
  10.000   0.7767   0.14330   0.13042  -0.1156  0.4478  1.0000  -1.2504   0.0000   0.0000   0.0000   0.3850
  10.500   0.7850   0.15127   0.13842  -0.1183  0.4520  1.0000  -1.2418   0.0000   0.0000   0.0000   0.3863
  12.500   0.8044   0.18220   0.16962  -0.1337  0.5321  1.0000  -1.1484   0.0000   0.0000   0.0000   0.3994
  13.000   0.8235   0.18773   0.17514  -0.1354  0.5170  1.0000  -1.1665   0.0000   0.0000   0.0000   0.3968
  13.500   0.8467   0.19371   0.18113  -0.1372  0.4994  1.0000  -1.1893   0.0000   0.0000   0.0000   0.3936
  14.000   0.8691   0.20019   0.18763  -0.1393  0.4873  1.0000  -1.2199   0.0000   0.0000   0.0000   0.3910
  14.500   0.8846   0.20475   0.19219  -0.1412  0.4723  1.0000  -1.2380   0.0000   0.0000   0.0000   0.3895
  15.000   0.9080   0.21093   0.19851  -0.1432  0.4555  1.0000  -1.2705   0.0000   0.0000   0.0000   0.3867
  15.500   0.9292   0.21721   0.20482  -0.1456  0.4437  1.0000  -1.3051   0.0000   0.0000   0.0000   0.3847
  16.000   0.9462   0.22220   0.20983  -0.1479  0.4300  1.0000  -1.3296   0.0000   0.0000   0.0000   0.3835
  16.500   0.9643   0.22705   0.21472  -0.1502  0.4137  1.0000  -1.3544   0.0000   0.0000   0.0000   0.3819
  17.000   0.9831   0.23271   0.22043  -0.1528  0.4026  1.0000  -1.3752   0.0000   0.0000   0.0000   0.3807
  17.500   1.0031   0.23865   0.22641  -0.1555  0.3904  1.0000  -1.3959   0.0000   0.0000   0.0000   0.3792
  18.000   1.0250   0.24534   0.23315  -0.1579  0.3765  1.0000  -1.4189   0.0000   0.0000   0.0000   0.3772
  18.500   1.0421   0.25046   0.23833  -0.1608  0.3652  1.0000  -1.4267   0.0000   0.0000   0.0000   0.3764
  19.000   1.0622   0.25699   0.24502  -0.1636  0.3550  1.0000  -1.4381   0.0000   0.0000   0.0000   0.3751
  19.500   1.0796   0.26236   0.25045  -0.1667  0.3440  1.0000  -1.4411   0.0000   0.0000   0.0000   0.3743
  20.000   1.0934   0.26590   0.25405  -0.1699  0.3316  1.0000  -1.4858   0.0000   0.0000   0.0000   0.3742


