xflr5 v6.61

 Calculated polar for: E63_7_00

 1 1 Reynolds number fixed          Mach number fixed         

 xtrf =   1.000 (top)        1.000 (bottom)
 Mach =   0.200     Re =     0.100 e 6     Ncrit =   7.000

  alpha     CL        CD       CDp       Cm    Top Xtr Bot Xtr   Cpmin    Chinge    XCp    
 ------- -------- --------- --------- -------- ------- ------- -------- --------- ---------
 -25.000  -0.7481   0.30307   0.29708   0.0414  1.0000  0.0165  -1.6414   0.0000   0.0000   0.0000   0.2887
 -24.500  -0.7337   0.29588   0.28989   0.0386  1.0000  0.0170  -1.5638   0.0000   0.0000   0.0000   0.2866
 -24.000  -0.7193   0.29039   0.28439   0.0352  1.0000  0.0176  -1.5206   0.0000   0.0000   0.0000   0.2837
 -23.500  -0.7045   0.28505   0.27903   0.0318  1.0000  0.0183  -1.4879   0.0000   0.0000   0.0000   0.2804
 -23.000  -0.6896   0.27969   0.27366   0.0284  1.0000  0.0191  -1.4592   0.0000   0.0000   0.0000   0.2770
 -22.500  -0.6745   0.27429   0.26826   0.0250  1.0000  0.0201  -1.4323   0.0000   0.0000   0.0000   0.2735
 -22.000  -0.6592   0.26899   0.26297   0.0216  1.0000  0.0213  -1.4149   0.0000   0.0000   0.0000   0.2696
 -21.500  -0.6439   0.26402   0.25799   0.0181  1.0000  0.0218  -1.4298   0.0000   0.0000   0.0000   0.2654
 -21.000  -0.6291   0.25955   0.25354   0.0144  1.0000  0.0220  -1.4741   0.0000   0.0000   0.0000   0.2607
 -20.500  -0.6153   0.25559   0.24956   0.0107  1.0000  0.0222  -1.5202   0.0000   0.0000   0.0000   0.2557
 -20.000  -0.6006   0.24979   0.24380   0.0078  1.0000  0.0223  -1.5247   0.0000   0.0000   0.0000   0.2516
 -19.500  -0.5840   0.24131   0.23532   0.0063  1.0000  0.0229  -1.4264   0.0000   0.0000   0.0000   0.2498
 -19.000  -0.5689   0.23549   0.22951   0.0039  1.0000  0.0236  -1.3807   0.0000   0.0000   0.0000   0.2463
 -18.500  -0.5539   0.22988   0.22391   0.0015  1.0000  0.0244  -1.3482   0.0000   0.0000   0.0000   0.2424
 -18.000  -0.5391   0.22431   0.21836  -0.0010  1.0000  0.0253  -1.3217   0.0000   0.0000   0.0000   0.2383
 -17.500  -0.5244   0.21880   0.21284  -0.0034  1.0000  0.0264  -1.3011   0.0000   0.0000   0.0000   0.2339
 -17.000  -0.5100   0.21365   0.20771  -0.0061  1.0000  0.0274  -1.2966   0.0000   0.0000   0.0000   0.2288
 -16.500  -0.4979   0.21014   0.20424  -0.0093  1.0000  0.0280  -1.3639   0.0000   0.0000   0.0000   0.2223
 -16.000  -0.4913   0.20878   0.20293  -0.0129  1.0000  0.0283  -1.4739   0.0000   0.0000   0.0000   0.2152
 -15.500  -0.4699   0.19655   0.19073  -0.0125  1.0000  0.0293  -1.3595   0.0000   0.0000   0.0000   0.2149
 -15.000  -0.4557   0.19026   0.18447  -0.0136  1.0000  0.0306  -1.3162   0.0000   0.0000   0.0000   0.2119
 -14.500  -0.4425   0.18454   0.17878  -0.0150  1.0000  0.0319  -1.3084   0.0000   0.0000   0.0000   0.2080
 -14.000  -0.4301   0.17888   0.17316  -0.0165  1.0000  0.0334  -1.3127   0.0000   0.0000   0.0000   0.2038
 -13.500  -0.4182   0.17329   0.16757  -0.0180  1.0000  0.0349  -1.3269   0.0000   0.0000   0.0000   0.1995
 -13.000  -0.4076   0.16811   0.16244  -0.0197  1.0000  0.0364  -1.3636   0.0000   0.0000   0.0000   0.1944
 -12.500  -0.4004   0.16403   0.15842  -0.0219  1.0000  0.0370  -1.4350   0.0000   0.0000   0.0000   0.1883
 -12.000  -0.3971   0.16061   0.15508  -0.0240  1.0000  0.0373  -1.5149   0.0000   0.0000   0.0000   0.1828
 -11.500  -0.3815   0.15198   0.14651  -0.0236  1.0000  0.0379  -1.4518   0.0000   0.0000   0.0000   0.1814
 -11.000  -0.3680   0.14512   0.13968  -0.0230  1.0000  0.0394  -1.3640   0.0000   0.0000   0.0000   0.1809
 -10.500  -0.3586   0.13962   0.13425  -0.0232  1.0000  0.0410  -1.3324   0.0000   0.0000   0.0000   0.1790
 -10.000  -0.3510   0.13439   0.12909  -0.0235  1.0000  0.0430  -1.3223   0.0000   0.0000   0.0000   0.1769
  -9.500  -0.3469   0.12992   0.12470  -0.0243  1.0000  0.0450  -1.3533   0.0000   0.0000   0.0000   0.1742
  -9.000  -0.3521   0.12727   0.12218  -0.0258  1.0000  0.0458  -1.4482   0.0000   0.0000   0.0000   0.1717
  -8.500  -0.3610   0.12465   0.11970  -0.0265  1.0000  0.0461  -1.5422   0.0000   0.0000   0.0000   0.1720
  -8.000  -0.3348   0.11436   0.10939  -0.0227  1.0000  0.0482  -1.3477   0.0000   0.0000   0.0000   0.1775
  -7.500  -0.3323   0.10971   0.10484  -0.0211  1.0000  0.0503  -1.3426   0.0000   0.0000   0.0000   0.1822
  -7.000  -0.3360   0.10575   0.10101  -0.0193  1.0000  0.0531  -1.3747   0.0000   0.0000   0.0000   0.1885
  -6.500  -0.3556   0.10368   0.09911  -0.0169  1.0000  0.0551  -1.4763   0.0000   0.0000   0.0000   0.1993
  -6.000  -0.3678   0.10091   0.09651  -0.0206  1.0000  0.0558  -1.6413   0.0000   0.0000   0.0000   0.1911
  -5.500  -0.3590   0.09403   0.08972  -0.0128  1.0000  0.0593  -1.4793   0.0000   0.0000   0.0000   0.2116
  -5.000  -0.3541   0.08929   0.08509  -0.0154  1.0000  0.0642  -1.5222   0.0000   0.0000   0.0000   0.2040
  -4.500  -0.3365   0.08278   0.07866  -0.0229  1.0000  0.0669  -1.6070   0.0000   0.0000   0.0000   0.1796
  -4.000  -0.3184   0.07722   0.07315  -0.0235  1.0000  0.0714  -1.5520   0.0000   0.0000   0.0000   0.1739
  -3.500  -0.2353   0.06749   0.06328  -0.0436  0.9907  0.0800  -1.5569   0.0000   0.0000   0.0000   0.0614
  -3.000  -0.0651   0.04807   0.04300  -0.0880  0.9876  0.0557  -2.0165   0.0000   0.0000   0.0000  -1.1146
  -2.500   0.0726   0.03414   0.02789  -0.1127  0.9877  0.0450  -2.2019   0.0000   0.0000   0.0000   1.8119
  -2.000   0.1892   0.02709   0.01923  -0.1267  0.9855  0.0466  -2.1103   0.0000   0.0000   0.0000   0.9235
  -1.500   0.2816   0.02428   0.01575  -0.1337  0.9798  0.0545  -1.8617   0.0000   0.0000   0.0000   0.7269
  -1.000   0.3695   0.02273   0.01416  -0.1399  0.9710  0.0995  -1.5600   0.0000   0.0000   0.0000   0.6296
  -0.500   0.4529   0.02203   0.01393  -0.1458  0.9577  0.2559  -1.1030   0.0000   0.0000   0.0000   0.5721
   0.000   0.5350   0.02114   0.01387  -0.1509  0.9441  0.5400  -0.7044   0.0000   0.0000   0.0000   0.5315
   1.000   0.6755   0.01970   0.01264  -0.1541  0.9052  1.0000  -0.7411   0.0000   0.0000   0.0000   0.4765
   1.500   0.7533   0.01917   0.01195  -0.1571  0.8845  1.0000  -0.8330   0.0000   0.0000   0.0000   0.4564
   2.000   0.8306   0.01831   0.01103  -0.1595  0.8620  1.0000  -0.9440   0.0000   0.0000   0.0000   0.4393
   2.500   0.9094   0.01728   0.01002  -0.1617  0.8370  1.0000  -1.0659   0.0000   0.0000   0.0000   0.4246
   3.000   0.9887   0.01636   0.00915  -0.1641  0.8010  1.0000  -1.2089   0.0000   0.0000   0.0000   0.4122
   3.500   1.0746   0.01570   0.00846  -0.1677  0.7469  1.0000  -1.3761   0.0000   0.0000   0.0000   0.4018
   4.000   1.1493   0.01575   0.00831  -0.1694  0.6675  1.0000  -1.5887   0.0000   0.0000   0.0000   0.3925
   4.500   1.2052   0.01658   0.00875  -0.1679  0.5775  1.0000  -1.7828   0.0000   0.0000   0.0000   0.3838
   5.000   1.2500   0.01782   0.00967  -0.1646  0.4925  1.0000  -2.0019   0.0000   0.0000   0.0000   0.3755
   5.500   1.2901   0.01928   0.01080  -0.1608  0.4165  1.0000  -2.2950   0.0000   0.0000   0.0000   0.3679
   6.000   1.3275   0.02091   0.01214  -0.1567  0.3477  1.0000  -2.6087   0.0000   0.0000   0.0000   0.3606
   6.500   1.3612   0.02265   0.01360  -0.1523  0.2812  1.0000  -2.9566   0.0000   0.0000   0.0000   0.3538
   7.000   1.3955   0.02444   0.01535  -0.1482  0.2278  1.0000  -3.3171   0.0000   0.0000   0.0000   0.3474
   7.500   1.4288   0.02632   0.01720  -0.1440  0.1839  1.0000  -3.6833   0.0000   0.0000   0.0000   0.3413
   8.000   1.4600   0.02835   0.01933  -0.1394  0.1516  1.0000  -4.0418   0.0000   0.0000   0.0000   0.3353
   8.500   1.4861   0.03068   0.02174  -0.1343  0.1185  1.0000  -4.3786   0.0000   0.0000   0.0000   0.3294
   9.000   1.5056   0.03363   0.02480  -0.1285  0.0872  1.0000  -4.6655   0.0000   0.0000   0.0000   0.3236
   9.500   1.5164   0.03755   0.02886  -0.1218  0.0646  1.0000  -4.8658   0.0000   0.0000   0.0000   0.3178
  10.000   1.5237   0.04218   0.03383  -0.1151  0.0528  1.0000  -5.0177   0.0000   0.0000   0.0000   0.3123
  10.500   1.5308   0.04711   0.03900  -0.1094  0.0461  1.0000  -5.2035   0.0000   0.0000   0.0000   0.3074
  11.000   1.5381   0.05223   0.04457  -0.1046  0.0406  1.0000  -5.4461   0.0000   0.0000   0.0000   0.3031
  11.500   1.5425   0.05868   0.05126  -0.1004  0.0379  1.0000  -5.6615   0.0000   0.0000   0.0000   0.2994
  12.000   1.5390   0.06616   0.05947  -0.0967  0.0366  1.0000  -5.7756   0.0000   0.0000   0.0000   0.2963
  12.500   1.5206   0.07533   0.06933  -0.0945  0.0358  1.0000  -5.7994   0.0000   0.0000   0.0000   0.2947
  13.000   1.4903   0.08645   0.08110  -0.0951  0.0354  1.0000  -5.7403   0.0000   0.0000   0.0000   0.2955
  13.500   1.4519   0.09999   0.09522  -0.0998  0.0354  1.0000  -5.5999   0.0000   0.0000   0.0000   0.2995
  14.000   1.4085   0.11671   0.11244  -0.1095  0.0357  1.0000  -5.3635   0.0000   0.0000   0.0000   0.3077
  14.500   1.3604   0.13787   0.13397  -0.1247  0.0363  1.0000  -4.9737   0.0000   0.0000   0.0000   0.3210
  15.000   1.3106   0.16399   0.16026  -0.1440  0.0373  1.0000  -4.3429   0.0000   0.0000   0.0000   0.3391
  15.500   1.2842   0.18636   0.18259  -0.1588  0.0379  1.0000  -3.7708   0.0000   0.0000   0.0000   0.3528
  16.000   1.2649   0.21140   0.20744  -0.1750  0.0404  1.0000  -2.9826   0.0000   0.0000   0.0000   0.3676
  16.500   1.2680   0.22546   0.22145  -0.1840  0.0428  1.0000  -2.7023   0.0000   0.0000   0.0000   0.3739
  17.000   1.2796   0.23572   0.23178  -0.1899  0.0456  1.0000  -2.6062   0.0000   0.0000   0.0000   0.3764


