xflr5 v6.61

 Calculated polar for: E63_14_00

 1 1 Reynolds number fixed          Mach number fixed         

 xtrf =   1.000 (top)        1.000 (bottom)
 Mach =   0.200     Re =     0.025 e 6     Ncrit =   9.000

  alpha     CL        CD       CDp       Cm    Top Xtr Bot Xtr   Cpmin    Chinge    XCp    
 ------- -------- --------- --------- -------- ------- ------- -------- --------- ---------
 -20.000  -0.4942   0.25120   0.23844  -0.0069  1.0000  0.1656  -1.2859   0.0000   0.0000   0.0000   0.2049
 -19.500  -0.4800   0.24693   0.23423  -0.0092  1.0000  0.1715  -1.2714   0.0000   0.0000   0.0000   0.2002
 -19.000  -0.4655   0.24181   0.22920  -0.0114  1.0000  0.1751  -1.2713   0.0000   0.0000   0.0000   0.1953
 -18.500  -0.4496   0.23636   0.22381  -0.0132  1.0000  0.1818  -1.2640   0.0000   0.0000   0.0000   0.1907
 -18.000  -0.4363   0.23161   0.21911  -0.0152  1.0000  0.1861  -1.2691   0.0000   0.0000   0.0000   0.1856
 -17.500  -0.4215   0.22651   0.21409  -0.0168  1.0000  0.1934  -1.2639   0.0000   0.0000   0.0000   0.1809
 -17.000  -0.4058   0.22050   0.20817  -0.0183  1.0000  0.1996  -1.2558   0.0000   0.0000   0.0000   0.1761
 -16.500  -0.3951   0.21655   0.20433  -0.0198  1.0000  0.2076  -1.2625   0.0000   0.0000   0.0000   0.1714
 -16.000  -0.3864   0.21346   0.20136  -0.0212  1.0000  0.2172  -1.2715   0.0000   0.0000   0.0000   0.1674
 -15.500  -0.3717   0.20756   0.19556  -0.0220  1.0000  0.2277  -1.2609   0.0000   0.0000   0.0000   0.1632
 -15.000  -0.3567   0.20135   0.18945  -0.0227  1.0000  0.2380  -1.2500   0.0000   0.0000   0.0000   0.1589
 -14.500  -0.3425   0.19528   0.18349  -0.0233  1.0000  0.2479  -1.2416   0.0000   0.0000   0.0000   0.1547
 -14.000  -0.3305   0.18980   0.17808  -0.0237  1.0000  0.2585  -1.2387   0.0000   0.0000   0.0000   0.1512
 -13.500  -0.3204   0.18474   0.17314  -0.0240  1.0000  0.2700  -1.2397   0.0000   0.0000   0.0000   0.1484
 -13.000  -0.3093   0.17910   0.16764  -0.0239  1.0000  0.2854  -1.2470   0.0000   0.0000   0.0000   0.1463
 -12.500  -0.3023   0.17478   0.16345  -0.0235  1.0000  0.3039  -1.2705   0.0000   0.0000   0.0000   0.1466
 -12.000  -0.2904   0.16856   0.15735  -0.0230  1.0000  0.3179  -1.2833   0.0000   0.0000   0.0000   0.1450
 -11.500  -0.2795   0.16293   0.15183  -0.0223  1.0000  0.3342  -1.2897   0.0000   0.0000   0.0000   0.1447
 -11.000  -0.2781   0.15921   0.14827  -0.0213  1.0000  0.3490  -1.3074   0.0000   0.0000   0.0000   0.1490
 -10.500  -0.2643   0.15293   0.14209  -0.0201  1.0000  0.3684  -1.2897   0.0000   0.0000   0.0000   0.1497
 -10.000  -0.2564   0.14791   0.13720  -0.0184  1.0000  0.3905  -1.2745   0.0000   0.0000   0.0000   0.1545
  -9.500  -0.2483   0.14283   0.13220  -0.0165  1.0000  0.4121  -1.2526   0.0000   0.0000   0.0000   0.1602
  -9.000  -0.2402   0.13771   0.12723  -0.0145  1.0000  0.4328  -1.2253   0.0000   0.0000   0.0000   0.1670
  -8.500  -0.2347   0.13308   0.12276  -0.0120  1.0000  0.4556  -1.1970   0.0000   0.0000   0.0000   0.1769
  -8.000  -0.2350   0.12934   0.11920  -0.0089  1.0000  0.4800  -1.1743   0.0000   0.0000   0.0000   0.1920
  -7.500  -0.2221   0.12366   0.11368  -0.0061  1.0000  0.5104  -1.1219   0.0000   0.0000   0.0000   0.2023
  -7.000  -0.2162   0.11911   0.10931  -0.0024  1.0000  0.5481  -1.0775   0.0000   0.0000   0.0000   0.2199
  -6.500  -0.2027   0.11377   0.10414   0.0012  1.0000  0.5941  -1.0173   0.0000   0.0000   0.0000   0.2367
  -6.000  -0.1961   0.10942   0.09998   0.0056  1.0000  0.6453  -0.9674   0.0000   0.0000   0.0000   0.2605
  -5.500  -0.1657   0.10255   0.09318   0.0075  1.0000  0.7157  -0.8836   0.0000   0.0000   0.0000   0.2758
  -5.000   0.0628   0.08032   0.07028  -0.0295  1.0000  1.0000  -0.7459   0.0000   0.0000   0.0000   0.7685
  -4.500   0.0669   0.07747   0.06763  -0.0275  1.0000  1.0000  -0.7516   0.0000   0.0000   0.0000   0.7030
  -4.000   0.0686   0.07492   0.06527  -0.0254  1.0000  1.0000  -0.7569   0.0000   0.0000   0.0000   0.6545
  -3.500   0.0678   0.07268   0.06325  -0.0229  1.0000  1.0000  -0.7694   0.0000   0.0000   0.0000   0.6181
  -3.000   0.0086   0.07370   0.06469  -0.0075  1.0000  0.9728  -0.8104   0.0000   0.0000   0.0000   1.3220
  -2.500  -0.1176   0.07811   0.06973   0.0185  1.0000  0.8868  -0.8918   0.0000   0.0000   0.0000   0.3947
  -1.500  -0.3350   0.07805   0.07016   0.0096  1.0000  0.4614  -1.2597   0.0000   0.0000   0.0000   0.2748
  -1.000  -0.2691   0.07055   0.06232  -0.0111  1.0000  0.4292  -1.2720   0.0000   0.0000   0.0000   0.2046
  -0.500  -0.1887   0.06469   0.05601  -0.0304  1.0000  0.4258  -1.2686   0.0000   0.0000   0.0000   0.0844
   0.000  -0.1314   0.06168   0.05277  -0.0393  1.0000  0.4420  -1.2292   0.0000   0.0000   0.0000  -0.0537
   0.500  -0.0675   0.06000   0.05074  -0.0493  1.0000  0.4695  -1.1682   0.0000   0.0000   0.0000  -0.4864
   1.000  -0.0131   0.05970   0.05019  -0.0560  1.0000  0.5019  -1.0931   0.0000   0.0000   0.0000  -4.0427
   1.500   0.0333   0.06034   0.05070  -0.0603  1.0000  0.5404  -1.0126   0.0000   0.0000   0.0000   2.0573
   2.000   0.0800   0.06173   0.05193  -0.0649  1.0000  0.5862  -0.9282   0.0000   0.0000   0.0000   1.0550
   2.500   0.1189   0.06361   0.05384  -0.0673  1.0000  0.6483  -0.8457   0.0000   0.0000   0.0000   0.8090
   3.000   0.1538   0.06560   0.05603  -0.0685  1.0000  0.7337  -0.7679   0.0000   0.0000   0.0000   0.6881
   3.500   0.2588   0.06996   0.06039  -0.0882  0.9615  1.0000  -0.7079   0.0000   0.0000   0.0000   0.5843
   4.000   0.3914   0.07768   0.06666  -0.1088  0.8725  1.0000  -0.8133   0.0000   0.0000   0.0000   0.5217
   4.500   0.4396   0.08336   0.07190  -0.1134  0.8434  1.0000  -0.8567   0.0000   0.0000   0.0000   0.5012
   5.000   0.4699   0.08950   0.07779  -0.1163  0.8352  1.0000  -0.8788   0.0000   0.0000   0.0000   0.4903
   7.500   0.5343   0.11958   0.10742  -0.1221  0.8757  1.0000  -0.8819   0.0000   0.0000   0.0000   0.4681
   8.000   0.5703   0.12664   0.11441  -0.1255  0.8477  1.0000  -0.9069   0.0000   0.0000   0.0000   0.4594
   8.500   0.5986   0.13287   0.12059  -0.1278  0.8211  1.0000  -0.9247   0.0000   0.0000   0.0000   0.4522
   9.000   0.6340   0.14020   0.12789  -0.1308  0.7931  1.0000  -0.9540   0.0000   0.0000   0.0000   0.4445
   9.500   0.6579   0.14591   0.13357  -0.1323  0.7670  1.0000  -0.9685   0.0000   0.0000   0.0000   0.4387
  10.000   0.6942   0.15364   0.14126  -0.1352  0.7380  1.0000  -1.0021   0.0000   0.0000   0.0000   0.4318
  10.500   0.7140   0.15851   0.14614  -0.1361  0.7112  1.0000  -1.0178   0.0000   0.0000   0.0000   0.4270
  11.000   0.7391   0.16477   0.15240  -0.1380  0.6896  1.0000  -1.0365   0.0000   0.0000   0.0000   0.4224
  11.500   0.7661   0.17116   0.15878  -0.1398  0.6649  1.0000  -1.0555   0.0000   0.0000   0.0000   0.4176
  12.000   0.7927   0.17767   0.16530  -0.1417  0.6418  1.0000  -1.0850   0.0000   0.0000   0.0000   0.4131
  12.500   0.8175   0.18390   0.17160  -0.1435  0.6196  1.0000  -1.1099   0.0000   0.0000   0.0000   0.4092
  13.000   0.8434   0.19047   0.17819  -0.1454  0.5969  1.0000  -1.1414   0.0000   0.0000   0.0000   0.4053
  13.500   0.8607   0.19518   0.18291  -0.1470  0.5782  1.0000  -1.1643   0.0000   0.0000   0.0000   0.4029
  14.000   0.8829   0.20095   0.18871  -0.1489  0.5574  1.0000  -1.1963   0.0000   0.0000   0.0000   0.3999
  14.500   0.9053   0.20702   0.19481  -0.1510  0.5378  1.0000  -1.2341   0.0000   0.0000   0.0000   0.3972
  15.000   0.9323   0.21466   0.20263  -0.1533  0.5200  1.0000  -1.2763   0.0000   0.0000   0.0000   0.3940
  15.500   0.9491   0.21898   0.20698  -0.1553  0.5004  1.0000  -1.2988   0.0000   0.0000   0.0000   0.3923
  16.000   0.9688   0.22465   0.21269  -0.1576  0.4835  1.0000  -1.3219   0.0000   0.0000   0.0000   0.3904
  16.500   0.9895   0.23063   0.21873  -0.1600  0.4675  1.0000  -1.3433   0.0000   0.0000   0.0000   0.3886
  17.000   1.0090   0.23637   0.22452  -0.1625  0.4512  1.0000  -1.3588   0.0000   0.0000   0.0000   0.3870
  17.500   1.0311   0.24284   0.23107  -0.1650  0.4333  1.0000  -1.3767   0.0000   0.0000   0.0000   0.3849
  18.000   1.0521   0.24982   0.23810  -0.1677  0.4205  1.0000  -1.3871   0.0000   0.0000   0.0000   0.3833
  18.500   1.0657   0.25333   0.24169  -0.1707  0.4071  1.0000  -1.3808   0.0000   0.0000   0.0000   0.3830
  19.000   1.0854   0.25909   0.24762  -0.1734  0.3905  1.0000  -1.4466   0.0000   0.0000   0.0000   0.3815
  19.500   1.1084   0.26725   0.25588  -0.1762  0.3773  1.0000  -1.5192   0.0000   0.0000   0.0000   0.3796
  20.000   1.1262   0.27319   0.26189  -0.1793  0.3661  1.0000  -1.5745   0.0000   0.0000   0.0000   0.3788


