xflr5 v6.61

 Calculated polar for: E63_4_27

 1 1 Reynolds number fixed          Mach number fixed         

 xtrf =   1.000 (top)        1.000 (bottom)
 Mach =   0.200     Re =     0.070 e 6     Ncrit =   9.000

  alpha     CL        CD       CDp       Cm    Top Xtr Bot Xtr   Cpmin    Chinge    XCp    
 ------- -------- --------- --------- -------- ------- ------- -------- --------- ---------
 -16.500  -0.5360   0.20965   0.20283  -0.0028  1.0000  0.0299  -1.2597   0.0000   0.0000   0.0000   0.2410
 -16.000  -0.5219   0.20354   0.19674  -0.0047  1.0000  0.0313  -1.2240   0.0000   0.0000   0.0000   0.2374
 -15.500  -0.5081   0.19776   0.19099  -0.0066  1.0000  0.0328  -1.2235   0.0000   0.0000   0.0000   0.2334
 -15.000  -0.4947   0.19213   0.18539  -0.0086  1.0000  0.0344  -1.2334   0.0000   0.0000   0.0000   0.2292
 -14.500  -0.4819   0.18682   0.18011  -0.0107  1.0000  0.0359  -1.2573   0.0000   0.0000   0.0000   0.2247
 -14.000  -0.4707   0.18274   0.17608  -0.0131  1.0000  0.0369  -1.3094   0.0000   0.0000   0.0000   0.2192
 -13.500  -0.4634   0.18018   0.17355  -0.0158  1.0000  0.0373  -1.3848   0.0000   0.0000   0.0000   0.2132
 -13.000  -0.4464   0.17007   0.16347  -0.0158  1.0000  0.0385  -1.3142   0.0000   0.0000   0.0000   0.2118
 -12.500  -0.4339   0.16359   0.15703  -0.0165  1.0000  0.0405  -1.2770   0.0000   0.0000   0.0000   0.2091
 -12.000  -0.4229   0.15802   0.15150  -0.0177  1.0000  0.0427  -1.2687   0.0000   0.0000   0.0000   0.2055
 -11.500  -0.4134   0.15323   0.14678  -0.0192  1.0000  0.0448  -1.2839   0.0000   0.0000   0.0000   0.2011
 -11.000  -0.4091   0.15070   0.14434  -0.0213  1.0000  0.0458  -1.3441   0.0000   0.0000   0.0000   0.1955
 -10.500  -0.3975   0.14328   0.13700  -0.0215  1.0000  0.0469  -1.3079   0.0000   0.0000   0.0000   0.1935
 -10.000  -0.3847   0.13606   0.12982  -0.0210  1.0000  0.0497  -1.2234   0.0000   0.0000   0.0000   0.1930
  -9.750  -0.3803   0.13339   0.12719  -0.0211  1.0000  0.0512  -1.2069   0.0000   0.0000   0.0000   0.1921
  -9.500  -0.3767   0.13095   0.12479  -0.0214  1.0000  0.0528  -1.1991   0.0000   0.0000   0.0000   0.1909
  -9.250  -0.3742   0.12900   0.12283  -0.0218  1.0000  0.0543  -1.2059   0.0000   0.0000   0.0000   0.1895
  -9.000  -0.3743   0.12791   0.12181  -0.0225  1.0000  0.0552  -1.2319   0.0000   0.0000   0.0000   0.1877
  -8.750  -0.3771   0.12740   0.12138  -0.0232  1.0000  0.0556  -1.2688   0.0000   0.0000   0.0000   0.1866
  -8.500  -0.3818   0.12712   0.12119  -0.0236  1.0000  0.0558  -1.3092   0.0000   0.0000   0.0000   0.1864
  -8.250  -0.3619   0.11854   0.11258  -0.0214  1.0000  0.0587  -1.1819   0.0000   0.0000   0.0000   0.1888
  -8.000  -0.3588   0.11601   0.11011  -0.0209  1.0000  0.0608  -1.1762   0.0000   0.0000   0.0000   0.1897
  -7.750  -0.3577   0.11393   0.10809  -0.0206  1.0000  0.0628  -1.1862   0.0000   0.0000   0.0000   0.1905
  -7.500  -0.3593   0.11249   0.10672  -0.0203  1.0000  0.0644  -1.2132   0.0000   0.0000   0.0000   0.1916
  -7.250  -0.3653   0.11188   0.10622  -0.0198  1.0000  0.0652  -1.2562   0.0000   0.0000   0.0000   0.1941
  -7.000  -0.3744   0.11163   0.10607  -0.0189  1.0000  0.0656  -1.3040   0.0000   0.0000   0.0000   0.1980
  -6.750  -0.3785   0.11113   0.10568  -0.0204  1.0000  0.0658  -1.3629   0.0000   0.0000   0.0000   0.1947
  -6.500  -0.3632   0.10383   0.09836  -0.0161  1.0000  0.0689  -1.2441   0.0000   0.0000   0.0000   0.2042
  -6.250  -0.3629   0.10162   0.09622  -0.0152  1.0000  0.0709  -1.2435   0.0000   0.0000   0.0000   0.2067
  -6.000  -0.3621   0.09965   0.09432  -0.0154  1.0000  0.0732  -1.2592   0.0000   0.0000   0.0000   0.2062
  -5.750  -0.3604   0.09838   0.09313  -0.0179  1.0000  0.0750  -1.3077   0.0000   0.0000   0.0000   0.1989
  -5.250  -0.3510   0.09210   0.08697  -0.0175  1.0000  0.0782  -1.2960   0.0000   0.0000   0.0000   0.1988
  -5.000  -0.3449   0.08929   0.08422  -0.0174  1.0000  0.0813  -1.2810   0.0000   0.0000   0.0000   0.1981
  -4.750  -0.3326   0.08703   0.08199  -0.0222  1.0000  0.0854  -1.3151   0.0000   0.0000   0.0000   0.1817
  -4.500  -0.3184   0.08388   0.07889  -0.0266  1.0000  0.0874  -1.3413   0.0000   0.0000   0.0000   0.1651
  -4.250  -0.3135   0.08059   0.07564  -0.0240  1.0000  0.0910  -1.2950   0.0000   0.0000   0.0000   0.1721
  -4.000  -0.2773   0.07759   0.07253  -0.0370  1.0000  0.0974  -1.3606   0.0000   0.0000   0.0000   0.1150
  -3.750  -0.2781   0.07413   0.06914  -0.0315  1.0000  0.1006  -1.2978   0.0000   0.0000   0.0000   0.1349
  -3.500  -0.2432   0.07050   0.06546  -0.0412  1.0000  0.1088  -1.3202   0.0000   0.0000   0.0000   0.0787
  -3.250  -0.2079   0.06689   0.06179  -0.0492  1.0000  0.1191  -1.3181   0.0000   0.0000   0.0000   0.0107
  -3.000  -0.2023   0.06375   0.05872  -0.0458  1.0000  0.1250  -1.2602   0.0000   0.0000   0.0000   0.0210
  -2.750  -0.1534   0.05967   0.05452  -0.0573  1.0000  0.1413  -1.2555   0.0000   0.0000   0.0000  -0.1269
  -2.500  -0.1113   0.05624   0.05097  -0.0651  1.0000  0.1619  -1.2165   0.0000   0.0000   0.0000  -0.3396
  -2.250  -0.0893   0.05282   0.04760  -0.0661  1.0000  0.1758  -1.1574   0.0000   0.0000   0.0000  -0.4964
  -1.000   0.2706   0.03072   0.02284  -0.1244  1.0000  0.0959  -1.1847   0.0000   0.0000   0.0000   0.7109
  -0.750   0.3257   0.02805   0.01952  -0.1295  1.0000  0.0821  -1.2503   0.0000   0.0000   0.0000   0.6482
  -0.500   0.3695   0.02651   0.01742  -0.1323  1.0000  0.0844  -1.2745   0.0000   0.0000   0.0000   0.6083
  -0.250   0.4092   0.02524   0.01583  -0.1343  1.0000  0.0913  -1.2721   0.0000   0.0000   0.0000   0.5783
   0.000   0.4478   0.02420   0.01461  -0.1359  1.0000  0.1021  -1.2748   0.0000   0.0000   0.0000   0.5532
   0.500   0.5205   0.02117   0.01319  -0.1381  1.0000  1.0000  -1.2176   0.0000   0.0000   0.0000   0.5147
   0.750   0.5441   0.02176   0.01344  -0.1378  1.0000  1.0000  -0.9905   0.0000   0.0000   0.0000   0.5024
   1.000   0.5669   0.02241   0.01384  -0.1375  1.0000  1.0000  -0.7653   0.0000   0.0000   0.0000   0.4914
   1.250   0.5890   0.02311   0.01438  -0.1372  1.0000  1.0000  -0.5566   0.0000   0.0000   0.0000   0.4815
   1.500   0.6103   0.02389   0.01503  -0.1369  1.0000  1.0000  -0.5805   0.0000   0.0000   0.0000   0.4726
   1.750   0.6309   0.02474   0.01580  -0.1365  1.0000  1.0000  -0.6053   0.0000   0.0000   0.0000   0.4646
   2.000   0.6507   0.02567   0.01669  -0.1362  1.0000  1.0000  -0.6310   0.0000   0.0000   0.0000   0.4573
   2.250   0.6698   0.02670   0.01770  -0.1360  1.0000  1.0000  -0.6607   0.0000   0.0000   0.0000   0.4507
   2.500   0.6880   0.02784   0.01884  -0.1357  1.0000  1.0000  -0.6926   0.0000   0.0000   0.0000   0.4448
   2.750   0.7414   0.02893   0.01998  -0.1419  0.9814  1.0000  -0.7575   0.0000   0.0000   0.0000   0.4386
   3.000   0.7933   0.02952   0.02066  -0.1471  0.9630  1.0000  -0.8322   0.0000   0.0000   0.0000   0.4324
   3.500   0.8957   0.02964   0.02113  -0.1559  0.9239  1.0000  -1.0289   0.0000   0.0000   0.0000   0.4205
   3.750   0.9474   0.02920   0.02099  -0.1595  0.9032  1.0000  -1.1908   0.0000   0.0000   0.0000   0.4146
   4.000   1.0011   0.02829   0.02038  -0.1628  0.8813  1.0000  -1.4711   0.0000   0.0000   0.0000   0.4086
   4.250   1.0587   0.02672   0.01920  -0.1657  0.8583  1.0000  -1.8251   0.0000   0.0000   0.0000   0.4022
   4.500   1.1129   0.02470   0.01769  -0.1671  0.8306  1.0000  -2.1853   0.0000   0.0000   0.0000   0.3956
   4.750   1.1736   0.02224   0.01575  -0.1687  0.7945  1.0000  -2.5896   0.0000   0.0000   0.0000   0.3889
   5.000   1.2316   0.01996   0.01372  -0.1687  0.7065  1.0000  -2.9929   0.0000   0.0000   0.0000   0.3818
   5.250   1.2602   0.02027   0.01325  -0.1649  0.5285  1.0000  -3.2563   0.0000   0.0000   0.0000   0.3753
   5.500   1.2688   0.02216   0.01420  -0.1602  0.3706  1.0000  -3.4466   0.0000   0.0000   0.0000   0.3704
   5.750   1.2712   0.02552   0.01617  -0.1556  0.1846  1.0000  -3.5400   0.0000   0.0000   0.0000   0.3662
   6.000   1.2805   0.02953   0.01929  -0.1518  0.1048  1.0000  -3.5394   0.0000   0.0000   0.0000   0.3620
   6.250   1.3021   0.03256   0.02209  -0.1497  0.0864  1.0000  -3.6368   0.0000   0.0000   0.0000   0.3582
   6.500   1.3302   0.03528   0.02491  -0.1488  0.0737  1.0000  -3.8948   0.0000   0.0000   0.0000   0.3548
   6.750   1.3629   0.03876   0.02837  -0.1489  0.0663  1.0000  -4.2543   0.0000   0.0000   0.0000   0.3518
   7.000   1.3944   0.04250   0.03272  -0.1479  0.0641  1.0000  -4.5080   0.0000   0.0000   0.0000   0.3483
   7.250   1.4197   0.04678   0.03761  -0.1462  0.0634  1.0000  -4.7014   0.0000   0.0000   0.0000   0.3450
   7.500   1.4380   0.05144   0.04303  -0.1437  0.0637  1.0000  -4.8285   0.0000   0.0000   0.0000   0.3416
   7.750   1.4511   0.05644   0.04863  -0.1408  0.0647  1.0000  -4.9166   0.0000   0.0000   0.0000   0.3385
   8.000   1.4611   0.06186   0.05451  -0.1380  0.0658  1.0000  -4.9930   0.0000   0.0000   0.0000   0.3357
   8.250   1.4654   0.06720   0.06033  -0.1349  0.0662  1.0000  -5.0374   0.0000   0.0000   0.0000   0.3330
   8.500   1.4633   0.07235   0.06597  -0.1313  0.0662  1.0000  -5.0443   0.0000   0.0000   0.0000   0.3304
   8.750   1.4592   0.07768   0.07171  -0.1280  0.0664  1.0000  -5.0439   0.0000   0.0000   0.0000   0.3282
   9.000   1.4204   0.08283   0.07780  -0.1217  0.0731  1.0000  -4.6744   0.0000   0.0000   0.0000   0.3260
   9.250   1.4043   0.08780   0.08301  -0.1186  0.0743  1.0000  -4.6249   0.0000   0.0000   0.0000   0.3245
   9.500   1.3881   0.09266   0.08804  -0.1158  0.0752  1.0000  -4.5877   0.0000   0.0000   0.0000   0.3233
   9.750   1.3769   0.09808   0.09358  -0.1141  0.0760  1.0000  -4.5762   0.0000   0.0000   0.0000   0.3225
  10.000   1.3220   0.10534   0.10123  -0.1149  0.0843  1.0000  -4.1551   0.0000   0.0000   0.0000   0.3263


