xflr5 v6.61

 Calculated polar for: E63_8_00

 1 1 Reynolds number fixed          Mach number fixed         

 xtrf =   1.000 (top)        1.000 (bottom)
 Mach =   0.200     Re =     0.125 e 6     Ncrit =   7.000

  alpha     CL        CD       CDp       Cm    Top Xtr Bot Xtr   Cpmin    Chinge    XCp    
 ------- -------- --------- --------- -------- ------- ------- -------- --------- ---------
 -24.500  -0.7203   0.29696   0.29153   0.0349  1.0000  0.0165  -1.6465   0.0000   0.0000   0.0000   0.2798
 -24.000  -0.7054   0.28914   0.28370   0.0326  1.0000  0.0170  -1.5323   0.0000   0.0000   0.0000   0.2782
 -23.500  -0.6907   0.28380   0.27834   0.0294  1.0000  0.0178  -1.4620   0.0000   0.0000   0.0000   0.2753
 -23.000  -0.6758   0.27851   0.27305   0.0261  1.0000  0.0188  -1.4387   0.0000   0.0000   0.0000   0.2720
 -22.500  -0.6607   0.27314   0.26768   0.0228  1.0000  0.0195  -1.4321   0.0000   0.0000   0.0000   0.2684
 -22.000  -0.6455   0.26772   0.26226   0.0196  1.0000  0.0203  -1.4267   0.0000   0.0000   0.0000   0.2647
 -21.500  -0.6302   0.26232   0.25686   0.0163  1.0000  0.0211  -1.4245   0.0000   0.0000   0.0000   0.2609
 -21.000  -0.6149   0.25704   0.25159   0.0131  1.0000  0.0216  -1.4299   0.0000   0.0000   0.0000   0.2566
 -20.500  -0.5998   0.25205   0.24659   0.0097  1.0000  0.0219  -1.4420   0.0000   0.0000   0.0000   0.2520
 -20.000  -0.5856   0.24749   0.24203   0.0062  1.0000  0.0221  -1.4586   0.0000   0.0000   0.0000   0.2469
 -19.500  -0.5724   0.24331   0.23788   0.0028  1.0000  0.0222  -1.4786   0.0000   0.0000   0.0000   0.2416
 -19.000  -0.5570   0.23644   0.23105   0.0005  1.0000  0.0223  -1.4616   0.0000   0.0000   0.0000   0.2379
 -18.500  -0.5404   0.22885   0.22346  -0.0008  1.0000  0.0229  -1.3771   0.0000   0.0000   0.0000   0.2360
 -18.000  -0.5254   0.22315   0.21778  -0.0028  1.0000  0.0238  -1.3480   0.0000   0.0000   0.0000   0.2324
 -17.500  -0.5106   0.21761   0.21223  -0.0050  1.0000  0.0251  -1.3378   0.0000   0.0000   0.0000   0.2283
 -17.000  -0.4961   0.21213   0.20677  -0.0074  1.0000  0.0267  -1.3538   0.0000   0.0000   0.0000   0.2237
 -16.500  -0.4829   0.20755   0.20223  -0.0103  1.0000  0.0278  -1.4170   0.0000   0.0000   0.0000   0.2175
 -16.000  -0.4734   0.20444   0.19915  -0.0136  1.0000  0.0281  -1.5038   0.0000   0.0000   0.0000   0.2106
 -15.500  -0.4662   0.20139   0.19615  -0.0165  1.0000  0.0283  -1.5787   0.0000   0.0000   0.0000   0.2043
 -15.000  -0.4464   0.19072   0.18551  -0.0166  1.0000  0.0288  -1.4968   0.0000   0.0000   0.0000   0.2025
 -14.500  -0.4307   0.18351   0.17832  -0.0169  1.0000  0.0297  -1.4066   0.0000   0.0000   0.0000   0.2006
 -14.000  -0.4176   0.17771   0.17256  -0.0179  1.0000  0.0306  -1.3603   0.0000   0.0000   0.0000   0.1973
 -13.500  -0.4055   0.17207   0.16693  -0.0190  1.0000  0.0317  -1.3297   0.0000   0.0000   0.0000   0.1936
 -13.000  -0.3941   0.16646   0.16136  -0.0201  1.0000  0.0329  -1.3080   0.0000   0.0000   0.0000   0.1897
 -12.500  -0.3835   0.16088   0.15583  -0.0211  1.0000  0.0343  -1.2938   0.0000   0.0000   0.0000   0.1858
 -12.000  -0.3740   0.15542   0.15042  -0.0223  1.0000  0.0358  -1.2957   0.0000   0.0000   0.0000   0.1816
 -11.500  -0.3681   0.15080   0.14586  -0.0240  1.0000  0.0369  -1.3504   0.0000   0.0000   0.0000   0.1763
 -11.000  -0.3670   0.14693   0.14207  -0.0259  1.0000  0.0372  -1.4573   0.0000   0.0000   0.0000   0.1714
 -10.500  -0.3687   0.14312   0.13835  -0.0275  1.0000  0.0374  -1.5660   0.0000   0.0000   0.0000   0.1679
 -10.000  -0.3451   0.13326   0.12853  -0.0247  1.0000  0.0385  -1.4180   0.0000   0.0000   0.0000   0.1707
  -9.500  -0.3364   0.12784   0.12318  -0.0239  1.0000  0.0401  -1.3877   0.0000   0.0000   0.0000   0.1716
  -9.000  -0.3312   0.12289   0.11831  -0.0235  1.0000  0.0425  -1.3974   0.0000   0.0000   0.0000   0.1722
  -8.500  -0.3351   0.11917   0.11466  -0.0242  1.0000  0.0454  -1.5081   0.0000   0.0000   0.0000   0.1715
  -8.000  -0.3525   0.11701   0.11269  -0.0250  1.0000  0.0460  -1.6862   0.0000   0.0000   0.0000   0.1736
  -7.500  -0.3321   0.10873   0.10442  -0.0210  1.0000  0.0482  -1.5284   0.0000   0.0000   0.0000   0.1813
  -7.000  -0.3337   0.10453   0.10032  -0.0186  1.0000  0.0504  -1.5233   0.0000   0.0000   0.0000   0.1892
  -6.500  -0.3438   0.10094   0.09686  -0.0158  1.0000  0.0526  -1.5617   0.0000   0.0000   0.0000   0.1996
  -6.000  -0.3654   0.09829   0.09437  -0.0131  1.0000  0.0547  -1.6592   0.0000   0.0000   0.0000   0.2105
  -5.500  -0.3692   0.09353   0.08973  -0.0222  1.0000  0.0558  -1.8855   0.0000   0.0000   0.0000   0.1866
  -5.000  -0.3340   0.08553   0.08176  -0.0225  0.9932  0.0579  -1.7118   0.0000   0.0000   0.0000   0.1792
  -3.500  -0.0666   0.04549   0.04100  -0.0947  0.9659  0.0406  -2.1386   0.0000   0.0000   0.0000  -1.1890
  -3.000   0.1008   0.02705   0.02010  -0.1288  0.9721  0.0387  -2.5264   0.0000   0.0000   0.0000   1.5406
  -2.500   0.1901   0.02362   0.01588  -0.1357  0.9663  0.0429  -2.2801   0.0000   0.0000   0.0000   0.9699
  -2.000   0.2763   0.02163   0.01361  -0.1415  0.9595  0.0603  -1.9550   0.0000   0.0000   0.0000   0.7652
  -1.500   0.3574   0.02059   0.01250  -0.1463  0.9487  0.1000  -1.5329   0.0000   0.0000   0.0000   0.6609
  -1.000   0.4350   0.01992   0.01202  -0.1503  0.9355  0.1789  -1.1603   0.0000   0.0000   0.0000   0.5963
  -0.500   0.5143   0.01920   0.01170  -0.1546  0.9225  0.3086  -0.7972   0.0000   0.0000   0.0000   0.5506
   0.000   0.5931   0.01820   0.01123  -0.1584  0.9082  0.4792  -0.6829   0.0000   0.0000   0.0000   0.5163
   1.000   0.7244   0.01580   0.00955  -0.1584  0.8717  1.0000  -0.8346   0.0000   0.0000   0.0000   0.4667
   1.500   0.7999   0.01501   0.00860  -0.1605  0.8501  1.0000  -0.9318   0.0000   0.0000   0.0000   0.4482
   2.000   0.8794   0.01424   0.00773  -0.1633  0.8235  1.0000  -1.0491   0.0000   0.0000   0.0000   0.4327
   2.500   0.9643   0.01365   0.00703  -0.1674  0.7833  1.0000  -1.1795   0.0000   0.0000   0.0000   0.4200
   3.000   1.0455   0.01352   0.00668  -0.1708  0.7249  1.0000  -1.3252   0.0000   0.0000   0.0000   0.4093
   3.500   1.1103   0.01396   0.00677  -0.1712  0.6522  1.0000  -1.4682   0.0000   0.0000   0.0000   0.3995
   4.000   1.1610   0.01481   0.00724  -0.1689  0.5749  1.0000  -1.5995   0.0000   0.0000   0.0000   0.3902
   4.500   1.2050   0.01587   0.00793  -0.1657  0.5029  1.0000  -1.7705   0.0000   0.0000   0.0000   0.3816
   5.000   1.2465   0.01705   0.00884  -0.1622  0.4388  1.0000  -1.9411   0.0000   0.0000   0.0000   0.3736
   5.500   1.2870   0.01831   0.00985  -0.1586  0.3828  1.0000  -2.1133   0.0000   0.0000   0.0000   0.3661
   6.000   1.3259   0.01967   0.01099  -0.1550  0.3324  1.0000  -2.3067   0.0000   0.0000   0.0000   0.3590
   6.500   1.3619   0.02108   0.01219  -0.1509  0.2809  1.0000  -2.5858   0.0000   0.0000   0.0000   0.3523
   7.000   1.3969   0.02255   0.01360  -0.1468  0.2372  1.0000  -2.8716   0.0000   0.0000   0.0000   0.3459
   7.500   1.4320   0.02405   0.01509  -0.1428  0.2053  1.0000  -3.1954   0.0000   0.0000   0.0000   0.3398
   8.000   1.4648   0.02565   0.01669  -0.1385  0.1743  1.0000  -3.5400   0.0000   0.0000   0.0000   0.3339
   8.500   1.4960   0.02741   0.01854  -0.1341  0.1511  1.0000  -3.8864   0.0000   0.0000   0.0000   0.3282
   9.000   1.5257   0.02935   0.02065  -0.1295  0.1318  1.0000  -4.2316   0.0000   0.0000   0.0000   0.3227
   9.500   1.5511   0.03155   0.02309  -0.1246  0.1119  1.0000  -4.5651   0.0000   0.0000   0.0000   0.3173
  10.000   1.5717   0.03417   0.02593  -0.1193  0.0929  1.0000  -4.8757   0.0000   0.0000   0.0000   0.3121
  10.500   1.5856   0.03739   0.02935  -0.1138  0.0742  1.0000  -5.1494   0.0000   0.0000   0.0000   0.3071
  11.000   1.5917   0.04151   0.03372  -0.1080  0.0597  1.0000  -5.3652   0.0000   0.0000   0.0000   0.3023
  11.500   1.5899   0.04664   0.03912  -0.1025  0.0503  1.0000  -5.5248   0.0000   0.0000   0.0000   0.2981
  12.000   1.5833   0.05270   0.04551  -0.0981  0.0445  1.0000  -5.6555   0.0000   0.0000   0.0000   0.2946
  12.500   1.5758   0.05934   0.05247  -0.0951  0.0400  1.0000  -5.7898   0.0000   0.0000   0.0000   0.2921
  13.000   1.5626   0.06734   0.06075  -0.0935  0.0373  1.0000  -5.8820   0.0000   0.0000   0.0000   0.2905
  13.500   1.5516   0.07594   0.06986  -0.0931  0.0354  1.0000  -5.9466   0.0000   0.0000   0.0000   0.2897
  14.000   1.5361   0.08585   0.08024  -0.0944  0.0341  1.0000  -6.0073   0.0000   0.0000   0.0000   0.2902
  14.500   1.5154   0.09729   0.09215  -0.0979  0.0332  1.0000  -6.0178   0.0000   0.0000   0.0000   0.2923
  15.000   1.4899   0.11050   0.10582  -0.1039  0.0326  1.0000  -5.9615   0.0000   0.0000   0.0000   0.2964
  15.500   1.4581   0.12616   0.12193  -0.1131  0.0323  1.0000  -5.8051   0.0000   0.0000   0.0000   0.3034
  16.000   1.4142   0.14645   0.14268  -0.1272  0.0326  1.0000  -5.4495   0.0000   0.0000   0.0000   0.3151
  16.500   1.3075   0.19139   0.18788  -0.1603  0.0350  1.0000  -3.9463   0.0000   0.0000   0.0000   0.3488
  17.000   1.2849   0.21412   0.21051  -0.1749  0.0351  1.0000  -3.2848   0.0000   0.0000   0.0000   0.3624
  17.500   1.2859   0.22799   0.22435  -0.1837  0.0351  1.0000  -3.0224   0.0000   0.0000   0.0000   0.3686
  18.000   1.2928   0.23959   0.23594  -0.1911  0.0355  1.0000  -2.8493   0.0000   0.0000   0.0000   0.3728
  18.500   1.3036   0.24950   0.24586  -0.1972  0.0365  1.0000  -2.7521   0.0000   0.0000   0.0000   0.3755
  19.000   1.3201   0.25686   0.25325  -0.2006  0.0377  1.0000  -2.8044   0.0000   0.0000   0.0000   0.3751


