xflr5 v6.61

 Calculated polar for: E63_15_00

 1 1 Reynolds number fixed          Mach number fixed         

 xtrf =   1.000 (top)        1.000 (bottom)
 Mach =   0.200     Re =     0.070 e 6     Ncrit =   9.000

  alpha     CL        CD       CDp       Cm    Top Xtr Bot Xtr   Cpmin    Chinge    XCp    
 ------- -------- --------- --------- -------- ------- ------- -------- --------- ---------
 -20.000  -0.4783   0.24341   0.23571  -0.0097  1.0000  0.0769  -1.3585   0.0000   0.0000   0.0000   0.1946
 -19.500  -0.4599   0.23724   0.22957  -0.0111  1.0000  0.0791  -1.3211   0.0000   0.0000   0.0000   0.1910
 -19.000  -0.4443   0.23204   0.22441  -0.0131  1.0000  0.0820  -1.3121   0.0000   0.0000   0.0000   0.1860
 -18.500  -0.4315   0.22750   0.21992  -0.0157  1.0000  0.0851  -1.3314   0.0000   0.0000   0.0000   0.1796
 -18.000  -0.4286   0.22643   0.21891  -0.0196  1.0000  0.0864  -1.4165   0.0000   0.0000   0.0000   0.1714
 -17.500  -0.4052   0.21678   0.20928  -0.0198  1.0000  0.0878  -1.3479   0.0000   0.0000   0.0000   0.1679
 -17.000  -0.3878   0.21091   0.20346  -0.0207  1.0000  0.0907  -1.3086   0.0000   0.0000   0.0000   0.1635
 -16.500  -0.3748   0.20591   0.19852  -0.0223  1.0000  0.0946  -1.3064   0.0000   0.0000   0.0000   0.1576
 -16.000  -0.3745   0.20392   0.19661  -0.0257  1.0000  0.0969  -1.3872   0.0000   0.0000   0.0000   0.1499
 -15.500  -0.3526   0.19522   0.18798  -0.0255  1.0000  0.0989  -1.3245   0.0000   0.0000   0.0000   0.1457
 -15.000  -0.3372   0.18955   0.18237  -0.0259  1.0000  0.1029  -1.2919   0.0000   0.0000   0.0000   0.1412
 -14.500  -0.3373   0.18646   0.17936  -0.0285  1.0000  0.1074  -1.3597   0.0000   0.0000   0.0000   0.1350
 -14.000  -0.3183   0.17874   0.17169  -0.0280  1.0000  0.1105  -1.3112   0.0000   0.0000   0.0000   0.1312
 -13.500  -0.3104   0.17391   0.16693  -0.0288  1.0000  0.1172  -1.3394   0.0000   0.0000   0.0000   0.1272
 -13.000  -0.3010   0.16774   0.16085  -0.0290  1.0000  0.1215  -1.3806   0.0000   0.0000   0.0000   0.1241
 -12.500  -0.3093   0.16494   0.15815  -0.0307  1.0000  0.1294  -1.4995   0.0000   0.0000   0.0000   0.1233
 -12.000  -0.2999   0.15936   0.15264  -0.0300  1.0000  0.1400  -1.5102   0.0000   0.0000   0.0000   0.1228
 -11.500  -0.2893   0.15387   0.14723  -0.0291  1.0000  0.1506  -1.4934   0.0000   0.0000   0.0000   0.1230
 -11.000  -0.2737   0.14743   0.14085  -0.0275  1.0000  0.1559  -1.4451   0.0000   0.0000   0.0000   0.1228
 -10.500  -0.2856   0.14481   0.13834  -0.0279  1.0000  0.1618  -1.4986   0.0000   0.0000   0.0000   0.1283
 -10.000  -0.2688   0.13820   0.13181  -0.0259  1.0000  0.1654  -1.4280   0.0000   0.0000   0.0000   0.1297
  -9.750  -0.2655   0.13596   0.12962  -0.0250  1.0000  0.1685  -1.4075   0.0000   0.0000   0.0000   0.1322
  -9.500  -0.2733   0.13469   0.12841  -0.0248  1.0000  0.1721  -1.4295   0.0000   0.0000   0.0000   0.1370
  -9.250  -0.2879   0.13371   0.12752  -0.0248  1.0000  0.1735  -1.4753   0.0000   0.0000   0.0000   0.1434
  -9.000  -0.2705   0.12973   0.12357  -0.0230  1.0000  0.1756  -1.3988   0.0000   0.0000   0.0000   0.1440
  -8.750  -0.2666   0.12751   0.12136  -0.0217  1.0000  0.1787  -1.3684   0.0000   0.0000   0.0000   0.1481
  -8.500  -0.2738   0.12612   0.12004  -0.0209  1.0000  0.1825  -1.3782   0.0000   0.0000   0.0000   0.1543
  -8.250  -0.3015   0.12622   0.12030  -0.0208  1.0000  0.1843  -1.4578   0.0000   0.0000   0.0000   0.1640
  -8.000  -0.2803   0.12200   0.11606  -0.0188  1.0000  0.1863  -1.3669   0.0000   0.0000   0.0000   0.1656
  -7.750  -0.2765   0.11992   0.11403  -0.0171  1.0000  0.1896  -1.3306   0.0000   0.0000   0.0000   0.1712
  -7.500  -0.2908   0.11903   0.11323  -0.0160  1.0000  0.1940  -1.3551   0.0000   0.0000   0.0000   0.1793
  -7.250  -0.3045   0.11760   0.11190  -0.0149  1.0000  0.1960  -1.3777   0.0000   0.0000   0.0000   0.1868
  -7.000  -0.2908   0.11490   0.10924  -0.0127  1.0000  0.1999  -1.3044   0.0000   0.0000   0.0000   0.1921
  -6.750  -0.3046   0.11398   0.10840  -0.0112  1.0000  0.2045  -1.3201   0.0000   0.0000   0.0000   0.2002
  -6.250  -0.3142   0.11041   0.10499  -0.0076  1.0000  0.2096  -1.2939   0.0000   0.0000   0.0000   0.2140
  -6.000  -0.3217   0.10910   0.10376  -0.0057  1.0000  0.2134  -1.2853   0.0000   0.0000   0.0000   0.2214
  -5.750  -0.3583   0.10925   0.10403  -0.0034  1.0000  0.2166  -1.3579   0.0000   0.0000   0.0000   0.2309
  -5.500  -0.3670   0.10734   0.10221  -0.0013  1.0000  0.2181  -1.3523   0.0000   0.0000   0.0000   0.2374
  -5.250  -0.3592   0.10512   0.10004   0.0007  1.0000  0.2208  -1.3015   0.0000   0.0000   0.0000   0.2433
  -5.000  -0.2641   0.10065   0.09591  -0.0121  0.9789  0.2307  -1.1224   0.0000   0.0000   0.0000   0.1958
  -4.750  -0.4086   0.10300   0.09811   0.0011  1.0000  0.2282  -1.4069   0.0000   0.0000   0.0000   0.2456
  -4.000  -0.3218   0.09193   0.08697  -0.0193  0.9686  0.2501  -1.3770   0.0000   0.0000   0.0000   0.1822
  -3.750  -0.2834   0.07090   0.06540  -0.0529  0.9599  0.1724  -1.7402   0.0000   0.0000   0.0000   0.0533
  -3.500  -0.2601   0.07454   0.06925  -0.0462  0.9464  0.1977  -1.5600   0.0000   0.0000   0.0000   0.0629
  -3.250  -0.2312   0.07464   0.06941  -0.0454  0.9343  0.2222  -1.4592   0.0000   0.0000   0.0000   0.0439
  -3.000  -0.1294   0.05165   0.04508  -0.0887  0.9313  0.1875  -1.7814   0.0000   0.0000   0.0000  -0.4549
  -2.750  -0.0822   0.04965   0.04286  -0.0941  0.9205  0.2004  -1.7026   0.0000   0.0000   0.0000  -0.9236
  -2.500  -0.0279   0.04613   0.03886  -0.1020  0.9104  0.2096  -1.6727   0.0000   0.0000   0.0000  -3.4884
  -2.250   0.0196   0.04472   0.03726  -0.1064  0.8995  0.2221  -1.5950   0.0000   0.0000   0.0000   5.7884
  -2.000   0.0658   0.04291   0.03514  -0.1108  0.8877  0.2318  -1.5286   0.0000   0.0000   0.0000   1.9608
  -1.750   0.1094   0.04161   0.03363  -0.1141  0.8755  0.2424  -1.4519   0.0000   0.0000   0.0000   1.3072
  -1.500   0.1519   0.04068   0.03255  -0.1168  0.8632  0.2544  -1.3661   0.0000   0.0000   0.0000   1.0268
  -1.250   0.1967   0.03957   0.03127  -0.1197  0.8514  0.2654  -1.2806   0.0000   0.0000   0.0000   0.8634
  -1.000   0.2408   0.03867   0.03026  -0.1222  0.8395  0.2792  -1.1900   0.0000   0.0000   0.0000   0.7601
  -0.750   0.2872   0.03761   0.02901  -0.1250  0.8280  0.2940  -1.1001   0.0000   0.0000   0.0000   0.6862
  -0.500   0.3311   0.03665   0.02808  -0.1268  0.8164  0.3078  -1.0067   0.0000   0.0000   0.0000   0.6331
  -0.250   0.3771   0.03563   0.02699  -0.1289  0.8050  0.3272  -0.9127   0.0000   0.0000   0.0000   0.5910
   0.000   0.4228   0.03455   0.02594  -0.1307  0.7938  0.3487  -0.8766   0.0000   0.0000   0.0000   0.5574
   0.250   0.4689   0.03330   0.02471  -0.1322  0.7829  0.3706  -0.9258   0.0000   0.0000   0.0000   0.5298
   0.500   0.5157   0.03193   0.02340  -0.1337  0.7720  0.3940  -0.9775   0.0000   0.0000   0.0000   0.5065
   0.750   0.5643   0.03056   0.02211  -0.1354  0.7610  0.4232  -1.0315   0.0000   0.0000   0.0000   0.4866
   1.000   0.6158   0.02914   0.02079  -0.1375  0.7498  0.4596  -1.0902   0.0000   0.0000   0.0000   0.4695
   1.250   0.6713   0.02770   0.01950  -0.1402  0.7379  0.5051  -1.1571   0.0000   0.0000   0.0000   0.4547
   1.500   0.7088   0.02703   0.01895  -0.1404  0.7209  0.5493  -1.2076   0.0000   0.0000   0.0000   0.4435
   1.750   0.7665   0.02572   0.01778  -0.1435  0.7066  0.6147  -1.2778   0.0000   0.0000   0.0000   0.4322
   2.000   0.7999   0.02512   0.01736  -0.1427  0.6883  0.6804  -1.3256   0.0000   0.0000   0.0000   0.4230
   2.250   0.8356   0.02417   0.01663  -0.1417  0.6723  0.7768  -1.3803   0.0000   0.0000   0.0000   0.4139
   2.500   0.8652   0.02341   0.01600  -0.1406  0.6527  1.0000  -1.4298   0.0000   0.0000   0.0000   0.4064
   2.750   0.9099   0.02356   0.01574  -0.1433  0.6316  1.0000  -1.4940   0.0000   0.0000   0.0000   0.4011
   3.000   0.9452   0.02384   0.01572  -0.1441  0.6113  1.0000  -1.5500   0.0000   0.0000   0.0000   0.3956
   3.250   0.9783   0.02418   0.01580  -0.1443  0.5918  1.0000  -1.6043   0.0000   0.0000   0.0000   0.3904
   3.500   1.0124   0.02453   0.01589  -0.1447  0.5731  1.0000  -1.6604   0.0000   0.0000   0.0000   0.3854
   3.750   1.0391   0.02505   0.01622  -0.1439  0.5547  1.0000  -1.7084   0.0000   0.0000   0.0000   0.3807
   4.000   1.0652   0.02561   0.01661  -0.1431  0.5372  1.0000  -1.7560   0.0000   0.0000   0.0000   0.3761
   4.250   1.0952   0.02613   0.01692  -0.1428  0.5206  1.0000  -1.8084   0.0000   0.0000   0.0000   0.3718
   4.500   1.1179   0.02681   0.01749  -0.1415  0.5045  1.0000  -1.8520   0.0000   0.0000   0.0000   0.3676
   4.750   1.1441   0.02744   0.01796  -0.1407  0.4892  1.0000  -1.9011   0.0000   0.0000   0.0000   0.3637
   5.000   1.1718   0.02810   0.01843  -0.1401  0.4749  1.0000  -1.9592   0.0000   0.0000   0.0000   0.3599
   5.250   1.1914   0.02890   0.01918  -0.1383  0.4607  1.0000  -2.0066   0.0000   0.0000   0.0000   0.3561
   5.500   1.2144   0.02965   0.01988  -0.1371  0.4473  1.0000  -2.0589   0.0000   0.0000   0.0000   0.3525
   5.750   1.2387   0.03043   0.02054  -0.1361  0.4348  1.0000  -2.1130   0.0000   0.0000   0.0000   0.3491
   6.000   1.2628   0.03124   0.02125  -0.1351  0.4229  1.0000  -2.1669   0.0000   0.0000   0.0000   0.3458
   6.250   1.2859   0.03211   0.02205  -0.1339  0.4116  1.0000  -2.2192   0.0000   0.0000   0.0000   0.3427
   6.500   1.3072   0.03305   0.02293  -0.1325  0.4008  1.0000  -2.2690   0.0000   0.0000   0.0000   0.3395
   6.750   1.3271   0.03400   0.02386  -0.1309  0.3903  1.0000  -2.3173   0.0000   0.0000   0.0000   0.3364
   7.000   1.3457   0.03499   0.02483  -0.1291  0.3800  1.0000  -2.3668   0.0000   0.0000   0.0000   0.3334
   7.250   1.3632   0.03603   0.02587  -0.1272  0.3704  1.0000  -2.4162   0.0000   0.0000   0.0000   0.3304
   7.500   1.3813   0.03713   0.02705  -0.1254  0.3615  1.0000  -2.4663   0.0000   0.0000   0.0000   0.3275
   7.750   1.4035   0.03818   0.02805  -0.1243  0.3531  1.0000  -2.5227   0.0000   0.0000   0.0000   0.3248
   8.000   1.4258   0.03928   0.02912  -0.1232  0.3452  1.0000  -2.5788   0.0000   0.0000   0.0000   0.3223
   8.250   1.4304   0.04091   0.03093  -0.1197  0.3382  1.0000  -2.6070   0.0000   0.0000   0.0000   0.3192
   8.500   1.4503   0.04219   0.03219  -0.1184  0.3313  1.0000  -2.6646   0.0000   0.0000   0.0000   0.3167
   8.750   1.4651   0.04353   0.03358  -0.1163  0.3243  1.0000  -2.7143   0.0000   0.0000   0.0000   0.3141
   9.000   1.4653   0.04537   0.03559  -0.1124  0.3182  1.0000  -2.7387   0.0000   0.0000   0.0000   0.3111
   9.250   1.4993   0.04624   0.03630  -0.1130  0.3113  1.0000  -2.8218   0.0000   0.0000   0.0000   0.3093
   9.500   1.4740   0.04879   0.03922  -0.1060  0.3066  1.0000  -2.8020   0.0000   0.0000   0.0000   0.3055
   9.750   1.5097   0.04971   0.03999  -0.1068  0.3002  1.0000  -2.8878   0.0000   0.0000   0.0000   0.3039
  10.000   1.4699   0.05287   0.04354  -0.0985  0.2967  1.0000  -2.8420   0.0000   0.0000   0.0000   0.2998
  10.250   1.5055   0.05363   0.04417  -0.0992  0.2904  1.0000  -2.9285   0.0000   0.0000   0.0000   0.2982
  10.500   1.4625   0.05743   0.04832  -0.0917  0.2876  1.0000  -2.8743   0.0000   0.0000   0.0000   0.2947
  10.750   1.3897   0.06384   0.05514  -0.0840  0.2857  1.0000  -2.7599   0.0000   0.0000   0.0000   0.2921
  11.000   1.4478   0.06292   0.05403  -0.0854  0.2795  1.0000  -2.8886   0.0000   0.0000   0.0000   0.2902
  11.250   1.3537   0.07225   0.06379  -0.0794  0.2784  1.0000  -2.7234   0.0000   0.0000   0.0000   0.2895
  14.500   0.9327   0.19401   0.18663  -0.1334  0.2947  1.0000  -1.4003   0.0000   0.0000   0.0000   0.3725
  14.750   0.9530   0.19763   0.19026  -0.1334  0.2906  1.0000  -1.4502   0.0000   0.0000   0.0000   0.3690
  15.000   0.9490   0.19990   0.19252  -0.1359  0.2849  1.0000  -1.4300   0.0000   0.0000   0.0000   0.3717
  15.500   0.9663   0.20547   0.19812  -0.1382  0.2733  1.0000  -1.4612   0.0000   0.0000   0.0000   0.3706
  16.000   0.9837   0.21146   0.20412  -0.1407  0.2648  1.0000  -1.4865   0.0000   0.0000   0.0000   0.3697
  16.500   1.0157   0.21907   0.21177  -0.1416  0.2570  1.0000  -1.5545   0.0000   0.0000   0.0000   0.3651
  18.500   0.7987   0.22652   0.22079  -0.1285  0.2075  1.0000  -0.9530   0.0000   0.0000   0.0000   0.3882
  19.000   0.8077   0.23229   0.22662  -0.1306  0.1998  1.0000  -0.9518   0.0000   0.0000   0.0000   0.3882
  19.500   0.8258   0.23871   0.23316  -0.1317  0.1928  1.0000  -1.0272   0.0000   0.0000   0.0000   0.3849
  20.000   0.8236   0.24388   0.23840  -0.1352  0.1863  1.0000  -1.0162   0.0000   0.0000   0.0000   0.3889


