xflr5 v6.61

 Calculated polar for: E63_4_27

 1 1 Reynolds number fixed          Mach number fixed         

 xtrf =   1.000 (top)        1.000 (bottom)
 Mach =   0.200     Re =     0.070 e 6     Ncrit =   7.000

  alpha     CL        CD       CDp       Cm    Top Xtr Bot Xtr   Cpmin    Chinge    XCp    
 ------- -------- --------- --------- -------- ------- ------- -------- --------- ---------
 -22.500  -0.7129   0.27734   0.27042   0.0316  1.0000  0.0167  -1.4786   0.0000   0.0000   0.0000   0.2868
 -22.000  -0.6984   0.27092   0.26399   0.0287  1.0000  0.0174  -1.4055   0.0000   0.0000   0.0000   0.2839
 -21.500  -0.6836   0.26526   0.25834   0.0255  1.0000  0.0181  -1.3877   0.0000   0.0000   0.0000   0.2805
 -21.000  -0.6686   0.25970   0.25278   0.0223  1.0000  0.0189  -1.3835   0.0000   0.0000   0.0000   0.2770
 -20.500  -0.6535   0.25415   0.24719   0.0192  1.0000  0.0197  -1.3834   0.0000   0.0000   0.0000   0.2733
 -20.000  -0.6383   0.24861   0.24166   0.0161  1.0000  0.0206  -1.3855   0.0000   0.0000   0.0000   0.2695
 -19.500  -0.6231   0.24324   0.23630   0.0130  1.0000  0.0213  -1.3918   0.0000   0.0000   0.0000   0.2655
 -19.000  -0.6080   0.23823   0.23131   0.0098  1.0000  0.0218  -1.4055   0.0000   0.0000   0.0000   0.2611
 -18.500  -0.5935   0.23391   0.22700   0.0066  1.0000  0.0221  -1.4264   0.0000   0.0000   0.0000   0.2563
 -18.000  -0.5800   0.22972   0.22287   0.0034  1.0000  0.0223  -1.4444   0.0000   0.0000   0.0000   0.2514
 -17.500  -0.5641   0.22054   0.21368   0.0022  1.0000  0.0234  -1.3298   0.0000   0.0000   0.0000   0.2496
 -17.000  -0.5496   0.21469   0.20781  -0.0001  1.0000  0.0246  -1.2825   0.0000   0.0000   0.0000   0.2458
 -16.500  -0.5353   0.20907   0.20222  -0.0024  1.0000  0.0258  -1.2483   0.0000   0.0000   0.0000   0.2416
 -16.000  -0.5212   0.20375   0.19692  -0.0048  1.0000  0.0270  -1.2520   0.0000   0.0000   0.0000   0.2371
 -15.500  -0.5082   0.19964   0.19285  -0.0076  1.0000  0.0278  -1.3053   0.0000   0.0000   0.0000   0.2317
 -15.000  -0.4987   0.19731   0.19058  -0.0106  1.0000  0.0282  -1.3864   0.0000   0.0000   0.0000   0.2255
 -14.500  -0.4840   0.18905   0.18237  -0.0119  1.0000  0.0287  -1.3751   0.0000   0.0000   0.0000   0.2223
 -14.000  -0.4689   0.18063   0.17396  -0.0124  1.0000  0.0301  -1.3052   0.0000   0.0000   0.0000   0.2205
 -13.500  -0.4563   0.17463   0.16796  -0.0137  1.0000  0.0316  -1.2896   0.0000   0.0000   0.0000   0.2170
 -13.000  -0.4444   0.16892   0.16228  -0.0151  1.0000  0.0332  -1.2872   0.0000   0.0000   0.0000   0.2132
 -12.500  -0.4330   0.16339   0.15680  -0.0165  1.0000  0.0348  -1.2925   0.0000   0.0000   0.0000   0.2091
 -12.000  -0.4227   0.15841   0.15187  -0.0181  1.0000  0.0363  -1.3140   0.0000   0.0000   0.0000   0.2046
 -11.500  -0.4152   0.15465   0.14819  -0.0200  1.0000  0.0371  -1.3622   0.0000   0.0000   0.0000   0.1993
 -11.000  -0.4114   0.15182   0.14545  -0.0220  1.0000  0.0373  -1.4232   0.0000   0.0000   0.0000   0.1942
 -10.500  -0.3932   0.14138   0.13505  -0.0207  1.0000  0.0391  -1.2881   0.0000   0.0000   0.0000   0.1948
 -10.000  -0.3835   0.13569   0.12942  -0.0210  1.0000  0.0413  -1.2443   0.0000   0.0000   0.0000   0.1929
  -9.500  -0.3757   0.13076   0.12458  -0.0216  1.0000  0.0439  -1.2299   0.0000   0.0000   0.0000   0.1903
  -9.000  -0.3735   0.12785   0.12173  -0.0228  1.0000  0.0456  -1.2742   0.0000   0.0000   0.0000   0.1868
  -8.500  -0.3796   0.12659   0.12064  -0.0239  1.0000  0.0461  -1.3528   0.0000   0.0000   0.0000   0.1854
  -8.000  -0.3575   0.11565   0.10972  -0.0211  1.0000  0.0501  -1.2099   0.0000   0.0000   0.0000   0.1889
  -7.500  -0.3555   0.11146   0.10565  -0.0203  1.0000  0.0533  -1.2303   0.0000   0.0000   0.0000   0.1910
  -7.000  -0.3644   0.10936   0.10374  -0.0190  1.0000  0.0552  -1.3043   0.0000   0.0000   0.0000   0.1962
  -6.500  -0.3719   0.10776   0.10233  -0.0207  1.0000  0.0558  -1.4132   0.0000   0.0000   0.0000   0.1930
  -6.000  -0.3604   0.09898   0.09362  -0.0155  1.0000  0.0591  -1.2992   0.0000   0.0000   0.0000   0.2057
  -5.500  -0.3540   0.09428   0.08905  -0.0162  1.0000  0.0631  -1.3137   0.0000   0.0000   0.0000   0.2029
  -4.500  -0.3233   0.08316   0.07814  -0.0220  1.0000  0.0708  -1.3382   0.0000   0.0000   0.0000   0.1806
  -4.000  -0.2853   0.07672   0.07167  -0.0324  1.0000  0.0771  -1.3835   0.0000   0.0000   0.0000   0.1349
  -3.500  -0.2337   0.06964   0.06454  -0.0438  1.0000  0.0873  -1.3881   0.0000   0.0000   0.0000   0.0604
  -3.000  -0.1870   0.06256   0.05744  -0.0504  1.0000  0.0998  -1.3301   0.0000   0.0000   0.0000  -0.0224
  -2.500  -0.1124   0.05511   0.04985  -0.0638  1.0000  0.1223  -1.2674   0.0000   0.0000   0.0000  -0.3225
  -1.000   0.2899   0.02884   0.02050  -0.1266  1.0000  0.0526  -1.4060   0.0000   0.0000   0.0000   0.6877
  -0.500   0.3768   0.02572   0.01626  -0.1323  1.0000  0.0554  -1.4437   0.0000   0.0000   0.0000   0.6014
   0.000   0.4513   0.02385   0.01403  -0.1357  1.0000  0.0742  -1.3709   0.0000   0.0000   0.0000   0.5504
   0.500   0.5205   0.02117   0.01319  -0.1381  1.0000  1.0000  -1.2176   0.0000   0.0000   0.0000   0.5147
   1.000   0.5669   0.02241   0.01384  -0.1375  1.0000  1.0000  -0.7653   0.0000   0.0000   0.0000   0.4914
   1.500   0.6237   0.02390   0.01502  -0.1394  0.9928  1.0000  -0.5898   0.0000   0.0000   0.0000   0.4719
   2.000   0.7126   0.02500   0.01594  -0.1468  0.9703  1.0000  -0.6846   0.0000   0.0000   0.0000   0.4540
   2.500   0.7972   0.02541   0.01638  -0.1528  0.9432  1.0000  -0.8004   0.0000   0.0000   0.0000   0.4391
   3.000   0.8814   0.02525   0.01646  -0.1578  0.9134  1.0000  -0.9446   0.0000   0.0000   0.0000   0.4259
   3.500   0.9673   0.02441   0.01605  -0.1618  0.8804  1.0000  -1.2000   0.0000   0.0000   0.0000   0.4137
   4.000   1.0519   0.02276   0.01494  -0.1639  0.8403  1.0000  -1.7204   0.0000   0.0000   0.0000   0.4018
   4.500   1.1399   0.02060   0.01349  -0.1652  0.7772  1.0000  -2.3450   0.0000   0.0000   0.0000   0.3903
   5.000   1.2309   0.01953   0.01231  -0.1659  0.5938  1.0000  -3.0166   0.0000   0.0000   0.0000   0.3795
   5.500   1.2570   0.02302   0.01406  -0.1587  0.2911  1.0000  -3.4080   0.0000   0.0000   0.0000   0.3703
   6.000   1.2810   0.02881   0.01833  -0.1531  0.0818  1.0000  -3.6549   0.0000   0.0000   0.0000   0.3630
   6.500   1.3138   0.03357   0.02309  -0.1480  0.0574  1.0000  -3.9827   0.0000   0.0000   0.0000   0.3555
   7.000   1.3624   0.03896   0.02878  -0.1455  0.0462  1.0000  -4.6547   0.0000   0.0000   0.0000   0.3490
   7.500   1.4177   0.04651   0.03748  -0.1432  0.0430  1.0000  -5.1768   0.0000   0.0000   0.0000   0.3427
   8.000   1.4466   0.05550   0.04773  -0.1378  0.0424  1.0000  -5.4184   0.0000   0.0000   0.0000   0.3364
   8.500   1.4521   0.06419   0.05745  -0.1310  0.0404  1.0000  -5.5749   0.0000   0.0000   0.0000   0.3308
   9.000   1.4469   0.07360   0.06734  -0.1252  0.0378  1.0000  -5.7779   0.0000   0.0000   0.0000   0.3266


