xflr5 v6.61

 Calculated polar for: E63_13_00

 1 1 Reynolds number fixed          Mach number fixed         

 xtrf =   1.000 (top)        1.000 (bottom)
 Mach =   0.200     Re =     0.070 e 6     Ncrit =   7.000

  alpha     CL        CD       CDp       Cm    Top Xtr Bot Xtr   Cpmin    Chinge    XCp    
 ------- -------- --------- --------- -------- ------- ------- -------- --------- ---------
 -30.000  -0.4784   0.29814   0.29194   0.0167  1.0000  0.0377  -0.8664   0.0000   0.0000   0.0000   0.2597
 -29.500  -0.4701   0.29234   0.28611   0.0148  1.0000  0.0386  -0.8358   0.0000   0.0000   0.0000   0.2570
 -29.000  -0.4628   0.28782   0.28156   0.0126  1.0000  0.0400  -0.8190   0.0000   0.0000   0.0000   0.2535
 -28.500  -0.4557   0.28349   0.27720   0.0104  1.0000  0.0415  -0.8102   0.0000   0.0000   0.0000   0.2496
 -28.000  -0.4486   0.27920   0.27285   0.0082  1.0000  0.0429  -0.8048   0.0000   0.0000   0.0000   0.2454
 -27.500  -0.4416   0.27498   0.26861   0.0059  1.0000  0.0441  -0.8079   0.0000   0.0000   0.0000   0.2410
 -27.000  -0.4350   0.27109   0.26469   0.0035  1.0000  0.0451  -0.8334   0.0000   0.0000   0.0000   0.2362
 -26.500  -0.4292   0.26791   0.26147   0.0011  1.0000  0.0457  -0.8680   0.0000   0.0000   0.0000   0.2309
 -26.000  -0.4249   0.26568   0.25922  -0.0015  1.0000  0.0460  -0.9096   0.0000   0.0000   0.0000   0.2252
 -25.500  -0.4187   0.26186   0.25541  -0.0037  1.0000  0.0462  -0.9302   0.0000   0.0000   0.0000   0.2202
 -25.000  -0.4059   0.25402   0.24753  -0.0048  1.0000  0.0471  -0.8776   0.0000   0.0000   0.0000   0.2177
 -24.500  -0.3966   0.24942   0.24292  -0.0063  1.0000  0.0485  -0.8543   0.0000   0.0000   0.0000   0.2138
 -24.000  -0.3880   0.24530   0.23880  -0.0080  1.0000  0.0504  -0.8413   0.0000   0.0000   0.0000   0.2093
 -23.500  -0.3800   0.24134   0.23482  -0.0098  1.0000  0.0526  -0.8370   0.0000   0.0000   0.0000   0.2044
 -23.000  -0.3726   0.23761   0.23109  -0.0117  1.0000  0.0543  -0.8466   0.0000   0.0000   0.0000   0.1989
 -22.500  -0.3669   0.23468   0.22814  -0.0138  1.0000  0.0553  -0.8916   0.0000   0.0000   0.0000   0.1928
 -22.000  -0.3636   0.23297   0.22640  -0.0161  1.0000  0.0557  -0.9508   0.0000   0.0000   0.0000   0.1864
 -21.500  -0.3546   0.22779   0.22124  -0.0175  1.0000  0.0562  -0.9595   0.0000   0.0000   0.0000   0.1814
 -21.000  -0.3417   0.22165   0.21511  -0.0181  1.0000  0.0575  -0.9193   0.0000   0.0000   0.0000   0.1778
 -20.500  -0.3323   0.21757   0.21104  -0.0192  1.0000  0.0593  -0.9105   0.0000   0.0000   0.0000   0.1731
 -20.000  -0.3240   0.21381   0.20728  -0.0204  1.0000  0.0614  -0.9136   0.0000   0.0000   0.0000   0.1679
 -19.500  -0.3169   0.21031   0.20379  -0.0218  1.0000  0.0637  -0.9287   0.0000   0.0000   0.0000   0.1622
 -19.000  -0.3129   0.20784   0.20133  -0.0235  1.0000  0.0653  -0.9716   0.0000   0.0000   0.0000   0.1557
 -18.500  -0.3139   0.20721   0.20067  -0.0256  1.0000  0.0658  -1.0401   0.0000   0.0000   0.0000   0.1496
 -18.000  -0.2961   0.19933   0.19285  -0.0251  1.0000  0.0678  -0.9620   0.0000   0.0000   0.0000   0.1460
 -17.500  -0.2873   0.19569   0.18923  -0.0257  1.0000  0.0715  -0.9432   0.0000   0.0000   0.0000   0.1414
 -17.000  -0.2841   0.19335   0.18690  -0.0270  1.0000  0.0748  -0.9738   0.0000   0.0000   0.0000   0.1357
 -16.500  -0.2897   0.19379   0.18736  -0.0290  1.0000  0.0757  -1.0533   0.0000   0.0000   0.0000   0.1310
 -16.000  -0.2730   0.18621   0.17982  -0.0284  1.0000  0.0772  -1.0078   0.0000   0.0000   0.0000   0.1268
 -15.500  -0.2639   0.18233   0.17597  -0.0283  1.0000  0.0797  -0.9962   0.0000   0.0000   0.0000   0.1234
 -15.000  -0.2589   0.17933   0.17300  -0.0286  1.0000  0.0828  -1.0134   0.0000   0.0000   0.0000   0.1199
 -14.500  -0.2591   0.17697   0.17063  -0.0296  1.0000  0.0856  -1.0676   0.0000   0.0000   0.0000   0.1164
 -14.000  -0.2691   0.17594   0.16963  -0.0312  1.0000  0.0864  -1.1680   0.0000   0.0000   0.0000   0.1153
 -13.500  -0.2499   0.16832   0.16207  -0.0297  1.0000  0.0884  -1.0970   0.0000   0.0000   0.0000   0.1119
 -13.000  -0.2432   0.16394   0.15774  -0.0293  1.0000  0.0916  -1.0872   0.0000   0.0000   0.0000   0.1107
 -12.500  -0.2433   0.16003   0.15387  -0.0295  1.0000  0.0954  -1.1208   0.0000   0.0000   0.0000   0.1102
 -12.000  -0.2557   0.15725   0.15114  -0.0308  1.0000  0.0970  -1.2213   0.0000   0.0000   0.0000   0.1121
 -11.500  -0.2409   0.15042   0.14439  -0.0291  1.0000  0.0991  -1.1687   0.0000   0.0000   0.0000   0.1116
 -11.000  -0.2358   0.14557   0.13961  -0.0280  1.0000  0.1032  -1.1595   0.0000   0.0000   0.0000   0.1140
 -10.500  -0.2477   0.14165   0.13578  -0.0286  1.0000  0.1072  -1.2444   0.0000   0.0000   0.0000   0.1189
 -10.000  -0.2432   0.13565   0.12988  -0.0271  1.0000  0.1095  -1.2437   0.0000   0.0000   0.0000   0.1232
  -9.500  -0.2422   0.13082   0.12514  -0.0255  1.0000  0.1162  -1.2640   0.0000   0.0000   0.0000   0.1302
  -9.000  -0.2692   0.12689   0.12133  -0.0261  1.0000  0.1186  -1.4281   0.0000   0.0000   0.0000   0.1405
  -8.500  -0.2665   0.12177   0.11633  -0.0235  1.0000  0.1291  -1.4401   0.0000   0.0000   0.0000   0.1502
  -8.000  -0.2577   0.11746   0.11209  -0.0196  1.0000  0.1486  -1.3897   0.0000   0.0000   0.0000   0.1628
  -7.500  -0.2638   0.11332   0.10807  -0.0170  1.0000  0.1583  -1.4012   0.0000   0.0000   0.0000   0.1757
  -7.000  -0.3039   0.11078   0.10569  -0.0158  1.0000  0.1621  -1.5284   0.0000   0.0000   0.0000   0.1898
  -6.500  -0.2880   0.10543   0.10043  -0.0117  1.0000  0.1685  -1.4396   0.0000   0.0000   0.0000   0.2016
  -5.000  -0.3616   0.08121   0.07589  -0.0316  0.9882  0.1163  -2.0641   0.0000   0.0000   0.0000   0.1547
  -4.500  -0.2976   0.06717   0.06158  -0.0549  0.9724  0.1136  -2.1078   0.0000   0.0000   0.0000   0.0564
  -4.000  -0.1802   0.04428   0.03723  -0.0946  0.9635  0.1145  -2.2423   0.0000   0.0000   0.0000  -0.2905
  -3.500  -0.0787   0.03745   0.02929  -0.1089  0.9523  0.1256  -2.0288   0.0000   0.0000   0.0000  -1.1654
  -3.000   0.0049   0.03534   0.02674  -0.1155  0.9358  0.1454  -1.8513   0.0000   0.0000   0.0000  24.3098
  -2.500   0.0950   0.03376   0.02470  -0.1224  0.9207  0.1733  -1.6503   0.0000   0.0000   0.0000   1.5576
  -2.000   0.1722   0.03262   0.02351  -0.1262  0.9014  0.1981  -1.4497   0.0000   0.0000   0.0000   0.9908
  -1.500   0.2513   0.03141   0.02213  -0.1300  0.8815  0.2266  -1.2784   0.0000   0.0000   0.0000   0.7706
  -1.000   0.3294   0.03022   0.02097  -0.1330  0.8608  0.2578  -1.1008   0.0000   0.0000   0.0000   0.6550
  -0.500   0.4075   0.02898   0.01976  -0.1357  0.8398  0.2951  -0.9241   0.0000   0.0000   0.0000   0.5825
   0.000   0.4856   0.02763   0.01858  -0.1379  0.8186  0.3427  -0.8397   0.0000   0.0000   0.0000   0.5323
   0.500   0.5668   0.02601   0.01714  -0.1400  0.7969  0.4056  -0.9301   0.0000   0.0000   0.0000   0.4945
   1.000   0.6511   0.02424   0.01569  -0.1423  0.7733  0.4988  -1.0289   0.0000   0.0000   0.0000   0.4652
   1.500   0.7286   0.02261   0.01455  -0.1432  0.7441  0.6396  -1.1317   0.0000   0.0000   0.0000   0.4425
   2.000   0.7892   0.02087   0.01326  -0.1403  0.7103  1.0000  -1.2319   0.0000   0.0000   0.0000   0.4231
   2.500   0.8740   0.02069   0.01254  -0.1439  0.6686  1.0000  -1.3553   0.0000   0.0000   0.0000   0.4093
   3.000   0.9434   0.02097   0.01238  -0.1449  0.6234  1.0000  -1.4662   0.0000   0.0000   0.0000   0.3975
   3.500   1.0045   0.02159   0.01258  -0.1445  0.5786  1.0000  -1.5705   0.0000   0.0000   0.0000   0.3871
   4.000   1.0592   0.02245   0.01307  -0.1431  0.5363  1.0000  -1.6692   0.0000   0.0000   0.0000   0.3778
   4.500   1.1124   0.02346   0.01373  -0.1416  0.4978  1.0000  -1.7748   0.0000   0.0000   0.0000   0.3693
   5.000   1.1597   0.02463   0.01465  -0.1393  0.4620  1.0000  -1.8818   0.0000   0.0000   0.0000   0.3614
   5.500   1.2054   0.02588   0.01569  -0.1367  0.4290  1.0000  -1.9884   0.0000   0.0000   0.0000   0.3540
   6.000   1.2507   0.02719   0.01676  -0.1342  0.3993  1.0000  -2.1013   0.0000   0.0000   0.0000   0.3471
   6.500   1.2920   0.02868   0.01815  -0.1311  0.3726  1.0000  -2.2120   0.0000   0.0000   0.0000   0.3406
   7.000   1.3348   0.03026   0.01964  -0.1284  0.3493  1.0000  -2.3315   0.0000   0.0000   0.0000   0.3346
   7.500   1.3775   0.03201   0.02142  -0.1258  0.3289  1.0000  -2.4555   0.0000   0.0000   0.0000   0.3290
   8.000   1.4225   0.03385   0.02316  -0.1237  0.3108  1.0000  -2.5841   0.0000   0.0000   0.0000   0.3238
   8.500   1.4566   0.03589   0.02532  -0.1199  0.2933  1.0000  -2.6954   0.0000   0.0000   0.0000   0.3184
   9.000   1.4931   0.03790   0.02730  -0.1166  0.2776  1.0000  -2.8255   0.0000   0.0000   0.0000   0.3134
   9.500   1.5185   0.04028   0.02988  -0.1118  0.2634  1.0000  -2.9646   0.0000   0.0000   0.0000   0.3081
  10.000   1.5457   0.04289   0.03272  -0.1076  0.2511  1.0000  -3.1078   0.0000   0.0000   0.0000   0.3033
  10.500   1.5671   0.04572   0.03575  -0.1028  0.2399  1.0000  -3.2405   0.0000   0.0000   0.0000   0.2985
  11.000   1.5812   0.04893   0.03919  -0.0975  0.2297  1.0000  -3.3575   0.0000   0.0000   0.0000   0.2937
  11.500   1.5911   0.05259   0.04311  -0.0923  0.2210  1.0000  -3.4639   0.0000   0.0000   0.0000   0.2892
  12.000   1.6031   0.05622   0.04693  -0.0877  0.2125  1.0000  -3.5769   0.0000   0.0000   0.0000   0.2850
  12.500   1.5778   0.06204   0.05322  -0.0813  0.2056  1.0000  -3.5964   0.0000   0.0000   0.0000   0.2809
  13.000   1.5383   0.07009   0.06174  -0.0765  0.2002  1.0000  -3.5704   0.0000   0.0000   0.0000   0.2782
  14.500   1.1052   0.16681   0.15961  -0.1213  0.1762  1.0000  -2.1050   0.0000   0.0000   0.0000   0.3381
  15.000   1.1262   0.17205   0.16491  -0.1224  0.1702  1.0000  -2.1742   0.0000   0.0000   0.0000   0.3360
  15.500   1.1059   0.18645   0.17938  -0.1318  0.1657  1.0000  -2.0109   0.0000   0.0000   0.0000   0.3462
  16.000   1.1192   0.19289   0.18587  -0.1348  0.1576  1.0000  -2.0285   0.0000   0.0000   0.0000   0.3465
  16.500   1.1187   0.20269   0.19573  -0.1411  0.1541  1.0000  -1.9435   0.0000   0.0000   0.0000   0.3515
  17.000   1.1428   0.20814   0.20131  -0.1424  0.1490  1.0000  -2.0473   0.0000   0.0000   0.0000   0.3489
  17.500   1.1362   0.21782   0.21104  -0.1502  0.1438  1.0000  -1.9773   0.0000   0.0000   0.0000   0.3559
  18.000   1.1605   0.22329   0.21658  -0.1517  0.1394  1.0000  -2.1026   0.0000   0.0000   0.0000   0.3532
  19.500   1.1689   0.25336   0.24688  -0.1736  0.1679  1.0000  -1.9079   0.0000   0.0000   0.0000   0.3689


