xflr5 v6.61

 Calculated polar for: E63_15_00

 1 1 Reynolds number fixed          Mach number fixed         

 xtrf =   1.000 (top)        1.000 (bottom)
 Mach =   0.200     Re =     0.050 e 6     Ncrit =   9.000

  alpha     CL        CD       CDp       Cm    Top Xtr Bot Xtr   Cpmin    Chinge    XCp    
 ------- -------- --------- --------- -------- ------- ------- -------- --------- ---------
 -20.000  -0.4785   0.24620   0.23709  -0.0101  1.0000  0.0980  -1.3438   0.0000   0.0000   0.0000   0.1939
 -19.500  -0.4592   0.23925   0.23017  -0.0114  1.0000  0.1008  -1.3071   0.0000   0.0000   0.0000   0.1902
 -19.000  -0.4440   0.23422   0.22519  -0.0136  1.0000  0.1044  -1.3026   0.0000   0.0000   0.0000   0.1850
 -18.500  -0.4352   0.23160   0.22263  -0.0167  1.0000  0.1073  -1.3427   0.0000   0.0000   0.0000   0.1780
 -18.000  -0.4183   0.22463   0.21570  -0.0182  1.0000  0.1092  -1.3252   0.0000   0.0000   0.0000   0.1730
 -17.500  -0.4005   0.21846   0.20959  -0.0192  1.0000  0.1131  -1.2928   0.0000   0.0000   0.0000   0.1685
 -17.000  -0.3896   0.21438   0.20557  -0.0214  1.0000  0.1175  -1.3076   0.0000   0.0000   0.0000   0.1622
 -16.500  -0.3796   0.20960   0.20089  -0.0234  1.0000  0.1195  -1.3255   0.0000   0.0000   0.0000   0.1560
 -16.000  -0.3603   0.20272   0.19406  -0.0238  1.0000  0.1242  -1.2814   0.0000   0.0000   0.0000   0.1515
 -15.500  -0.3556   0.19971   0.19114  -0.0260  1.0000  0.1291  -1.3205   0.0000   0.0000   0.0000   0.1454
 -15.000  -0.3372   0.19221   0.18372  -0.0262  1.0000  0.1328  -1.2860   0.0000   0.0000   0.0000   0.1406
 -14.500  -0.3307   0.18822   0.17982  -0.0276  1.0000  0.1395  -1.3079   0.0000   0.0000   0.0000   0.1357
 -14.000  -0.3147   0.18142   0.17307  -0.0276  1.0000  0.1458  -1.2956   0.0000   0.0000   0.0000   0.1314
 -13.500  -0.3057   0.17619   0.16795  -0.0280  1.0000  0.1553  -1.3299   0.0000   0.0000   0.0000   0.1279
 -13.000  -0.2986   0.17112   0.16297  -0.0284  1.0000  0.1649  -1.3709   0.0000   0.0000   0.0000   0.1252
 -12.500  -0.2899   0.16590   0.15784  -0.0282  1.0000  0.1763  -1.3906   0.0000   0.0000   0.0000   0.1234
 -12.000  -0.2954   0.16335   0.15540  -0.0289  1.0000  0.1844  -1.4488   0.0000   0.0000   0.0000   0.1251
 -11.500  -0.2747   0.15588   0.14798  -0.0275  1.0000  0.1922  -1.3983   0.0000   0.0000   0.0000   0.1219
 -11.000  -0.2706   0.15107   0.14327  -0.0271  1.0000  0.1978  -1.3974   0.0000   0.0000   0.0000   0.1231
 -10.500  -0.2737   0.14782   0.14013  -0.0266  1.0000  0.2056  -1.4072   0.0000   0.0000   0.0000   0.1280
 -10.000  -0.2587   0.14157   0.13396  -0.0249  1.0000  0.2119  -1.3498   0.0000   0.0000   0.0000   0.1290
  -9.750  -0.2658   0.14055   0.13303  -0.0246  1.0000  0.2162  -1.3663   0.0000   0.0000   0.0000   0.1342
  -9.500  -0.2643   0.13797   0.13051  -0.0238  1.0000  0.2184  -1.3546   0.0000   0.0000   0.0000   0.1370
  -9.250  -0.2555   0.13507   0.12766  -0.0226  1.0000  0.2232  -1.3142   0.0000   0.0000   0.0000   0.1387
  -9.000  -0.2705   0.13491   0.12759  -0.0221  1.0000  0.2277  -1.3486   0.0000   0.0000   0.0000   0.1475
  -8.750  -0.2559   0.13102   0.12371  -0.0206  1.0000  0.2322  -1.2892   0.0000   0.0000   0.0000   0.1481
  -8.500  -0.2639   0.13004   0.12281  -0.0196  1.0000  0.2379  -1.2971   0.0000   0.0000   0.0000   0.1558
  -8.250  -0.2617   0.12747   0.12032  -0.0184  1.0000  0.2411  -1.2748   0.0000   0.0000   0.0000   0.1603
  -8.000  -0.2591   0.12536   0.11827  -0.0170  1.0000  0.2464  -1.2480   0.0000   0.0000   0.0000   0.1657
  -7.750  -0.2828   0.12570   0.11875  -0.0159  1.0000  0.2500  -1.2966   0.0000   0.0000   0.0000   0.1774
  -7.500  -0.2645   0.12163   0.11471  -0.0142  1.0000  0.2537  -1.2258   0.0000   0.0000   0.0000   0.1792
  -7.250  -0.2721   0.12043   0.11360  -0.0127  1.0000  0.2591  -1.2246   0.0000   0.0000   0.0000   0.1875
  -7.000  -0.2821   0.11902   0.11229  -0.0112  1.0000  0.2620  -1.2308   0.0000   0.0000   0.0000   0.1957
  -6.750  -0.2755   0.11654   0.10987  -0.0094  1.0000  0.2669  -1.1889   0.0000   0.0000   0.0000   0.2016
  -6.500  -0.3010   0.11671   0.11017  -0.0074  1.0000  0.2716  -1.2308   0.0000   0.0000   0.0000   0.2127
  -6.250  -0.2896   0.11353   0.10704  -0.0058  1.0000  0.2753  -1.1774   0.0000   0.0000   0.0000   0.2176
  -6.000  -0.3015   0.11259   0.10620  -0.0036  1.0000  0.2811  -1.1805   0.0000   0.0000   0.0000   0.2263
  -5.750  -0.3126   0.11116   0.10488  -0.0016  1.0000  0.2844  -1.1860   0.0000   0.0000   0.0000   0.2342
  -5.500  -0.3125   0.10932   0.10311   0.0005  1.0000  0.2901  -1.1812   0.0000   0.0000   0.0000   0.2413
  -5.250  -0.3535   0.11016   0.10411   0.0038  1.0000  0.2938  -1.2424   0.0000   0.0000   0.0000   0.2523
  -5.000  -0.3328   0.10664   0.10063   0.0051  1.0000  0.2993  -1.2055   0.0000   0.0000   0.0000   0.2567
  -4.750  -0.3680   0.10692   0.10104   0.0082  1.0000  0.3044  -1.2558   0.0000   0.0000   0.0000   0.2646
  -4.500  -0.3598   0.10425   0.09844   0.0102  1.0000  0.3090  -1.2368   0.0000   0.0000   0.0000   0.2710
  -4.250  -0.3885   0.10388   0.09817   0.0108  1.0000  0.3157  -1.2865   0.0000   0.0000   0.0000   0.2712
  -4.000  -0.3775   0.10120   0.09556   0.0136  1.0000  0.3209  -1.2584   0.0000   0.0000   0.0000   0.2796
  -3.750  -0.3929   0.09978   0.09423   0.0138  1.0000  0.3278  -1.2867   0.0000   0.0000   0.0000   0.2793
  -3.500  -0.3978   0.09814   0.09265   0.0147  1.0000  0.3367  -1.2926   0.0000   0.0000   0.0000   0.2815
  -3.250  -0.3961   0.09612   0.09071   0.0169  1.0000  0.3447  -1.2820   0.0000   0.0000   0.0000   0.2873
  -3.000  -0.3992   0.09434   0.08899   0.0179  1.0000  0.3551  -1.2841   0.0000   0.0000   0.0000   0.2898
  -2.750  -0.4021   0.09260   0.08732   0.0185  1.0000  0.3677  -1.2873   0.0000   0.0000   0.0000   0.2912
  -2.500  -0.3545   0.08962   0.08427   0.0104  0.9822  0.3950  -1.2495   0.0000   0.0000   0.0000   0.2741
  -2.250  -0.2319   0.06691   0.06044  -0.0515  0.9702  0.2492  -1.5520   0.0000   0.0000   0.0000   0.0194
  -2.000  -0.1794   0.06328   0.05662  -0.0603  0.9545  0.2544  -1.5145   0.0000   0.0000   0.0000  -0.0964
  -1.750  -0.1015   0.05780   0.05057  -0.0767  0.9407  0.2623  -1.5138   0.0000   0.0000   0.0000  -0.5221
  -1.500  -0.0411   0.05453   0.04682  -0.0867  0.9253  0.2720  -1.4789   0.0000   0.0000   0.0000  -1.8962
  -1.250   0.0119   0.05315   0.04526  -0.0926  0.9108  0.2844  -1.4040   0.0000   0.0000   0.0000   8.1580
  -1.000   0.0553   0.05207   0.04400  -0.0967  0.8948  0.2968  -1.3347   0.0000   0.0000   0.0000   2.0175
  -0.750   0.1078   0.05084   0.04254  -0.1021  0.8802  0.3094  -1.2562   0.0000   0.0000   0.0000   1.2050
  -0.500   0.1549   0.04996   0.04143  -0.1064  0.8647  0.3253  -1.1785   0.0000   0.0000   0.0000   0.9411
  -0.250   0.2017   0.04911   0.04041  -0.1103  0.8492  0.3390  -1.0982   0.0000   0.0000   0.0000   0.7982
   0.000   0.2499   0.04847   0.03967  -0.1136  0.8347  0.3581  -1.0084   0.0000   0.0000   0.0000   0.7046
   0.250   0.2844   0.04813   0.03934  -0.1147  0.8178  0.3752  -0.9345   0.0000   0.0000   0.0000   0.6527
   0.500   0.3341   0.04736   0.03852  -0.1177  0.8037  0.3988  -0.8419   0.0000   0.0000   0.0000   0.6005
   0.750   0.3672   0.04707   0.03818  -0.1185  0.7863  0.4178  -0.8408   0.0000   0.0000   0.0000   0.5705
   1.000   0.4149   0.04626   0.03735  -0.1207  0.7720  0.4449  -0.8892   0.0000   0.0000   0.0000   0.5380
   1.250   0.4472   0.04606   0.03722  -0.1208  0.7554  0.4735  -0.9249   0.0000   0.0000   0.0000   0.5167
   1.500   0.4894   0.04538   0.03659  -0.1217  0.7407  0.5111  -0.9723   0.0000   0.0000   0.0000   0.4947
   1.750   0.5374   0.04422   0.03553  -0.1228  0.7278  0.5578  -1.0293   0.0000   0.0000   0.0000   0.4740
   2.000   0.5626   0.04416   0.03559  -0.1215  0.7109  0.5983  -1.0639   0.0000   0.0000   0.0000   0.4611
   2.250   0.6015   0.04299   0.03463  -0.1208  0.6978  0.6606  -1.1143   0.0000   0.0000   0.0000   0.4456
   2.500   0.6355   0.04146   0.03343  -0.1187  0.6858  0.7474  -1.1618   0.0000   0.0000   0.0000   0.4312
   2.750   0.6821   0.03909   0.03130  -0.1193  0.6735  1.0000  -1.2198   0.0000   0.0000   0.0000   0.4189
   3.000   0.7279   0.03920   0.03098  -0.1223  0.6560  1.0000  -1.2795   0.0000   0.0000   0.0000   0.4117
   3.250   0.7933   0.03779   0.02923  -0.1258  0.6423  1.0000  -1.3666   0.0000   0.0000   0.0000   0.4019
   3.500   0.8511   0.03686   0.02805  -0.1285  0.6271  1.0000  -1.4460   0.0000   0.0000   0.0000   0.3940
   3.750   0.8931   0.03675   0.02775  -0.1295  0.6103  1.0000  -1.5081   0.0000   0.0000   0.0000   0.3876
   4.000   0.9434   0.03633   0.02712  -0.1314  0.5941  1.0000  -1.5804   0.0000   0.0000   0.0000   0.3815
   4.250   0.9764   0.03668   0.02733  -0.1313  0.5774  1.0000  -1.6329   0.0000   0.0000   0.0000   0.3764
   4.500   1.0157   0.03685   0.02732  -0.1319  0.5614  1.0000  -1.6931   0.0000   0.0000   0.0000   0.3715
   4.750   1.0380   0.03774   0.02815  -0.1306  0.5456  1.0000  -1.7327   0.0000   0.0000   0.0000   0.3670
   5.000   1.0876   0.03760   0.02777  -0.1326  0.5305  1.0000  -1.8089   0.0000   0.0000   0.0000   0.3627
   5.250   1.0932   0.03924   0.02943  -0.1292  0.5162  1.0000  -1.8337   0.0000   0.0000   0.0000   0.3587
   5.500   1.1129   0.04035   0.03048  -0.1276  0.5023  1.0000  -1.8775   0.0000   0.0000   0.0000   0.3549
   5.750   1.1410   0.04118   0.03121  -0.1271  0.4891  1.0000  -1.9327   0.0000   0.0000   0.0000   0.3512
   6.000   1.1729   0.04188   0.03183  -0.1270  0.4764  1.0000  -1.9936   0.0000   0.0000   0.0000   0.3477
   6.250   1.1934   0.04307   0.03295  -0.1255  0.4643  1.0000  -2.0387   0.0000   0.0000   0.0000   0.3443
   6.500   1.2068   0.04460   0.03448  -0.1234  0.4532  1.0000  -2.0732   0.0000   0.0000   0.0000   0.3409
   6.750   1.2233   0.04605   0.03591  -0.1216  0.4425  1.0000  -2.1118   0.0000   0.0000   0.0000   0.3378
   7.000   1.2245   0.04819   0.03812  -0.1182  0.4328  1.0000  -2.1279   0.0000   0.0000   0.0000   0.3345
   7.250   1.1773   0.05270   0.04287  -0.1102  0.4256  1.0000  -2.0717   0.0000   0.0000   0.0000   0.3313
   7.500   1.1607   0.05624   0.04649  -0.1060  0.4179  1.0000  -2.0598   0.0000   0.0000   0.0000   0.3287
   7.750   1.1850   0.05743   0.04763  -0.1052  0.4089  1.0000  -2.1132   0.0000   0.0000   0.0000   0.3258
   9.000   0.8459   0.11476   0.10563  -0.1079  0.3861  1.0000  -1.4443   0.0000   0.0000   0.0000   0.3643
   9.250   0.8416   0.12037   0.11127  -0.1095  0.3872  1.0000  -1.4184   0.0000   0.0000   0.0000   0.3667
  11.250   0.8085   0.16222   0.15339  -0.1262  0.4428  1.0000  -1.1995   0.0000   0.0000   0.0000   0.3911
  11.500   0.8071   0.16414   0.15534  -0.1267  0.4339  1.0000  -1.1875   0.0000   0.0000   0.0000   0.3917
  11.750   0.8113   0.16696   0.15815  -0.1276  0.4278  1.0000  -1.1826   0.0000   0.0000   0.0000   0.3915
  12.000   0.8328   0.17095   0.16214  -0.1281  0.4214  1.0000  -1.2164   0.0000   0.0000   0.0000   0.3877
  12.500   0.8405   0.17591   0.16709  -0.1298  0.4070  1.0000  -1.2165   0.0000   0.0000   0.0000   0.3875
  12.750   0.6637   0.17058   0.16303  -0.1098  0.3813  1.0000  -0.8791   0.0000   0.0000   0.0000   0.4012
  13.000   0.6772   0.17406   0.16650  -0.1103  0.3763  1.0000  -0.8943   0.0000   0.0000   0.0000   0.3983
  13.250   0.6779   0.17547   0.16794  -0.1108  0.3686  1.0000  -0.8874   0.0000   0.0000   0.0000   0.3986
  13.500   0.6819   0.17785   0.17035  -0.1114  0.3637  1.0000  -0.8891   0.0000   0.0000   0.0000   0.3983
  13.750   0.6934   0.18070   0.17321  -0.1118  0.3564  1.0000  -0.9076   0.0000   0.0000   0.0000   0.3958
  14.000   0.9075   0.19450   0.18570  -0.1344  0.3666  1.0000  -1.3108   0.0000   0.0000   0.0000   0.3788
  14.250   0.7055   0.18568   0.17823  -0.1130  0.3436  1.0000  -0.9240   0.0000   0.0000   0.0000   0.3940
  14.500   0.9164   0.19898   0.19025  -0.1369  0.3530  1.0000  -1.3266   0.0000   0.0000   0.0000   0.3791
  14.750   0.7124   0.18994   0.18256  -0.1144  0.3318  1.0000  -0.9311   0.0000   0.0000   0.0000   0.3939
  15.000   0.9332   0.20454   0.19583  -0.1392  0.3416  1.0000  -1.3566   0.0000   0.0000   0.0000   0.3780
  15.500   0.9510   0.21026   0.20156  -0.1415  0.3307  1.0000  -1.3854   0.0000   0.0000   0.0000   0.3768
  16.000   0.9677   0.21547   0.20679  -0.1440  0.3173  1.0000  -1.4097   0.0000   0.0000   0.0000   0.3757
  16.500   0.9856   0.22101   0.21237  -0.1465  0.3057  1.0000  -1.4325   0.0000   0.0000   0.0000   0.3746
  17.000   1.0027   0.22672   0.21811  -0.1492  0.2963  1.0000  -1.4478   0.0000   0.0000   0.0000   0.3738
  17.500   1.0205   0.23239   0.22381  -0.1520  0.2864  1.0000  -1.4614   0.0000   0.0000   0.0000   0.3729
  18.000   1.0375   0.23765   0.22910  -0.1548  0.2744  1.0000  -1.4703   0.0000   0.0000   0.0000   0.3721
  18.500   1.0564   0.24371   0.23521  -0.1576  0.2659  1.0000  -1.4793   0.0000   0.0000   0.0000   0.3710
  19.500   0.8093   0.24077   0.23414  -0.1308  0.2350  1.0000  -0.9581   0.0000   0.0000   0.0000   0.3877
  20.000   0.8185   0.24619   0.23966  -0.1328  0.2252  1.0000  -0.9965   0.0000   0.0000   0.0000   0.3873


