xflr5 v6.61

 Calculated polar for: E63_7_00

 1 1 Reynolds number fixed          Mach number fixed         

 xtrf =   1.000 (top)        1.000 (bottom)
 Mach =   0.200     Re =     0.060 e 6     Ncrit =   9.000

  alpha     CL        CD       CDp       Cm    Top Xtr Bot Xtr   Cpmin    Chinge    XCp    
 ------- -------- --------- --------- -------- ------- ------- -------- --------- ---------
 -15.000  -0.4561   0.19315   0.18572  -0.0149  1.0000  0.0580  -1.2787   0.0000   0.0000   0.0000   0.2092
 -14.500  -0.4423   0.18722   0.17983  -0.0162  1.0000  0.0608  -1.2641   0.0000   0.0000   0.0000   0.2055
 -14.000  -0.4305   0.18206   0.17472  -0.0179  1.0000  0.0637  -1.2756   0.0000   0.0000   0.0000   0.2008
 -13.500  -0.4239   0.17906   0.17175  -0.0205  1.0000  0.0655  -1.3339   0.0000   0.0000   0.0000   0.1945
 -13.000  -0.4106   0.17186   0.16462  -0.0213  1.0000  0.0668  -1.3181   0.0000   0.0000   0.0000   0.1911
 -12.500  -0.3959   0.16497   0.15777  -0.0214  1.0000  0.0701  -1.2690   0.0000   0.0000   0.0000   0.1888
 -12.000  -0.3864   0.15995   0.15282  -0.0226  1.0000  0.0737  -1.2718   0.0000   0.0000   0.0000   0.1847
 -11.500  -0.3870   0.15811   0.15110  -0.0250  1.0000  0.0756  -1.3445   0.0000   0.0000   0.0000   0.1791
 -11.000  -0.3675   0.14868   0.14171  -0.0239  1.0000  0.0790  -1.2537   0.0000   0.0000   0.0000   0.1785
 -10.500  -0.3596   0.14372   0.13684  -0.0244  1.0000  0.0843  -1.2420   0.0000   0.0000   0.0000   0.1760
 -10.000  -0.3673   0.14276   0.13604  -0.0266  1.0000  0.0864  -1.3289   0.0000   0.0000   0.0000   0.1722
  -9.750  -0.3492   0.13565   0.12894  -0.0248  1.0000  0.0891  -1.2287   0.0000   0.0000   0.0000   0.1733
  -9.500  -0.3442   0.13283   0.12616  -0.0245  1.0000  0.0920  -1.2058   0.0000   0.0000   0.0000   0.1733
  -9.250  -0.3427   0.13073   0.12411  -0.0246  1.0000  0.0947  -1.2080   0.0000   0.0000   0.0000   0.1728
  -9.000  -0.3468   0.12991   0.12331  -0.0252  1.0000  0.0965  -1.2438   0.0000   0.0000   0.0000   0.1720
  -8.500  -0.3364   0.12315   0.11667  -0.0240  1.0000  0.0999  -1.2310   0.0000   0.0000   0.0000   0.1735
  -8.250  -0.3328   0.12055   0.11412  -0.0234  1.0000  0.1030  -1.2277   0.0000   0.0000   0.0000   0.1748
  -8.000  -0.3349   0.11894   0.11259  -0.0232  1.0000  0.1059  -1.2522   0.0000   0.0000   0.0000   0.1760
  -7.750  -0.3450   0.11876   0.11252  -0.0233  1.0000  0.1074  -1.3071   0.0000   0.0000   0.0000   0.1783
  -7.500  -0.3405   0.11517   0.10900  -0.0223  1.0000  0.1089  -1.3024   0.0000   0.0000   0.0000   0.1803
  -7.250  -0.3322   0.11157   0.10543  -0.0208  1.0000  0.1124  -1.2727   0.0000   0.0000   0.0000   0.1831
  -7.000  -0.3351   0.10982   0.10376  -0.0198  1.0000  0.1157  -1.2878   0.0000   0.0000   0.0000   0.1869
  -6.750  -0.3474   0.10942   0.10349  -0.0187  1.0000  0.1178  -1.3322   0.0000   0.0000   0.0000   0.1927
  -6.500  -0.3634   0.10957   0.10377  -0.0183  1.0000  0.1186  -1.3931   0.0000   0.0000   0.0000   0.1966
  -6.250  -0.3473   0.10409   0.09832  -0.0156  1.0000  0.1221  -1.3317   0.0000   0.0000   0.0000   0.2020
  -6.000  -0.3496   0.10213   0.09643  -0.0143  1.0000  0.1258  -1.3382   0.0000   0.0000   0.0000   0.2061
  -5.750  -0.3573   0.10128   0.09569  -0.0159  1.0000  0.1289  -1.3903   0.0000   0.0000   0.0000   0.2028
  -5.500  -0.3545   0.09807   0.09256  -0.0148  1.0000  0.1311  -1.3876   0.0000   0.0000   0.0000   0.2055
  -5.250  -0.3502   0.09526   0.08980  -0.0132  1.0000  0.1356  -1.3696   0.0000   0.0000   0.0000   0.2096
  -5.000  -0.3495   0.09406   0.08869  -0.0199  1.0000  0.1403  -1.4432   0.0000   0.0000   0.0000   0.1905
  -4.750  -0.3449   0.09022   0.08490  -0.0149  1.0000  0.1434  -1.3953   0.0000   0.0000   0.0000   0.2043
  -4.500  -0.3374   0.08796   0.08270  -0.0189  1.0000  0.1504  -1.4204   0.0000   0.0000   0.0000   0.1916
  -4.250  -0.3315   0.08471   0.07951  -0.0178  1.0000  0.1540  -1.4058   0.0000   0.0000   0.0000   0.1940
  -4.000  -0.3150   0.08192   0.07673  -0.0249  1.0000  0.1627  -1.4362   0.0000   0.0000   0.0000   0.1686
  -3.750  -0.3109   0.07891   0.07378  -0.0208  1.0000  0.1676  -1.3951   0.0000   0.0000   0.0000   0.1807
  -3.500  -0.2956   0.07578   0.07062  -0.0242  1.0000  0.1766  -1.3924   0.0000   0.0000   0.0000   0.1658
  -3.250  -0.2801   0.07280   0.06766  -0.0264  1.0000  0.1886  -1.3748   0.0000   0.0000   0.0000   0.1534
  -1.500   0.1053   0.02680   0.01943  -0.1014  1.0000  0.1074  -1.5264   0.0000   0.0000   0.0000   1.2159
  -1.250   0.2044   0.03099   0.02189  -0.1178  1.0000  0.1084  -1.6318   0.0000   0.0000   0.0000   0.8282
  -1.000   0.2414   0.02964   0.02034  -0.1198  1.0000  0.1238  -1.5815   0.0000   0.0000   0.0000   0.7476
  -0.750   0.2721   0.02928   0.01997  -0.1211  1.0000  0.1667  -1.4835   0.0000   0.0000   0.0000   0.6958
  -0.500   0.3069   0.02857   0.01912  -0.1226  1.0000  0.2075  -1.3897   0.0000   0.0000   0.0000   0.6499
  -0.250   0.3403   0.02805   0.01862  -0.1239  1.0000  0.2611  -1.2630   0.0000   0.0000   0.0000   0.6140
   0.000   0.3706   0.02775   0.01853  -0.1246  1.0000  0.3495  -1.1144   0.0000   0.0000   0.0000   0.5858
   0.250   0.4031   0.02728   0.01866  -0.1255  1.0000  0.5028  -0.9488   0.0000   0.0000   0.0000   0.5606
   0.500   0.4084   0.02611   0.01869  -0.1208  1.0000  1.0000  -0.8840   0.0000   0.0000   0.0000   0.5448
   0.750   0.4342   0.02703   0.01903  -0.1217  1.0000  1.0000  -0.7630   0.0000   0.0000   0.0000   0.5290
   1.000   0.4554   0.02801   0.01974  -0.1218  1.0000  1.0000  -0.6456   0.0000   0.0000   0.0000   0.5159
   1.250   0.4753   0.02909   0.02062  -0.1219  1.0000  1.0000  -0.5951   0.0000   0.0000   0.0000   0.5046
   1.500   0.5108   0.03040   0.02173  -0.1249  0.9914  1.0000  -0.6279   0.0000   0.0000   0.0000   0.4924
   1.750   0.5644   0.03154   0.02268  -0.1307  0.9732  1.0000  -0.6764   0.0000   0.0000   0.0000   0.4792
   2.000   0.6144   0.03230   0.02331  -0.1355  0.9547  1.0000  -0.7254   0.0000   0.0000   0.0000   0.4680
   2.250   0.6632   0.03281   0.02374  -0.1398  0.9360  1.0000  -0.7799   0.0000   0.0000   0.0000   0.4579
   2.500   0.7131   0.03310   0.02397  -0.1439  0.9175  1.0000  -0.8408   0.0000   0.0000   0.0000   0.4486
   2.750   0.7669   0.03306   0.02393  -0.1481  0.8996  1.0000  -0.9109   0.0000   0.0000   0.0000   0.4398
   3.000   0.8138   0.03286   0.02378  -0.1509  0.8794  1.0000  -0.9756   0.0000   0.0000   0.0000   0.4318
   3.250   0.8607   0.03244   0.02343  -0.1533  0.8590  1.0000  -1.0473   0.0000   0.0000   0.0000   0.4243
   3.500   0.9085   0.03176   0.02284  -0.1554  0.8386  1.0000  -1.1264   0.0000   0.0000   0.0000   0.4169
   3.750   0.9585   0.03069   0.02193  -0.1573  0.8182  1.0000  -1.2142   0.0000   0.0000   0.0000   0.4097
   4.000   1.0120   0.02911   0.02050  -0.1591  0.7980  1.0000  -1.3127   0.0000   0.0000   0.0000   0.4025
   4.250   1.0701   0.02723   0.01879  -0.1612  0.7755  1.0000  -1.4426   0.0000   0.0000   0.0000   0.3957
   4.500   1.1350   0.02517   0.01694  -0.1642  0.7480  1.0000  -1.6047   0.0000   0.0000   0.0000   0.3895
   4.750   1.1848   0.02399   0.01583  -0.1652  0.7089  1.0000  -1.7420   0.0000   0.0000   0.0000   0.3839
   5.000   1.2312   0.02334   0.01510  -0.1658  0.6618  1.0000  -1.8754   0.0000   0.0000   0.0000   0.3788
   5.250   1.2629   0.02356   0.01525  -0.1646  0.6112  1.0000  -2.0523   0.0000   0.0000   0.0000   0.3741
   5.500   1.2918   0.02413   0.01558  -0.1632  0.5617  1.0000  -2.2245   0.0000   0.0000   0.0000   0.3697
   5.750   1.3156   0.02501   0.01624  -0.1612  0.5149  1.0000  -2.3824   0.0000   0.0000   0.0000   0.3656
   6.000   1.3383   0.02605   0.01707  -0.1592  0.4716  1.0000  -2.5385   0.0000   0.0000   0.0000   0.3618
   6.250   1.3608   0.02719   0.01798  -0.1574  0.4320  1.0000  -2.7141   0.0000   0.0000   0.0000   0.3581
   6.500   1.3810   0.02847   0.01914  -0.1553  0.3956  1.0000  -2.8889   0.0000   0.0000   0.0000   0.3545
   6.750   1.4018   0.02983   0.02039  -0.1534  0.3626  1.0000  -3.0682   0.0000   0.0000   0.0000   0.3512
   7.000   1.4239   0.03129   0.02184  -0.1518  0.3328  1.0000  -3.2536   0.0000   0.0000   0.0000   0.3480
   7.250   1.4429   0.03281   0.02341  -0.1497  0.3051  1.0000  -3.4242   0.0000   0.0000   0.0000   0.3448
   7.500   1.4599   0.03413   0.02462  -0.1474  0.2776  1.0000  -3.5986   0.0000   0.0000   0.0000   0.3416
   7.750   1.4715   0.03536   0.02589  -0.1443  0.2511  1.0000  -3.7528   0.0000   0.0000   0.0000   0.3383
   8.000   1.4833   0.03657   0.02702  -0.1413  0.2262  1.0000  -3.9125   0.0000   0.0000   0.0000   0.3352
   8.250   1.4954   0.03798   0.02839  -0.1385  0.2033  1.0000  -4.0669   0.0000   0.0000   0.0000   0.3322
   8.500   1.5079   0.03971   0.03018  -0.1357  0.1820  1.0000  -4.2067   0.0000   0.0000   0.0000   0.3292
   8.750   1.5168   0.04151   0.03208  -0.1325  0.1615  1.0000  -4.3252   0.0000   0.0000   0.0000   0.3262
   9.000   1.5280   0.04396   0.03471  -0.1296  0.1429  1.0000  -4.4200   0.0000   0.0000   0.0000   0.3232
   9.250   1.5380   0.04642   0.03720  -0.1267  0.1261  1.0000  -4.5075   0.0000   0.0000   0.0000   0.3204
   9.500   1.5471   0.04945   0.04048  -0.1237  0.1125  1.0000  -4.5573   0.0000   0.0000   0.0000   0.3176
   9.750   1.5578   0.05305   0.04444  -0.1211  0.1028  1.0000  -4.5929   0.0000   0.0000   0.0000   0.3151
  10.000   1.5707   0.05686   0.04841  -0.1190  0.0959  1.0000  -4.6439   0.0000   0.0000   0.0000   0.3127
  10.250   1.5656   0.06103   0.05319  -0.1148  0.0928  1.0000  -4.6324   0.0000   0.0000   0.0000   0.3100
  10.500   1.5619   0.06499   0.05754  -0.1112  0.0902  1.0000  -4.6547   0.0000   0.0000   0.0000   0.3075
  10.750   1.5667   0.06899   0.06170  -0.1088  0.0876  1.0000  -4.7282   0.0000   0.0000   0.0000   0.3054
  11.000   1.5577   0.07341   0.06640  -0.1053  0.0866  1.0000  -4.7336   0.0000   0.0000   0.0000   0.3033
  11.250   1.5361   0.07766   0.07103  -0.1011  0.0865  1.0000  -4.6866   0.0000   0.0000   0.0000   0.3012
  11.500   1.5132   0.08229   0.07600  -0.0978  0.0864  1.0000  -4.6330   0.0000   0.0000   0.0000   0.2996
  11.750   1.4892   0.08734   0.08135  -0.0955  0.0865  1.0000  -4.5724   0.0000   0.0000   0.0000   0.2988
  12.000   1.4649   0.09289   0.08715  -0.0945  0.0867  1.0000  -4.5051   0.0000   0.0000   0.0000   0.2988
  12.250   1.3801   0.10420   0.09907  -0.0993  0.0913  1.0000  -4.1027   0.0000   0.0000   0.0000   0.3060
  12.500   1.3398   0.11483   0.10978  -0.1056  0.0936  1.0000  -3.8923   0.0000   0.0000   0.0000   0.3126
  12.750   1.3089   0.12591   0.12094  -0.1129  0.0954  1.0000  -3.6962   0.0000   0.0000   0.0000   0.3198
  13.000   1.2876   0.13659   0.13163  -0.1197  0.0966  1.0000  -3.5241   0.0000   0.0000   0.0000   0.3264
  13.500   1.2298   0.16792   0.16278  -0.1422  0.1064  1.0000  -2.8539   0.0000   0.0000   0.0000   0.3492
  14.000   1.1957   0.20214   0.19686  -0.1668  0.1917  1.0000  -2.1083   0.0000   0.0000   0.0000   0.3736
  14.500   1.1916   0.21047   0.20515  -0.1742  0.1865  1.0000  -1.9909   0.0000   0.0000   0.0000   0.3795
  15.000   1.2111   0.22047   0.21519  -0.1772  0.1808  1.0000  -1.9922   0.0000   0.0000   0.0000   0.3789
  15.500   1.2233   0.22844   0.22319  -0.1816  0.1718  1.0000  -1.9924   0.0000   0.0000   0.0000   0.3802
  16.000   1.2278   0.23534   0.23007  -0.1881  0.1645  1.0000  -1.9401   0.0000   0.0000   0.0000   0.3842
  16.500   1.2416   0.24311   0.23785  -0.1926  0.1563  1.0000  -1.9397   0.0000   0.0000   0.0000   0.3853
  17.000   1.2562   0.25042   0.24518  -0.1970  0.1458  1.0000  -1.9464   0.0000   0.0000   0.0000   0.3860
  17.500   1.2798   0.26026   0.25508  -0.1991  0.1385  1.0000  -2.0143   0.0000   0.0000   0.0000   0.3838
  18.000   1.2872   0.26521   0.26003  -0.2059  0.1310  1.0000  -1.9959   0.0000   0.0000   0.0000   0.3873
  18.500   1.3024   0.27300   0.26783  -0.2107  0.1264  1.0000  -2.0589   0.0000   0.0000   0.0000   0.3882
  19.000   1.3200   0.28042   0.27538  -0.2147  0.1192  1.0000  -2.1515   0.0000   0.0000   0.0000   0.3880
  19.500   1.3317   0.28683   0.28180  -0.2210  0.1150  1.0000  -2.1604   0.0000   0.0000   0.0000   0.3903
  20.000   1.3516   0.29511   0.29015  -0.2241  0.1084  1.0000  -2.3056   0.0000   0.0000   0.0000   0.3892


