xflr5 v6.61

 Calculated polar for: E63_16_00

 1 1 Reynolds number fixed          Mach number fixed         

 xtrf =   1.000 (top)        1.000 (bottom)
 Mach =   0.200     Re =     0.125 e 6     Ncrit =   7.000

  alpha     CL        CD       CDp       Cm    Top Xtr Bot Xtr   Cpmin    Chinge    XCp    
 ------- -------- --------- --------- -------- ------- ------- -------- --------- ---------
 -30.000  -0.4418   0.28902   0.28420   0.0124  1.0000  0.0334  -0.8001   0.0000   0.0000   0.0000   0.2458
 -29.500  -0.4348   0.28489   0.28004   0.0102  1.0000  0.0345  -0.8067   0.0000   0.0000   0.0000   0.2416
 -29.000  -0.4278   0.28072   0.27586   0.0079  1.0000  0.0356  -0.8164   0.0000   0.0000   0.0000   0.2370
 -28.500  -0.4210   0.27660   0.27171   0.0055  1.0000  0.0365  -0.8326   0.0000   0.0000   0.0000   0.2321
 -28.000  -0.4148   0.27275   0.26783   0.0031  1.0000  0.0369  -0.8546   0.0000   0.0000   0.0000   0.2267
 -27.500  -0.4093   0.26930   0.26436   0.0007  1.0000  0.0371  -0.8799   0.0000   0.0000   0.0000   0.2210
 -27.000  -0.4045   0.26621   0.26125  -0.0018  1.0000  0.0373  -0.9209   0.0000   0.0000   0.0000   0.2151
 -26.500  -0.4001   0.26305   0.25809  -0.0042  1.0000  0.0374  -0.9723   0.0000   0.0000   0.0000   0.2093
 -26.000  -0.3854   0.25560   0.25065  -0.0049  1.0000  0.0381  -0.9031   0.0000   0.0000   0.0000   0.2073
 -25.500  -0.3756   0.25153   0.24656  -0.0065  1.0000  0.0391  -0.8799   0.0000   0.0000   0.0000   0.2033
 -25.000  -0.3668   0.24765   0.24268  -0.0081  1.0000  0.0401  -0.8733   0.0000   0.0000   0.0000   0.1986
 -24.500  -0.3583   0.24378   0.23880  -0.0098  1.0000  0.0414  -0.8728   0.0000   0.0000   0.0000   0.1935
 -24.000  -0.3501   0.23988   0.23490  -0.0115  1.0000  0.0429  -0.8777   0.0000   0.0000   0.0000   0.1880
 -23.500  -0.3426   0.23601   0.23102  -0.0133  1.0000  0.0446  -0.8949   0.0000   0.0000   0.0000   0.1820
 -23.000  -0.3375   0.23272   0.22773  -0.0155  1.0000  0.0456  -0.9405   0.0000   0.0000   0.0000   0.1748
 -22.500  -0.3350   0.23040   0.22540  -0.0178  1.0000  0.0459  -0.9973   0.0000   0.0000   0.0000   0.1675
 -22.000  -0.3339   0.22847   0.22345  -0.0200  1.0000  0.0461  -1.0538   0.0000   0.0000   0.0000   0.1607
 -21.500  -0.3154   0.22030   0.21532  -0.0199  1.0000  0.0468  -0.9640   0.0000   0.0000   0.0000   0.1574
 -21.000  -0.3040   0.21628   0.21132  -0.0205  1.0000  0.0481  -0.9302   0.0000   0.0000   0.0000   0.1530
 -20.500  -0.2943   0.21283   0.20789  -0.0214  1.0000  0.0504  -0.9154   0.0000   0.0000   0.0000   0.1478
 -20.000  -0.2868   0.20935   0.20441  -0.0226  1.0000  0.0535  -0.9300   0.0000   0.0000   0.0000   0.1416
 -19.500  -0.2835   0.20633   0.20140  -0.0244  1.0000  0.0552  -0.9917   0.0000   0.0000   0.0000   0.1342
 -19.000  -0.2829   0.20402   0.19909  -0.0262  1.0000  0.0556  -1.0615   0.0000   0.0000   0.0000   0.1275
 -18.500  -0.2833   0.20179   0.19686  -0.0278  1.0000  0.0558  -1.1271   0.0000   0.0000   0.0000   0.1219
 -18.000  -0.2686   0.19532   0.19043  -0.0276  1.0000  0.0564  -1.0802   0.0000   0.0000   0.0000   0.1170
 -17.500  -0.2560   0.19106   0.18620  -0.0272  1.0000  0.0575  -1.0255   0.0000   0.0000   0.0000   0.1132
 -17.000  -0.2475   0.18774   0.18291  -0.0273  1.0000  0.0590  -1.0035   0.0000   0.0000   0.0000   0.1090
 -16.500  -0.2412   0.18451   0.17970  -0.0276  1.0000  0.0612  -1.0015   0.0000   0.0000   0.0000   0.1049
 -16.000  -0.2385   0.18131   0.17653  -0.0282  1.0000  0.0641  -1.0313   0.0000   0.0000   0.0000   0.1007
 -15.500  -0.2451   0.17893   0.17416  -0.0299  1.0000  0.0655  -1.1348   0.0000   0.0000   0.0000   0.0975
 -15.000  -0.2538   0.17626   0.17149  -0.0314  1.0000  0.0658  -1.2782   0.0000   0.0000   0.0000   0.0963
 -14.500  -0.2339   0.17072   0.16600  -0.0291  1.0000  0.0677  -1.1968   0.0000   0.0000   0.0000   0.0948
 -14.000  -0.2374   0.16754   0.16285  -0.0298  1.0000  0.0750  -1.2981   0.0000   0.0000   0.0000   0.0947
 -12.000  -0.3114   0.14464   0.13943  -0.0327  1.0000  0.0650  -1.8770   0.0000   0.0000   0.0000   0.1137
 -11.500  -0.3055   0.13934   0.13418  -0.0320  1.0000  0.0643  -1.8500   0.0000   0.0000   0.0000   0.1147
 -11.000  -0.3066   0.13349   0.12839  -0.0319  1.0000  0.0642  -1.8682   0.0000   0.0000   0.0000   0.1168
 -10.000  -0.2998   0.12601   0.12110  -0.0291  1.0000  0.0723  -1.7478   0.0000   0.0000   0.0000   0.1267
  -9.500  -0.3108   0.12034   0.11550  -0.0286  1.0000  0.0734  -1.7913   0.0000   0.0000   0.0000   0.1336
  -9.000  -0.3266   0.11442   0.10967  -0.0280  1.0000  0.0739  -1.8513   0.0000   0.0000   0.0000   0.1420
  -8.000  -0.5481   0.04086   0.03491  -0.0971  0.9676  0.0682  -4.0418   0.0000   0.0000   0.0000   0.0551
  -7.500  -0.4830   0.03563   0.02906  -0.1065  0.9562  0.0741  -3.8642   0.0000   0.0000   0.0000   0.0108
  -7.000  -0.4114   0.03456   0.02790  -0.1109  0.9448  0.0814  -3.5639   0.0000   0.0000   0.0000  -0.0393
  -6.500  -0.3388   0.03287   0.02595  -0.1158  0.9337  0.0909  -3.2975   0.0000   0.0000   0.0000  -0.1133
  -6.000  -0.2659   0.03071   0.02346  -0.1204  0.9227  0.1008  -3.0584   0.0000   0.0000   0.0000  -0.2276
  -5.500  -0.1916   0.02883   0.02129  -0.1243  0.9114  0.1100  -2.8163   0.0000   0.0000   0.0000  -0.4296
  -5.000  -0.1153   0.02747   0.01971  -0.1278  0.8999  0.1208  -2.5656   0.0000   0.0000   0.0000  -0.9040
  -4.500  -0.0488   0.02653   0.01868  -0.1293  0.8842  0.1322  -2.3524   0.0000   0.0000   0.0000  -2.4922
  -4.000   0.0250   0.02544   0.01753  -0.1317  0.8710  0.1447  -2.1300   0.0000   0.0000   0.0000   5.6678
  -3.500   0.1017   0.02402   0.01599  -0.1343  0.8586  0.1572  -1.9134   0.0000   0.0000   0.0000   1.6013
  -3.000   0.1801   0.02237   0.01423  -0.1370  0.8465  0.1692  -1.7029   0.0000   0.0000   0.0000   1.0243
  -2.500   0.2499   0.02115   0.01289  -0.1381  0.8284  0.1830  -1.5094   0.0000   0.0000   0.0000   0.8102
  -2.000   0.3289   0.01979   0.01155  -0.1408  0.8113  0.1978  -1.3047   0.0000   0.0000   0.0000   0.6817
  -1.500   0.4097   0.01864   0.01032  -0.1439  0.7892  0.2168  -1.1052   0.0000   0.0000   0.0000   0.6022
  -1.000   0.4938   0.01768   0.00933  -0.1477  0.7611  0.2384  -0.9547   0.0000   0.0000   0.0000   0.5484
  -0.500   0.5728   0.01714   0.00878  -0.1507  0.7264  0.2652  -1.0432   0.0000   0.0000   0.0000   0.5112
   0.000   0.6417   0.01690   0.00843  -0.1519  0.6879  0.2930  -1.1286   0.0000   0.0000   0.0000   0.4838
   0.500   0.7027   0.01686   0.00831  -0.1517  0.6488  0.3239  -1.2098   0.0000   0.0000   0.0000   0.4619
   1.000   0.7565   0.01697   0.00833  -0.1501  0.6101  0.3602  -1.2904   0.0000   0.0000   0.0000   0.4436
   1.500   0.8070   0.01720   0.00852  -0.1480  0.5735  0.4064  -1.3736   0.0000   0.0000   0.0000   0.4278
   2.000   0.8530   0.01749   0.00884  -0.1451  0.5384  0.4661  -1.4538   0.0000   0.0000   0.0000   0.4137
   2.500   0.8970   0.01782   0.00923  -0.1417  0.5063  0.5424  -1.5422   0.0000   0.0000   0.0000   0.4009
   3.500   0.9725   0.01825   0.01013  -0.1321  0.4505  0.8221  -1.7117   0.0000   0.0000   0.0000   0.3772
   4.000   1.0177   0.01877   0.01047  -0.1293  0.4248  1.0000  -1.8045   0.0000   0.0000   0.0000   0.3677
   4.500   1.0623   0.01964   0.01106  -0.1267  0.4014  1.0000  -1.8977   0.0000   0.0000   0.0000   0.3591
   5.000   1.1053   0.02055   0.01174  -0.1238  0.3797  1.0000  -1.9900   0.0000   0.0000   0.0000   0.3511
   5.500   1.1471   0.02152   0.01252  -0.1208  0.3596  1.0000  -2.0816   0.0000   0.0000   0.0000   0.3436
   6.000   1.1881   0.02254   0.01339  -0.1177  0.3415  1.0000  -2.1847   0.0000   0.0000   0.0000   0.3366
   6.500   1.2273   0.02362   0.01432  -0.1144  0.3244  1.0000  -2.2897   0.0000   0.0000   0.0000   0.3300
   7.000   1.2649   0.02477   0.01536  -0.1109  0.3085  1.0000  -2.3933   0.0000   0.0000   0.0000   0.3237
   7.500   1.3021   0.02600   0.01653  -0.1075  0.2943  1.0000  -2.4968   0.0000   0.0000   0.0000   0.3178
   8.000   1.3394   0.02731   0.01783  -0.1042  0.2818  1.0000  -2.6010   0.0000   0.0000   0.0000   0.3122
   8.500   1.3756   0.02872   0.01919  -0.1009  0.2703  1.0000  -2.7116   0.0000   0.0000   0.0000   0.3069
   9.000   1.4097   0.03024   0.02068  -0.0974  0.2594  1.0000  -2.8209   0.0000   0.0000   0.0000   0.3019
   9.500   1.4407   0.03187   0.02233  -0.0937  0.2489  1.0000  -2.9264   0.0000   0.0000   0.0000   0.2969
  10.000   1.4691   0.03367   0.02417  -0.0898  0.2391  1.0000  -3.0351   0.0000   0.0000   0.0000   0.2922
  10.500   1.4955   0.03564   0.02619  -0.0860  0.2301  1.0000  -3.1431   0.0000   0.0000   0.0000   0.2876
  11.000   1.5224   0.03771   0.02834  -0.0824  0.2220  1.0000  -3.2526   0.0000   0.0000   0.0000   0.2834
  11.500   1.5504   0.03985   0.03051  -0.0792  0.2147  1.0000  -3.3642   0.0000   0.0000   0.0000   0.2794
  12.000   1.5641   0.04276   0.03367  -0.0750  0.2076  1.0000  -3.4469   0.0000   0.0000   0.0000   0.2753
  12.500   1.5860   0.04539   0.03635  -0.0719  0.2012  1.0000  -3.5473   0.0000   0.0000   0.0000   0.2716
  13.000   1.5950   0.04877   0.03997  -0.0682  0.1947  1.0000  -3.6217   0.0000   0.0000   0.0000   0.2681
  13.500   1.6022   0.05263   0.04403  -0.0650  0.1890  1.0000  -3.6955   0.0000   0.0000   0.0000   0.2648
  14.000   1.6098   0.05651   0.04805  -0.0624  0.1833  1.0000  -3.8011   0.0000   0.0000   0.0000   0.2619
  14.500   1.5984   0.06226   0.05411  -0.0600  0.1779  1.0000  -3.8568   0.0000   0.0000   0.0000   0.2596
  15.000   1.6036   0.06669   0.05862  -0.0585  0.1720  1.0000  -3.9569   0.0000   0.0000   0.0000   0.2574
  15.500   1.5690   0.07590   0.06830  -0.0585  0.1671  1.0000  -3.9412   0.0000   0.0000   0.0000   0.2570
  16.000   1.5577   0.08308   0.07568  -0.0591  0.1620  1.0000  -3.9863   0.0000   0.0000   0.0000   0.2564
  16.500   1.5092   0.09601   0.08904  -0.0628  0.1580  1.0000  -3.9082   0.0000   0.0000   0.0000   0.2589
  18.000   1.1291   0.19627   0.19045  -0.1216  0.1287  1.0000  -2.3616   0.0000   0.0000   0.0000   0.3258
  18.500   1.1127   0.20928   0.20352  -0.1306  0.1205  1.0000  -2.2072   0.0000   0.0000   0.0000   0.3351
  19.000   1.1472   0.20959   0.20386  -0.1296  0.1176  1.0000  -2.3756   0.0000   0.0000   0.0000   0.3290
  19.500   1.1385   0.22060   0.21493  -0.1375  0.1094  1.0000  -2.2447   0.0000   0.0000   0.0000   0.3363
  20.000   1.1431   0.22825   0.22262  -0.1429  0.1030  1.0000  -2.1931   0.0000   0.0000   0.0000   0.3395


