xflr5 v6.61

 Calculated polar for: E63_14_00

 1 1 Reynolds number fixed          Mach number fixed         

 xtrf =   1.000 (top)        1.000 (bottom)
 Mach =   0.200     Re =     0.100 e 6     Ncrit =   7.000

  alpha     CL        CD       CDp       Cm    Top Xtr Bot Xtr   Cpmin    Chinge    XCp    
 ------- -------- --------- --------- -------- ------- ------- -------- --------- ---------
 -30.000  -0.7876   0.34037   0.33383   0.0607  1.0000  0.0315  -1.5579   0.0000   0.0000   0.0000   0.2804
 -29.500  -0.7740   0.33595   0.32938   0.0567  1.0000  0.0327  -1.5254   0.0000   0.0000   0.0000   0.2777
 -29.000  -0.7603   0.33143   0.32485   0.0527  1.0000  0.0340  -1.5215   0.0000   0.0000   0.0000   0.2748
 -28.500  -0.7465   0.32682   0.32023   0.0487  1.0000  0.0351  -1.5222   0.0000   0.0000   0.0000   0.2718
 -28.000  -0.7325   0.32222   0.31562   0.0446  1.0000  0.0360  -1.5283   0.0000   0.0000   0.0000   0.2684
 -27.500  -0.7185   0.31784   0.31123   0.0404  1.0000  0.0366  -1.5420   0.0000   0.0000   0.0000   0.2647
 -27.000  -0.7049   0.31387   0.30725   0.0361  1.0000  0.0370  -1.5614   0.0000   0.0000   0.0000   0.2606
 -26.500  -0.6919   0.31045   0.30383   0.0318  1.0000  0.0372  -1.5842   0.0000   0.0000   0.0000   0.2561
 -26.000  -0.6796   0.30746   0.30084   0.0274  1.0000  0.0373  -1.6087   0.0000   0.0000   0.0000   0.2514
 -25.500  -0.6669   0.30373   0.29714   0.0233  1.0000  0.0374  -1.6221   0.0000   0.0000   0.0000   0.2469
 -25.000  -0.6467   0.29312   0.28653   0.0219  1.0000  0.0380  -1.5160   0.0000   0.0000   0.0000   0.2463
 -24.500  -0.6303   0.28753   0.28095   0.0193  1.0000  0.0389  -1.4629   0.0000   0.0000   0.0000   0.2438
 -24.000  -0.6144   0.28259   0.27600   0.0164  1.0000  0.0402  -1.4362   0.0000   0.0000   0.0000   0.2406
 -23.500  -0.5988   0.27768   0.27110   0.0133  1.0000  0.0420  -1.4257   0.0000   0.0000   0.0000   0.2369
 -23.000  -0.5835   0.27267   0.26611   0.0101  1.0000  0.0438  -1.4310   0.0000   0.0000   0.0000   0.2326
 -22.500  -0.5690   0.26795   0.26140   0.0065  1.0000  0.0451  -1.4593   0.0000   0.0000   0.0000   0.2274
 -22.000  -0.5566   0.26437   0.25784   0.0025  1.0000  0.0457  -1.5136   0.0000   0.0000   0.0000   0.2210
 -21.500  -0.5465   0.26175   0.25526  -0.0016  1.0000  0.0460  -1.5741   0.0000   0.0000   0.0000   0.2144
 -21.000  -0.5299   0.25428   0.24780  -0.0038  1.0000  0.0463  -1.5557   0.0000   0.0000   0.0000   0.2104
 -20.500  -0.5094   0.24635   0.23990  -0.0048  1.0000  0.0473  -1.4638   0.0000   0.0000   0.0000   0.2086
 -20.000  -0.4926   0.24094   0.23451  -0.0066  1.0000  0.0486  -1.4152   0.0000   0.0000   0.0000   0.2049
 -19.500  -0.4768   0.23574   0.22934  -0.0088  1.0000  0.0503  -1.3859   0.0000   0.0000   0.0000   0.2004
 -19.000  -0.4619   0.23049   0.22413  -0.0110  1.0000  0.0524  -1.3703   0.0000   0.0000   0.0000   0.1953
 -18.500  -0.4489   0.22547   0.21915  -0.0138  1.0000  0.0547  -1.3858   0.0000   0.0000   0.0000   0.1889
 -18.000  -0.4419   0.22210   0.21582  -0.0176  1.0000  0.0556  -1.4566   0.0000   0.0000   0.0000   0.1805
 -17.500  -0.4252   0.21472   0.20847  -0.0188  1.0000  0.0565  -1.4341   0.0000   0.0000   0.0000   0.1764
 -17.000  -0.4061   0.20874   0.20254  -0.0191  1.0000  0.0588  -1.3582   0.0000   0.0000   0.0000   0.1737
 -16.500  -0.3917   0.20348   0.19732  -0.0205  1.0000  0.0612  -1.3469   0.0000   0.0000   0.0000   0.1687
 -16.000  -0.3797   0.19819   0.19207  -0.0223  1.0000  0.0638  -1.3630   0.0000   0.0000   0.0000   0.1627
 -15.500  -0.3741   0.19376   0.18770  -0.0252  1.0000  0.0654  -1.4390   0.0000   0.0000   0.0000   0.1549
 -15.000  -0.3735   0.18999   0.18400  -0.0281  1.0000  0.0658  -1.5311   0.0000   0.0000   0.0000   0.1481
 -14.500  -0.3509   0.18152   0.17559  -0.0272  1.0000  0.0667  -1.4425   0.0000   0.0000   0.0000   0.1452
 -14.000  -0.3351   0.17578   0.16990  -0.0271  1.0000  0.0684  -1.3851   0.0000   0.0000   0.0000   0.1422
 -13.500  -0.3237   0.17046   0.16462  -0.0275  1.0000  0.0706  -1.3663   0.0000   0.0000   0.0000   0.1385
 -13.000  -0.3169   0.16515   0.15937  -0.0285  1.0000  0.0738  -1.3866   0.0000   0.0000   0.0000   0.1341
 -12.500  -0.3219   0.16044   0.15474  -0.0309  1.0000  0.0754  -1.4938   0.0000   0.0000   0.0000   0.1295
 -12.000  -0.3268   0.15517   0.14955  -0.0325  1.0000  0.0757  -1.5842   0.0000   0.0000   0.0000   0.1274
 -11.500  -0.3048   0.14753   0.14199  -0.0303  1.0000  0.0771  -1.4881   0.0000   0.0000   0.0000   0.1270
 -10.500  -0.3088   0.13443   0.12902  -0.0311  1.0000  0.0750  -1.7345   0.0000   0.0000   0.0000   0.1277
 -10.000  -0.3054   0.12783   0.12248  -0.0300  1.0000  0.0732  -1.8068   0.0000   0.0000   0.0000   0.1310
  -9.500  -0.3158   0.12166   0.11638  -0.0302  1.0000  0.0744  -1.9267   0.0000   0.0000   0.0000   0.1351
  -9.000  -0.3174   0.11616   0.11095  -0.0287  1.0000  0.0726  -1.9514   0.0000   0.0000   0.0000   0.1413
  -8.500  -0.3276   0.11046   0.10534  -0.0276  1.0000  0.0709  -2.0149   0.0000   0.0000   0.0000   0.1488
  -8.000  -0.3427   0.10508   0.10006  -0.0263  1.0000  0.0709  -2.0814   0.0000   0.0000   0.0000   0.1579
  -7.500  -0.3627   0.09994   0.09503  -0.0246  1.0000  0.0717  -2.1526   0.0000   0.0000   0.0000   0.1685
  -6.500  -0.4294   0.04869   0.04315  -0.0815  0.9766  0.0679  -3.4510   0.0000   0.0000   0.0000   0.0466
  -6.000  -0.3481   0.03832   0.03165  -0.1017  0.9662  0.0771  -3.2668   0.0000   0.0000   0.0000  -0.0577
  -5.500  -0.2709   0.03611   0.02904  -0.1087  0.9544  0.0875  -2.9058   0.0000   0.0000   0.0000  -0.1692
  -5.000  -0.1911   0.03324   0.02555  -0.1157  0.9433  0.0976  -2.6598   0.0000   0.0000   0.0000  -0.3782
  -4.500  -0.1107   0.03076   0.02264  -0.1213  0.9321  0.1080  -2.4653   0.0000   0.0000   0.0000  -0.8810
  -4.000  -0.0342   0.02926   0.02101  -0.1253  0.9187  0.1206  -2.2423   0.0000   0.0000   0.0000  -3.5128
  -3.500   0.0406   0.02837   0.01991  -0.1285  0.9032  0.1398  -2.0075   0.0000   0.0000   0.0000   3.4850
  -3.000   0.1199   0.02739   0.01894  -0.1322  0.8898  0.1590  -1.7640   0.0000   0.0000   0.0000   1.3712
  -2.500   0.1913   0.02624   0.01772  -0.1342  0.8723  0.1771  -1.5783   0.0000   0.0000   0.0000   0.9608
  -2.000   0.2722   0.02479   0.01618  -0.1375  0.8582  0.1976  -1.3802   0.0000   0.0000   0.0000   0.7595
  -1.500   0.3445   0.02351   0.01492  -0.1390  0.8402  0.2195  -1.1959   0.0000   0.0000   0.0000   0.6555
  -1.000   0.4268   0.02194   0.01340  -0.1420  0.8255  0.2471  -1.0000   0.0000   0.0000   0.0000   0.5828
  -0.500   0.5040   0.02062   0.01217  -0.1441  0.8047  0.2800  -0.8873   0.0000   0.0000   0.0000   0.5346
   0.000   0.5862   0.01933   0.01100  -0.1470  0.7804  0.3217  -0.9789   0.0000   0.0000   0.0000   0.4986
   0.500   0.6694   0.01834   0.01012  -0.1503  0.7492  0.3744  -1.0748   0.0000   0.0000   0.0000   0.4715
   1.000   0.7448   0.01781   0.00971  -0.1524  0.7102  0.4453  -1.1744   0.0000   0.0000   0.0000   0.4508
   1.500   0.8142   0.01755   0.00954  -0.1534  0.6677  0.5366  -1.2772   0.0000   0.0000   0.0000   0.4338
   2.000   0.8705   0.01748   0.00963  -0.1517  0.6243  0.6583  -1.3754   0.0000   0.0000   0.0000   0.4190
   2.500   0.9095   0.01708   0.00952  -0.1460  0.5846  1.0000  -1.4590   0.0000   0.0000   0.0000   0.4046
   3.000   0.9633   0.01781   0.00978  -0.1449  0.5431  1.0000  -1.5562   0.0000   0.0000   0.0000   0.3937
   3.500   1.0130   0.01863   0.01019  -0.1429  0.5053  1.0000  -1.6509   0.0000   0.0000   0.0000   0.3837
   4.000   1.0601   0.01952   0.01075  -0.1405  0.4705  1.0000  -1.7440   0.0000   0.0000   0.0000   0.3745
   4.500   1.1050   0.02046   0.01141  -0.1378  0.4383  1.0000  -1.8357   0.0000   0.0000   0.0000   0.3659
   5.000   1.1483   0.02147   0.01212  -0.1348  0.4091  1.0000  -1.9329   0.0000   0.0000   0.0000   0.3579
   5.500   1.1886   0.02251   0.01302  -0.1314  0.3820  1.0000  -2.0357   0.0000   0.0000   0.0000   0.3503
   6.000   1.2302   0.02364   0.01398  -0.1283  0.3588  1.0000  -2.1408   0.0000   0.0000   0.0000   0.3434
   6.500   1.2722   0.02487   0.01507  -0.1254  0.3385  1.0000  -2.2473   0.0000   0.0000   0.0000   0.3369
   7.000   1.3133   0.02616   0.01623  -0.1224  0.3199  1.0000  -2.3621   0.0000   0.0000   0.0000   0.3308
   7.500   1.3533   0.02754   0.01761  -0.1193  0.3029  1.0000  -2.4760   0.0000   0.0000   0.0000   0.3250
   8.000   1.3935   0.02903   0.01904  -0.1164  0.2879  1.0000  -2.5994   0.0000   0.0000   0.0000   0.3196
   8.500   1.4288   0.03061   0.02065  -0.1128  0.2733  1.0000  -2.7177   0.0000   0.0000   0.0000   0.3142
   9.000   1.4623   0.03223   0.02224  -0.1090  0.2596  1.0000  -2.8359   0.0000   0.0000   0.0000   0.3090
   9.500   1.4959   0.03397   0.02397  -0.1054  0.2474  1.0000  -2.9547   0.0000   0.0000   0.0000   0.3041
  10.000   1.5283   0.03591   0.02597  -0.1018  0.2365  1.0000  -3.0703   0.0000   0.0000   0.0000   0.2994
  10.500   1.5561   0.03808   0.02832  -0.0978  0.2264  1.0000  -3.2064   0.0000   0.0000   0.0000   0.2948
  11.000   1.5782   0.04048   0.03090  -0.0934  0.2169  1.0000  -3.3453   0.0000   0.0000   0.0000   0.2902
  11.500   1.5980   0.04316   0.03376  -0.0890  0.2084  1.0000  -3.4796   0.0000   0.0000   0.0000   0.2858
  12.000   1.6210   0.04588   0.03661  -0.0854  0.2009  1.0000  -3.6226   0.0000   0.0000   0.0000   0.2818
  12.500   1.6362   0.04890   0.03984  -0.0812  0.1935  1.0000  -3.7496   0.0000   0.0000   0.0000   0.2779
  13.000   1.6314   0.05332   0.04464  -0.0763  0.1870  1.0000  -3.8251   0.0000   0.0000   0.0000   0.2740
  13.500   1.6503   0.05654   0.04792  -0.0734  0.1807  1.0000  -3.9620   0.0000   0.0000   0.0000   0.2707
  14.000   1.6201   0.06343   0.05535  -0.0692  0.1753  1.0000  -3.9669   0.0000   0.0000   0.0000   0.2679
  14.500   1.6210   0.06825   0.06032  -0.0671  0.1693  1.0000  -4.0561   0.0000   0.0000   0.0000   0.2655
  15.000   1.5607   0.08001   0.07269  -0.0669  0.1649  1.0000  -3.9598   0.0000   0.0000   0.0000   0.2659
  15.500   1.5572   0.08620   0.07903  -0.0671  0.1589  1.0000  -4.0275   0.0000   0.0000   0.0000   0.2649
  16.000   1.1280   0.17886   0.17274  -0.1230  0.1429  1.0000  -2.2665   0.0000   0.0000   0.0000   0.3333
  16.500   1.1551   0.18157   0.17548  -0.1231  0.1382  1.0000  -2.3831   0.0000   0.0000   0.0000   0.3296
  17.000   1.1439   0.19383   0.18781  -0.1311  0.1304  1.0000  -2.2613   0.0000   0.0000   0.0000   0.3371
  18.000   1.1673   0.20682   0.20090  -0.1383  0.1188  1.0000  -2.2748   0.0000   0.0000   0.0000   0.3389
  18.500   1.1580   0.21883   0.21296  -0.1469  0.1129  1.0000  -2.1441   0.0000   0.0000   0.0000   0.3468
  19.000   1.1733   0.22482   0.21900  -0.1502  0.1092  1.0000  -2.2189   0.0000   0.0000   0.0000   0.3469
  19.500   1.1810   0.23257   0.22682  -0.1553  0.1055  1.0000  -2.2320   0.0000   0.0000   0.0000   0.3494
  20.000   1.1839   0.24155   0.23586  -0.1620  0.1024  1.0000  -2.1914   0.0000   0.0000   0.0000   0.3539


