xflr5 v6.61

 Calculated polar for: E63_13_00

 1 1 Reynolds number fixed          Mach number fixed         

 xtrf =   1.000 (top)        1.000 (bottom)
 Mach =   0.200     Re =     0.025 e 6     Ncrit =   9.000

  alpha     CL        CD       CDp       Cm    Top Xtr Bot Xtr   Cpmin    Chinge    XCp    
 ------- -------- --------- --------- -------- ------- ------- -------- --------- ---------
 -20.000  -0.5114   0.25218   0.23954  -0.0050  1.0000  0.1599  -1.3053   0.0000   0.0000   0.0000   0.2126
 -19.500  -0.4992   0.24862   0.23606  -0.0078  1.0000  0.1631  -1.3092   0.0000   0.0000   0.0000   0.2076
 -19.000  -0.4805   0.24144   0.22892  -0.0094  1.0000  0.1693  -1.2782   0.0000   0.0000   0.0000   0.2037
 -18.500  -0.4725   0.24020   0.22780  -0.0122  1.0000  0.1733  -1.2936   0.0000   0.0000   0.0000   0.1983
 -18.000  -0.4510   0.23114   0.21872  -0.0134  1.0000  0.1798  -1.2486   0.0000   0.0000   0.0000   0.1943
 -17.500  -0.4429   0.22911   0.21681  -0.0158  1.0000  0.1845  -1.2572   0.0000   0.0000   0.0000   0.1891
 -17.000  -0.4227   0.22102   0.20877  -0.0169  1.0000  0.1919  -1.2341   0.0000   0.0000   0.0000   0.1848
 -16.500  -0.4107   0.21640   0.20425  -0.0186  1.0000  0.1972  -1.2426   0.0000   0.0000   0.0000   0.1800
 -16.000  -0.3984   0.21191   0.19984  -0.0199  1.0000  0.2051  -1.2453   0.0000   0.0000   0.0000   0.1756
 -15.500  -0.3817   0.20521   0.19325  -0.0209  1.0000  0.2125  -1.2334   0.0000   0.0000   0.0000   0.1711
 -15.000  -0.3691   0.20002   0.18817  -0.0218  1.0000  0.2216  -1.2323   0.0000   0.0000   0.0000   0.1669
 -14.500  -0.3567   0.19482   0.18308  -0.0225  1.0000  0.2327  -1.2293   0.0000   0.0000   0.0000   0.1631
 -14.000  -0.3446   0.18955   0.17788  -0.0230  1.0000  0.2447  -1.2257   0.0000   0.0000   0.0000   0.1598
 -13.500  -0.3334   0.18434   0.17279  -0.0234  1.0000  0.2566  -1.2241   0.0000   0.0000   0.0000   0.1568
 -13.000  -0.3229   0.17914   0.16772  -0.0236  1.0000  0.2682  -1.2244   0.0000   0.0000   0.0000   0.1542
 -12.500  -0.3142   0.17420   0.16291  -0.0236  1.0000  0.2806  -1.2282   0.0000   0.0000   0.0000   0.1527
 -12.000  -0.3097   0.17007   0.15893  -0.0234  1.0000  0.2934  -1.2406   0.0000   0.0000   0.0000   0.1530
 -11.500  -0.2939   0.16293   0.15192  -0.0227  1.0000  0.3112  -1.2244   0.0000   0.0000   0.0000   0.1512
 -11.000  -0.2857   0.15771   0.14684  -0.0215  1.0000  0.3343  -1.2312   0.0000   0.0000   0.0000   0.1534
 -10.500  -0.2770   0.15212   0.14139  -0.0204  1.0000  0.3540  -1.2516   0.0000   0.0000   0.0000   0.1556
 -10.000  -0.2720   0.14719   0.13662  -0.0189  1.0000  0.3729  -1.2734   0.0000   0.0000   0.0000   0.1602
  -9.500  -0.2673   0.14234   0.13185  -0.0171  1.0000  0.3938  -1.2866   0.0000   0.0000   0.0000   0.1664
  -9.000  -0.2563   0.13642   0.12605  -0.0152  1.0000  0.4184  -1.2786   0.0000   0.0000   0.0000   0.1716
  -8.500  -0.2560   0.13247   0.12228  -0.0122  1.0000  0.4478  -1.2778   0.0000   0.0000   0.0000   0.1843
  -8.000  -0.2479   0.12724   0.11719  -0.0092  1.0000  0.4799  -1.2558   0.0000   0.0000   0.0000   0.1952
  -7.500  -0.2374   0.12167   0.11177  -0.0063  1.0000  0.5117  -1.2240   0.0000   0.0000   0.0000   0.2061
  -7.000  -0.2336   0.11717   0.10744  -0.0026  1.0000  0.5466  -1.1967   0.0000   0.0000   0.0000   0.2226
  -6.500  -0.2238   0.11201   0.10243   0.0012  1.0000  0.5899  -1.1531   0.0000   0.0000   0.0000   0.2394
  -6.000  -0.2042   0.10597   0.09653   0.0049  1.0000  0.6557  -1.0868   0.0000   0.0000   0.0000   0.2578
  -5.500  -0.1588   0.09765   0.08820   0.0060  1.0000  0.7649  -0.9789   0.0000   0.0000   0.0000   0.2690
  -5.000   0.0518   0.07674   0.06663  -0.0306  1.0000  1.0000  -0.7239   0.0000   0.0000   0.0000   0.8962
  -4.500   0.0577   0.07371   0.06379  -0.0289  1.0000  1.0000  -0.7328   0.0000   0.0000   0.0000   0.7954
  -4.000   0.0614   0.07095   0.06123  -0.0269  1.0000  1.0000  -0.7418   0.0000   0.0000   0.0000   0.7251
  -3.500   0.0626   0.06847   0.05894  -0.0247  1.0000  1.0000  -0.7508   0.0000   0.0000   0.0000   0.6745
  -3.000  -0.0517   0.07250   0.06364   0.0029  1.0000  0.9350  -0.8219   0.0000   0.0000   0.0000   0.2753
  -2.500  -0.1682   0.07624   0.06796   0.0246  1.0000  0.8426  -0.9080   0.0000   0.0000   0.0000   0.3883
  -1.500  -0.2894   0.07189   0.06377  -0.0048  1.0000  0.4338  -1.2270   0.0000   0.0000   0.0000   0.2295
  -1.000  -0.2035   0.06419   0.05561  -0.0276  1.0000  0.4072  -1.2333   0.0000   0.0000   0.0000   0.1102
  -0.500  -0.1260   0.05927   0.05027  -0.0425  1.0000  0.4172  -1.1921   0.0000   0.0000   0.0000  -0.0930
   0.000  -0.0601   0.05658   0.04722  -0.0521  1.0000  0.4449  -1.1507   0.0000   0.0000   0.0000  -0.6258
   0.500   0.0027   0.05534   0.04567  -0.0601  1.0000  0.4813  -1.0878   0.0000   0.0000   0.0000  22.7416
   1.000   0.0560   0.05531   0.04541  -0.0653  1.0000  0.5252  -1.0125   0.0000   0.0000   0.0000   1.4145
   1.500   0.1032   0.05609   0.04607  -0.0690  1.0000  0.5771  -0.9324   0.0000   0.0000   0.0000   0.9148
   2.000   0.1446   0.05744   0.04742  -0.0713  1.0000  0.6455  -0.8517   0.0000   0.0000   0.0000   0.7382
   2.500   0.1778   0.05878   0.04903  -0.0714  1.0000  0.7413  -0.7781   0.0000   0.0000   0.0000   0.6458
   3.500   0.3757   0.06896   0.05779  -0.1063  0.9246  1.0000  -0.7679   0.0000   0.0000   0.0000   0.5275
   4.000   0.4478   0.07454   0.06284  -0.1142  0.8748  1.0000  -0.8374   0.0000   0.0000   0.0000   0.4991
   4.500   0.5060   0.07997   0.06794  -0.1193  0.8339  1.0000  -0.8940   0.0000   0.0000   0.0000   0.4794
   5.000   0.5496   0.08551   0.07328  -0.1224  0.8021  1.0000  -0.9339   0.0000   0.0000   0.0000   0.4659
   5.500   0.5796   0.09138   0.07905  -0.1243  0.7802  1.0000  -0.9557   0.0000   0.0000   0.0000   0.4572
   6.000   0.5930   0.09811   0.08575  -0.1259  0.7810  1.0000  -0.9546   0.0000   0.0000   0.0000   0.4543
   8.000   0.6050   0.12410   0.11177  -0.1293  0.8600  1.0000  -0.9167   0.0000   0.0000   0.0000   0.4533
   8.500   0.6367   0.13113   0.11879  -0.1323  0.8331  1.0000  -0.9419   0.0000   0.0000   0.0000   0.4468
   9.000   0.6678   0.13804   0.12570  -0.1350  0.8051  1.0000  -0.9639   0.0000   0.0000   0.0000   0.4407
   9.500   0.6944   0.14432   0.13199  -0.1369  0.7760  1.0000  -0.9867   0.0000   0.0000   0.0000   0.4352
  10.000   0.7257   0.15146   0.13916  -0.1394  0.7472  1.0000  -1.0148   0.0000   0.0000   0.0000   0.4295
  10.500   0.7494   0.15746   0.14518  -0.1410  0.7216  1.0000  -1.0315   0.0000   0.0000   0.0000   0.4250
  11.000   0.7770   0.16430   0.15204  -0.1431  0.6970  1.0000  -1.0545   0.0000   0.0000   0.0000   0.4204
  11.500   0.8048   0.17127   0.15904  -0.1452  0.6717  1.0000  -1.0846   0.0000   0.0000   0.0000   0.4159
  12.000   0.8263   0.17702   0.16488  -0.1467  0.6484  1.0000  -1.1053   0.0000   0.0000   0.0000   0.4124
  12.500   0.8495   0.18287   0.17077  -0.1484  0.6225  1.0000  -1.1390   0.0000   0.0000   0.0000   0.4088
  13.000   0.8719   0.18908   0.17702  -0.1503  0.6023  1.0000  -1.1696   0.0000   0.0000   0.0000   0.4058
  13.500   0.8952   0.19522   0.18321  -0.1522  0.5789  1.0000  -1.2100   0.0000   0.0000   0.0000   0.4026
  14.000   0.9172   0.20133   0.18937  -0.1542  0.5577  1.0000  -1.2450   0.0000   0.0000   0.0000   0.3999
  14.500   0.9399   0.20795   0.19604  -0.1564  0.5389  1.0000  -1.2773   0.0000   0.0000   0.0000   0.3974
  15.000   0.9616   0.21398   0.20225  -0.1585  0.5170  1.0000  -1.3054   0.0000   0.0000   0.0000   0.3949
  15.500   0.9864   0.22137   0.20972  -0.1608  0.4983  1.0000  -1.3341   0.0000   0.0000   0.0000   0.3923
  16.000   1.0008   0.22555   0.21395  -0.1632  0.4810  1.0000  -1.3406   0.0000   0.0000   0.0000   0.3914
  16.500   1.0218   0.23177   0.22024  -0.1655  0.4616  1.0000  -1.3556   0.0000   0.0000   0.0000   0.3895
  17.000   1.0434   0.23841   0.22697  -0.1681  0.4446  1.0000  -1.3673   0.0000   0.0000   0.0000   0.3876
  17.500   1.0629   0.24490   0.23353  -0.1709  0.4308  1.0000  -1.4029   0.0000   0.0000   0.0000   0.3863
  18.000   1.0799   0.24964   0.23836  -0.1736  0.4126  1.0000  -1.4624   0.0000   0.0000   0.0000   0.3852
  18.500   1.1002   0.25644   0.24523  -0.1764  0.3978  1.0000  -1.5270   0.0000   0.0000   0.0000   0.3838
  19.000   1.1154   0.26105   0.25002  -0.1796  0.3850  1.0000  -1.5743   0.0000   0.0000   0.0000   0.3834
  19.500   1.1323   0.26640   0.25547  -0.1829  0.3721  1.0000  -1.6231   0.0000   0.0000   0.0000   0.3828
  20.000   1.1531   0.27345   0.26264  -0.1857  0.3569  1.0000  -1.6814   0.0000   0.0000   0.0000   0.3812


