xflr5 v6.61

 Calculated polar for: E63_10_00

 1 1 Reynolds number fixed          Mach number fixed         

 xtrf =   1.000 (top)        1.000 (bottom)
 Mach =   0.200     Re =     0.080 e 6     Ncrit =   7.000

  alpha     CL        CD       CDp       Cm    Top Xtr Bot Xtr   Cpmin    Chinge    XCp    
 ------- -------- --------- --------- -------- ------- ------- -------- --------- ---------
 -26.500  -0.7500   0.31650   0.30953   0.0427  1.0000  0.0287  -1.6182   0.0000   0.0000   0.0000   0.2800
 -26.000  -0.7345   0.30850   0.30152   0.0400  1.0000  0.0293  -1.5501   0.0000   0.0000   0.0000   0.2783
 -25.500  -0.7197   0.30295   0.29595   0.0367  1.0000  0.0301  -1.5085   0.0000   0.0000   0.0000   0.2757
 -25.000  -0.7049   0.29779   0.29079   0.0333  1.0000  0.0310  -1.4768   0.0000   0.0000   0.0000   0.2726
 -24.500  -0.6900   0.29268   0.28567   0.0299  1.0000  0.0320  -1.4497   0.0000   0.0000   0.0000   0.2694
 -24.000  -0.6750   0.28754   0.28051   0.0264  1.0000  0.0332  -1.4241   0.0000   0.0000   0.0000   0.2659
 -23.500  -0.6599   0.28242   0.27540   0.0230  1.0000  0.0348  -1.4019   0.0000   0.0000   0.0000   0.2622
 -23.000  -0.6448   0.27751   0.27048   0.0194  1.0000  0.0361  -1.3995   0.0000   0.0000   0.0000   0.2581
 -22.500  -0.6301   0.27308   0.26607   0.0156  1.0000  0.0368  -1.4327   0.0000   0.0000   0.0000   0.2535
 -22.000  -0.6164   0.26942   0.26241   0.0118  1.0000  0.0371  -1.4744   0.0000   0.0000   0.0000   0.2483
 -21.500  -0.6039   0.26641   0.25943   0.0079  1.0000  0.0373  -1.5195   0.0000   0.0000   0.0000   0.2429
 -21.000  -0.5890   0.26035   0.25341   0.0049  1.0000  0.0375  -1.5219   0.0000   0.0000   0.0000   0.2388
 -20.500  -0.5697   0.25089   0.24392   0.0038  1.0000  0.0384  -1.4295   0.0000   0.0000   0.0000   0.2373
 -20.000  -0.5537   0.24507   0.23812   0.0015  1.0000  0.0395  -1.3864   0.0000   0.0000   0.0000   0.2339
 -19.500  -0.5382   0.23964   0.23271  -0.0009  1.0000  0.0408  -1.3586   0.0000   0.0000   0.0000   0.2299
 -19.000  -0.5230   0.23427   0.22736  -0.0034  1.0000  0.0423  -1.3392   0.0000   0.0000   0.0000   0.2255
 -17.000  -0.4692   0.21384   0.20707  -0.0140  1.0000  0.0467  -1.3716   0.0000   0.0000   0.0000   0.2039
 -16.500  -0.4513   0.20677   0.20002  -0.0146  1.0000  0.0487  -1.3043   0.0000   0.0000   0.0000   0.2016
 -16.000  -0.4370   0.20125   0.19454  -0.0161  1.0000  0.0511  -1.2959   0.0000   0.0000   0.0000   0.1973
 -15.500  -0.4241   0.19592   0.18926  -0.0180  1.0000  0.0535  -1.3136   0.0000   0.0000   0.0000   0.1921
 -15.000  -0.4150   0.19176   0.18515  -0.0207  1.0000  0.0553  -1.3797   0.0000   0.0000   0.0000   0.1853
 -14.500  -0.4124   0.18937   0.18284  -0.0238  1.0000  0.0558  -1.4819   0.0000   0.0000   0.0000   0.1781
 -14.000  -0.3904   0.17947   0.17299  -0.0231  1.0000  0.0570  -1.3967   0.0000   0.0000   0.0000   0.1764
 -13.500  -0.3760   0.17337   0.16691  -0.0234  1.0000  0.0592  -1.3565   0.0000   0.0000   0.0000   0.1736
 -13.000  -0.3647   0.16791   0.16150  -0.0243  1.0000  0.0619  -1.3528   0.0000   0.0000   0.0000   0.1696
 -12.500  -0.3579   0.16314   0.15680  -0.0259  1.0000  0.0648  -1.3942   0.0000   0.0000   0.0000   0.1643
 -12.000  -0.3613   0.16036   0.15413  -0.0285  1.0000  0.0657  -1.5039   0.0000   0.0000   0.0000   0.1586
 -11.500  -0.3411   0.15161   0.14544  -0.0271  1.0000  0.0673  -1.4142   0.0000   0.0000   0.0000   0.1578
 -11.000  -0.3297   0.14591   0.13981  -0.0267  1.0000  0.0702  -1.3747   0.0000   0.0000   0.0000   0.1566
 -10.500  -0.3250   0.14105   0.13504  -0.0273  1.0000  0.0739  -1.3935   0.0000   0.0000   0.0000   0.1543
 -10.000  -0.3408   0.13925   0.13339  -0.0298  1.0000  0.0757  -1.5420   0.0000   0.0000   0.0000   0.1520
  -9.500  -0.3127   0.13036   0.12455  -0.0264  1.0000  0.0812  -1.3696   0.0000   0.0000   0.0000   0.1548
  -9.000  -0.3206   0.12697   0.12129  -0.0272  1.0000  0.0858  -1.4414   0.0000   0.0000   0.0000   0.1555
  -8.000  -0.3105   0.11585   0.11036  -0.0239  1.0000  0.0904  -1.4045   0.0000   0.0000   0.0000   0.1643
  -7.500  -0.3150   0.11170   0.10634  -0.0223  1.0000  0.0944  -1.4365   0.0000   0.0000   0.0000   0.1711
  -7.000  -0.3441   0.10965   0.10449  -0.0211  1.0000  0.0967  -1.5651   0.0000   0.0000   0.0000   0.1821
  -6.000  -0.3541   0.10021   0.09533  -0.0136  1.0000  0.1001  -1.5586   0.0000   0.0000   0.0000   0.2063
  -5.500  -0.3622   0.09603   0.09128  -0.0117  1.0000  0.1028  -1.5787   0.0000   0.0000   0.0000   0.2129
  -4.500  -0.3522   0.07637   0.07167  -0.0290  1.0000  0.0645  -2.0473   0.0000   0.0000   0.0000   0.1629
  -4.000  -0.2211   0.04782   0.04224  -0.0774  0.9941  0.0551  -2.6614   0.0000   0.0000   0.0000  -0.1084
  -3.500  -0.0819   0.03296   0.02543  -0.1061  0.9918  0.0672  -2.7239   0.0000   0.0000   0.0000  -1.0672
  -3.000   0.0135   0.02980   0.02143  -0.1153  0.9831  0.0811  -2.4354   0.0000   0.0000   0.0000   8.8924
  -2.500   0.0995   0.02954   0.02082  -0.1221  0.9707  0.1099  -2.0416   0.0000   0.0000   0.0000   1.4896
  -2.000   0.1827   0.02822   0.01924  -0.1275  0.9566  0.1328  -1.7131   0.0000   0.0000   0.0000   0.9535
  -1.500   0.2683   0.02744   0.01837  -0.1331  0.9421  0.1752  -1.3603   0.0000   0.0000   0.0000   0.7489
  -1.000   0.3472   0.02676   0.01778  -0.1373  0.9242  0.2298  -1.0364   0.0000   0.0000   0.0000   0.6466
  -0.500   0.4277   0.02597   0.01715  -0.1414  0.9058  0.2950  -0.8368   0.0000   0.0000   0.0000   0.5805
   0.000   0.5108   0.02499   0.01645  -0.1455  0.8874  0.3830  -0.7143   0.0000   0.0000   0.0000   0.5339
   0.500   0.5916   0.02373   0.01572  -0.1486  0.8681  0.5288  -0.7988   0.0000   0.0000   0.0000   0.4995
   1.000   0.6442   0.02167   0.01464  -0.1447  0.8444  1.0000  -0.8685   0.0000   0.0000   0.0000   0.4723
   1.500   0.7251   0.02075   0.01334  -0.1474  0.8195  1.0000  -0.9676   0.0000   0.0000   0.0000   0.4503
   2.000   0.8113   0.01962   0.01197  -0.1506  0.7933  1.0000  -1.0813   0.0000   0.0000   0.0000   0.4320
   2.500   0.8926   0.01883   0.01100  -0.1530  0.7569  1.0000  -1.2001   0.0000   0.0000   0.0000   0.4173
   3.000   0.9746   0.01839   0.01035  -0.1558  0.7092  1.0000  -1.3301   0.0000   0.0000   0.0000   0.4051
   3.500   1.0472   0.01848   0.01012  -0.1570  0.6520  1.0000  -1.4613   0.0000   0.0000   0.0000   0.3946
   4.000   1.1061   0.01911   0.01043  -0.1561  0.5917  1.0000  -1.5852   0.0000   0.0000   0.0000   0.3851
   4.500   1.1576   0.02004   0.01102  -0.1540  0.5342  1.0000  -1.7074   0.0000   0.0000   0.0000   0.3764
   5.000   1.2044   0.02118   0.01184  -0.1513  0.4813  1.0000  -1.8333   0.0000   0.0000   0.0000   0.3684
   5.500   1.2491   0.02246   0.01290  -0.1485  0.4344  1.0000  -1.9579   0.0000   0.0000   0.0000   0.3609
   6.000   1.2924   0.02386   0.01410  -0.1455  0.3931  1.0000  -2.1069   0.0000   0.0000   0.0000   0.3540
   6.500   1.3349   0.02537   0.01543  -0.1425  0.3569  1.0000  -2.2790   0.0000   0.0000   0.0000   0.3475
   7.000   1.3762   0.02698   0.01693  -0.1395  0.3248  1.0000  -2.4515   0.0000   0.0000   0.0000   0.3413
   7.500   1.4168   0.02872   0.01873  -0.1363  0.2966  1.0000  -2.6249   0.0000   0.0000   0.0000   0.3355
   8.000   1.4562   0.03058   0.02059  -0.1332  0.2719  1.0000  -2.7985   0.0000   0.0000   0.0000   0.3299
   8.500   1.4944   0.03257   0.02263  -0.1298  0.2500  1.0000  -2.9711   0.0000   0.0000   0.0000   0.3246
   9.000   1.5304   0.03473   0.02489  -0.1263  0.2305  1.0000  -3.2370   0.0000   0.0000   0.0000   0.3195
   9.500   1.5677   0.03700   0.02726  -0.1231  0.2136  1.0000  -3.5161   0.0000   0.0000   0.0000   0.3147
  10.000   1.5857   0.03929   0.02985  -0.1170  0.1963  1.0000  -3.7402   0.0000   0.0000   0.0000   0.3091
  10.500   1.5997   0.04150   0.03217  -0.1108  0.1802  1.0000  -3.9641   0.0000   0.0000   0.0000   0.3038
  11.000   1.6037   0.04422   0.03521  -0.1039  0.1651  1.0000  -4.1530   0.0000   0.0000   0.0000   0.2984
  11.500   1.6083   0.04729   0.03851  -0.0980  0.1520  1.0000  -4.3581   0.0000   0.0000   0.0000   0.2937
  12.000   1.6131   0.05103   0.04260  -0.0929  0.1411  1.0000  -4.5725   0.0000   0.0000   0.0000   0.2894
  12.500   1.6147   0.05562   0.04758  -0.0885  0.1319  1.0000  -4.7659   0.0000   0.0000   0.0000   0.2857
  13.000   1.6122   0.06098   0.05333  -0.0849  0.1240  1.0000  -4.9369   0.0000   0.0000   0.0000   0.2826
  13.500   1.6101   0.06659   0.05921  -0.0822  0.1168  1.0000  -5.1106   0.0000   0.0000   0.0000   0.2799
  14.000   1.5871   0.07494   0.06810  -0.0808  0.1105  1.0000  -5.1658   0.0000   0.0000   0.0000   0.2788
  14.500   1.5629   0.08416   0.07773  -0.0813  0.1048  1.0000  -5.2076   0.0000   0.0000   0.0000   0.2789
  15.000   1.5247   0.09649   0.09053  -0.0851  0.0999  1.0000  -5.1501   0.0000   0.0000   0.0000   0.2817
  15.500   1.4900   0.10968   0.10405  -0.0910  0.0957  1.0000  -5.0832   0.0000   0.0000   0.0000   0.2859
  16.000   1.3108   0.16016   0.15499  -0.1259  0.0975  1.0000  -3.7979   0.0000   0.0000   0.0000   0.3214
  16.500   1.2503   0.18955   0.18429  -0.1461  0.0893  1.0000  -3.1614   0.0000   0.0000   0.0000   0.3426
  17.000   1.2481   0.20145   0.19623  -0.1536  0.0846  1.0000  -3.0713   0.0000   0.0000   0.0000   0.3481
  17.500   1.2475   0.21324   0.20808  -0.1614  0.0792  1.0000  -2.9550   0.0000   0.0000   0.0000   0.3537
  18.000   1.2506   0.22354   0.21841  -0.1684  0.0723  1.0000  -2.8619   0.0000   0.0000   0.0000   0.3583
  18.500   1.2717   0.22724   0.22218  -0.1698  0.0663  1.0000  -3.0166   0.0000   0.0000   0.0000   0.3558
  19.000   1.2641   0.24339   0.23829  -0.1815  0.0636  1.0000  -2.6376   0.0000   0.0000   0.0000   0.3655
  19.500   1.2708   0.25390   0.24880  -0.1887  0.0631  1.0000  -2.4804   0.0000   0.0000   0.0000   0.3697
  20.000   1.2827   0.26302   0.25797  -0.1943  0.0648  1.0000  -2.3925   0.0000   0.0000   0.0000   0.3718


