xflr5 v6.61

 Calculated polar for: E63_16_00

 1 1 Reynolds number fixed          Mach number fixed         

 xtrf =   1.000 (top)        1.000 (bottom)
 Mach =   0.200     Re =     0.025 e 6     Ncrit =   9.000

  alpha     CL        CD       CDp       Cm    Top Xtr Bot Xtr   Cpmin    Chinge    XCp    
 ------- -------- --------- --------- -------- ------- ------- -------- --------- ---------
 -20.000  -0.4599   0.25008   0.23711  -0.0101  1.0000  0.1813  -1.3020   0.0000   0.0000   0.0000   0.1888
 -19.500  -0.4454   0.24519   0.23231  -0.0122  1.0000  0.1872  -1.2985   0.0000   0.0000   0.0000   0.1837
 -19.000  -0.4357   0.24316   0.23036  -0.0146  1.0000  0.1950  -1.3100   0.0000   0.0000   0.0000   0.1786
 -18.500  -0.4155   0.23522   0.22250  -0.0158  1.0000  0.2033  -1.2829   0.0000   0.0000   0.0000   0.1737
 -18.000  -0.4015   0.23005   0.21739  -0.0175  1.0000  0.2093  -1.2795   0.0000   0.0000   0.0000   0.1684
 -17.500  -0.3932   0.22774   0.21518  -0.0194  1.0000  0.2169  -1.2929   0.0000   0.0000   0.0000   0.1636
 -17.000  -0.3741   0.22016   0.20768  -0.0203  1.0000  0.2259  -1.2712   0.0000   0.0000   0.0000   0.1582
 -16.500  -0.3594   0.21444   0.20207  -0.0214  1.0000  0.2351  -1.2834   0.0000   0.0000   0.0000   0.1531
 -16.000  -0.3483   0.21015   0.19788  -0.0223  1.0000  0.2482  -1.3013   0.0000   0.0000   0.0000   0.1489
 -15.500  -0.3362   0.20520   0.19304  -0.0231  1.0000  0.2595  -1.3143   0.0000   0.0000   0.0000   0.1447
 -15.000  -0.3222   0.19945   0.18738  -0.0236  1.0000  0.2695  -1.3175   0.0000   0.0000   0.0000   0.1399
 -14.500  -0.3094   0.19405   0.18207  -0.0241  1.0000  0.2795  -1.3160   0.0000   0.0000   0.0000   0.1356
 -14.000  -0.2974   0.18889   0.17697  -0.0243  1.0000  0.2899  -1.3085   0.0000   0.0000   0.0000   0.1318
 -13.500  -0.2864   0.18403   0.17222  -0.0244  1.0000  0.3015  -1.2957   0.0000   0.0000   0.0000   0.1289
 -13.000  -0.2801   0.18038   0.16869  -0.0241  1.0000  0.3150  -1.2863   0.0000   0.0000   0.0000   0.1287
 -12.500  -0.2695   0.17527   0.16371  -0.0237  1.0000  0.3277  -1.2612   0.0000   0.0000   0.0000   0.1273
 -12.000  -0.2562   0.16958   0.15814  -0.0231  1.0000  0.3404  -1.2252   0.0000   0.0000   0.0000   0.1251
 -11.500  -0.2451   0.16449   0.15317  -0.0222  1.0000  0.3537  -1.1895   0.0000   0.0000   0.0000   0.1247
 -11.000  -0.2380   0.16017   0.14899  -0.0211  1.0000  0.3680  -1.1583   0.0000   0.0000   0.0000   0.1276
 -10.500  -0.2378   0.15701   0.14601  -0.0195  1.0000  0.3816  -1.1385   0.0000   0.0000   0.0000   0.1358
 -10.000  -0.2212   0.15069   0.13978  -0.0181  1.0000  0.3989  -1.0795   0.0000   0.0000   0.0000   0.1357
  -9.500  -0.2146   0.14626   0.13552  -0.0160  1.0000  0.4186  -1.0384   0.0000   0.0000   0.0000   0.1439
  -9.000  -0.2087   0.14190   0.13135  -0.0136  1.0000  0.4401  -0.9959   0.0000   0.0000   0.0000   0.1544
  -8.500  -0.2035   0.13760   0.12724  -0.0109  1.0000  0.4620  -0.9774   0.0000   0.0000   0.0000   0.1671
  -8.000  -0.1985   0.13329   0.12313  -0.0080  1.0000  0.4847  -0.9781   0.0000   0.0000   0.0000   0.1817
  -7.500  -0.1959   0.12933   0.11937  -0.0046  1.0000  0.5105  -0.9793   0.0000   0.0000   0.0000   0.2000
  -7.000  -0.1925   0.12516   0.11542  -0.0010  1.0000  0.5383  -0.9780   0.0000   0.0000   0.0000   0.2196
  -6.500  -0.1868   0.12092   0.11139   0.0029  1.0000  0.5759  -0.9708   0.0000   0.0000   0.0000   0.2416
  -6.000  -0.1768   0.11630   0.10694   0.0069  1.0000  0.6267  -0.9567   0.0000   0.0000   0.0000   0.2660
  -5.500  -0.1673   0.11205   0.10288   0.0113  1.0000  0.6885  -0.9425   0.0000   0.0000   0.0000   0.2952
  -5.000   0.0799   0.08852   0.07871  -0.0264  1.0000  1.0000  -0.7915   0.0000   0.0000   0.0000   0.6246
  -4.500   0.0796   0.08629   0.07668  -0.0239  1.0000  1.0000  -0.8039   0.0000   0.0000   0.0000   0.5907
  -4.000   0.0766   0.08444   0.07506  -0.0213  1.0000  1.0000  -0.8147   0.0000   0.0000   0.0000   0.5641
  -3.500   0.0712   0.08298   0.07382  -0.0185  1.0000  1.0000  -0.8244   0.0000   0.0000   0.0000   0.5440
  -3.000   0.0636   0.08185   0.07291  -0.0158  1.0000  1.0000  -0.8330   0.0000   0.0000   0.0000   0.5301
  -2.500   0.0109   0.08292   0.07435  -0.0035  1.0000  0.9805  -0.8677   0.0000   0.0000   0.0000   0.7312
  -2.000  -0.1177   0.08685   0.07880   0.0219  1.0000  0.8997  -0.9599   0.0000   0.0000   0.0000   0.4226
  -1.000  -0.3725   0.08444   0.07674   0.0182  1.0000  0.4817  -1.3591   0.0000   0.0000   0.0000   0.2949
  -0.500  -0.3218   0.07808   0.07010   0.0007  1.0000  0.4578  -1.3725   0.0000   0.0000   0.0000   0.2482
   0.000  -0.2646   0.07345   0.06522  -0.0133  1.0000  0.4501  -1.3456   0.0000   0.0000   0.0000   0.1958
   0.500  -0.2102   0.07079   0.06233  -0.0239  1.0000  0.4609  -1.2919   0.0000   0.0000   0.0000   0.1325
   1.000  -0.1575   0.06938   0.06067  -0.0329  1.0000  0.4748  -1.2247   0.0000   0.0000   0.0000   0.0374
   1.500  -0.1065   0.06920   0.06030  -0.0406  1.0000  0.4968  -1.1460   0.0000   0.0000   0.0000  -0.1339
   2.000  -0.0538   0.07008   0.06092  -0.0484  1.0000  0.5243  -1.0597   0.0000   0.0000   0.0000  -0.6493
   2.500  -0.0085   0.07164   0.06230  -0.0537  1.0000  0.5521  -0.9733   0.0000   0.0000   0.0000  -6.0190
   3.000   0.0304   0.07388   0.06448  -0.0570  1.0000  0.5965  -0.8869   0.0000   0.0000   0.0000   2.1051
   3.500   0.0696   0.07658   0.06716  -0.0603  1.0000  0.6473  -0.8022   0.0000   0.0000   0.0000   1.1022
   4.000   0.1046   0.07943   0.07014  -0.0622  1.0000  0.7157  -0.7517   0.0000   0.0000   0.0000   0.8319
   4.500   0.1358   0.08172   0.07299  -0.0622  0.9969  0.8497  -0.7061   0.0000   0.0000   0.0000   0.6956
   5.000   0.2399   0.08969   0.07997  -0.0873  0.9737  1.0000  -0.7205   0.0000   0.0000   0.0000   0.6044
   5.500   0.3034   0.09809   0.08752  -0.0974  0.9511  1.0000  -0.7630   0.0000   0.0000   0.0000   0.5613
   6.000   0.3423   0.10405   0.09307  -0.1019  0.9265  1.0000  -0.7849   0.0000   0.0000   0.0000   0.5377
   6.500   0.3884   0.11143   0.10011  -0.1072  0.9002  1.0000  -0.8121   0.0000   0.0000   0.0000   0.5156
   7.000   0.4212   0.11725   0.10570  -0.1100  0.8739  1.0000  -0.8312   0.0000   0.0000   0.0000   0.5004
   7.500   0.4632   0.12465   0.11288  -0.1141  0.8467  1.0000  -0.8598   0.0000   0.0000   0.0000   0.4851
   8.000   0.4906   0.13003   0.11811  -0.1159  0.8204  1.0000  -0.8796   0.0000   0.0000   0.0000   0.4743
   8.500   0.5265   0.13686   0.12479  -0.1187  0.7937  1.0000  -0.9061   0.0000   0.0000   0.0000   0.4632
   9.000   0.5546   0.14265   0.13047  -0.1205  0.7680  1.0000  -0.9224   0.0000   0.0000   0.0000   0.4543
   9.500   0.5824   0.14846   0.13617  -0.1222  0.7433  1.0000  -0.9433   0.0000   0.0000   0.0000   0.4463
  10.000   0.6154   0.15523   0.14284  -0.1244  0.7177  1.0000  -0.9704   0.0000   0.0000   0.0000   0.4381
  10.500   0.6459   0.16194   0.14948  -0.1265  0.6947  1.0000  -0.9924   0.0000   0.0000   0.0000   0.4311
  11.000   0.6688   0.16706   0.15454  -0.1277  0.6713  1.0000  -1.0101   0.0000   0.0000   0.0000   0.4255
  11.500   0.6984   0.17386   0.16128  -0.1297  0.6507  1.0000  -1.0376   0.0000   0.0000   0.0000   0.4196
  12.000   0.7225   0.17939   0.16678  -0.1312  0.6295  1.0000  -1.0570   0.0000   0.0000   0.0000   0.4147
  12.500   0.7466   0.18490   0.17229  -0.1327  0.6079  1.0000  -1.0742   0.0000   0.0000   0.0000   0.4102
  13.000   0.7646   0.18924   0.17660  -0.1341  0.5901  1.0000  -1.0823   0.0000   0.0000   0.0000   0.4070
  13.500   0.7889   0.19505   0.18238  -0.1359  0.5710  1.0000  -1.1086   0.0000   0.0000   0.0000   0.4031
  14.000   0.8186   0.20257   0.18988  -0.1380  0.5522  1.0000  -1.1405   0.0000   0.0000   0.0000   0.3986
  14.500   0.8334   0.20595   0.19326  -0.1397  0.5362  1.0000  -1.1504   0.0000   0.0000   0.0000   0.3967
  15.000   0.8620   0.21355   0.20086  -0.1419  0.5191  1.0000  -1.1911   0.0000   0.0000   0.0000   0.3929
  15.500   0.8785   0.21712   0.20453  -0.1437  0.5011  1.0000  -1.2105   0.0000   0.0000   0.0000   0.3909
  16.000   0.9051   0.22471   0.21215  -0.1461  0.4870  1.0000  -1.2517   0.0000   0.0000   0.0000   0.3878
  16.500   0.9199   0.22819   0.21563  -0.1483  0.4728  1.0000  -1.2739   0.0000   0.0000   0.0000   0.3867
  17.000   0.9430   0.23420   0.22168  -0.1505  0.4555  1.0000  -1.3094   0.0000   0.0000   0.0000   0.3841
  17.500   0.9663   0.24129   0.22879  -0.1530  0.4426  1.0000  -1.3412   0.0000   0.0000   0.0000   0.3818
  18.000   0.9820   0.24526   0.23280  -0.1556  0.4305  1.0000  -1.3554   0.0000   0.0000   0.0000   0.3809
  18.500   0.9983   0.24916   0.23674  -0.1583  0.4161  1.0000  -1.3682   0.0000   0.0000   0.0000   0.3799
  19.000   1.0197   0.25519   0.24283  -0.1608  0.4013  1.0000  -1.3886   0.0000   0.0000   0.0000   0.3780
  19.500   1.0386   0.26071   0.24848  -0.1637  0.3900  1.0000  -1.3996   0.0000   0.0000   0.0000   0.3768
  20.000   1.0564   0.26589   0.25372  -0.1667  0.3792  1.0000  -1.4054   0.0000   0.0000   0.0000   0.3758


