xflr5 v6.61

 Calculated polar for: E63_7_00

 1 1 Reynolds number fixed          Mach number fixed         

 xtrf =   1.000 (top)        1.000 (bottom)
 Mach =   0.200     Re =     0.090 e 6     Ncrit =   9.000

  alpha     CL        CD       CDp       Cm    Top Xtr Bot Xtr   Cpmin    Chinge    XCp    
 ------- -------- --------- --------- -------- ------- ------- -------- --------- ---------
 -15.000  -0.4566   0.19142   0.18534  -0.0144  1.0000  0.0386  -1.3209   0.0000   0.0000   0.0000   0.2104
 -14.500  -0.4427   0.18525   0.17920  -0.0154  1.0000  0.0402  -1.2915   0.0000   0.0000   0.0000   0.2072
 -14.000  -0.4300   0.17960   0.17359  -0.0168  1.0000  0.0421  -1.2898   0.0000   0.0000   0.0000   0.2031
 -13.500  -0.4184   0.17423   0.16823  -0.0184  1.0000  0.0441  -1.3072   0.0000   0.0000   0.0000   0.1985
 -13.000  -0.4106   0.17048   0.16453  -0.0208  1.0000  0.0456  -1.3729   0.0000   0.0000   0.0000   0.1922
 -12.500  -0.3163   0.15832   0.15290  -0.0248  1.0000  0.0483  -1.1050   0.0000   0.0000   0.0000   0.1664
 -12.000  -0.3098   0.15323   0.14784  -0.0249  1.0000  0.0505  -1.0899   0.0000   0.0000   0.0000   0.1648
 -11.500  -0.3049   0.14831   0.14297  -0.0251  1.0000  0.0529  -1.0939   0.0000   0.0000   0.0000   0.1628
 -11.000  -0.3038   0.14425   0.13896  -0.0259  1.0000  0.0550  -1.1365   0.0000   0.0000   0.0000   0.1600
 -10.500  -0.3116   0.14198   0.13678  -0.0274  1.0000  0.0557  -1.2294   0.0000   0.0000   0.0000   0.1579
 -10.000  -0.2947   0.13299   0.12784  -0.0256  1.0000  0.0574  -1.1286   0.0000   0.0000   0.0000   0.1589
  -9.750  -0.2902   0.12999   0.12488  -0.0249  1.0000  0.0587  -1.0955   0.0000   0.0000   0.0000   0.1597
  -9.500  -0.2875   0.12732   0.12220  -0.0246  1.0000  0.0602  -1.0791   0.0000   0.0000   0.0000   0.1604
  -9.250  -0.2858   0.12478   0.11970  -0.0243  1.0000  0.0617  -1.0723   0.0000   0.0000   0.0000   0.1611
  -9.000  -0.2854   0.12241   0.11737  -0.0241  1.0000  0.0634  -1.0761   0.0000   0.0000   0.0000   0.1617
  -8.750  -0.2882   0.12060   0.11561  -0.0242  1.0000  0.0648  -1.1115   0.0000   0.0000   0.0000   0.1621
  -8.500  -0.2953   0.11951   0.11459  -0.0246  1.0000  0.0654  -1.1719   0.0000   0.0000   0.0000   0.1632
  -8.250  -0.3048   0.11867   0.11383  -0.0249  1.0000  0.0657  -1.2370   0.0000   0.0000   0.0000   0.1653
  -8.000  -0.2863   0.11238   0.10756  -0.0225  1.0000  0.0678  -1.1388   0.0000   0.0000   0.0000   0.1682
  -7.750  -0.2837   0.10971   0.10493  -0.0214  1.0000  0.0702  -1.1225   0.0000   0.0000   0.0000   0.1715
  -7.500  -0.2850   0.10753   0.10280  -0.0206  1.0000  0.0725  -1.1347   0.0000   0.0000   0.0000   0.1746
  -7.250  -0.2914   0.10602   0.10136  -0.0202  1.0000  0.0745  -1.1751   0.0000   0.0000   0.0000   0.1780
  -7.000  -0.3040   0.10536   0.10080  -0.0197  1.0000  0.0753  -1.2376   0.0000   0.0000   0.0000   0.1828
  -6.750  -0.3198   0.10495   0.10048  -0.0185  1.0000  0.0756  -1.2997   0.0000   0.0000   0.0000   0.1899
  -6.500  -0.3009   0.09893   0.09448  -0.0166  1.0000  0.0780  -1.2157   0.0000   0.0000   0.0000   0.1925
  -6.000  -0.3077   0.09475   0.09043  -0.0131  1.0000  0.0820  -1.2167   0.0000   0.0000   0.0000   0.2055
  -5.750  -0.3576   0.09757   0.09299  -0.0131  1.0000  0.0789  -1.4031   0.0000   0.0000   0.0000   0.2104
  -5.500  -0.3281   0.09211   0.08794  -0.0116  1.0000  0.0854  -1.2966   0.0000   0.0000   0.0000   0.2132
  -5.250  -0.3565   0.09318   0.08872  -0.0137  1.0000  0.0843  -1.4291   0.0000   0.0000   0.0000   0.2091
  -4.750  -0.3475   0.08758   0.08324  -0.0187  1.0000  0.0878  -1.4968   0.0000   0.0000   0.0000   0.1937
  -4.500  -0.3427   0.08487   0.08057  -0.0167  1.0000  0.0904  -1.4591   0.0000   0.0000   0.0000   0.1989
  -4.250  -0.3309   0.08202   0.07774  -0.0205  1.0000  0.0951  -1.4775   0.0000   0.0000   0.0000   0.1856
  -4.000  -0.3121   0.07818   0.07391  -0.0275  1.0000  0.0983  -1.5230   0.0000   0.0000   0.0000   0.1594
  -3.750  -0.3053   0.07554   0.07131  -0.0255  1.0000  0.1014  -1.4786   0.0000   0.0000   0.0000   0.1641
  -3.250  -0.2280   0.06690   0.06245  -0.0487  1.0000  0.1189  -1.5492   0.0000   0.0000   0.0000   0.0334
  -3.000  -0.2409   0.06100   0.05705  -0.0347  1.0000  0.1202  -1.3873   0.0000   0.0000   0.0000   0.1044
  -2.750  -0.2055   0.05688   0.05284  -0.0434  1.0000  0.1303  -1.3882   0.0000   0.0000   0.0000   0.0367
  -2.500  -0.1970   0.05431   0.05033  -0.0412  1.0000  0.1346  -1.3298   0.0000   0.0000   0.0000   0.0391
  -1.750   0.1244   0.03223   0.02504  -0.1117  1.0000  0.0757  -1.8306   0.0000   0.0000   0.0000   1.1518
  -1.500   0.1725   0.02944   0.02179  -0.1163  1.0000  0.0742  -1.7522   0.0000   0.0000   0.0000   0.9268
  -1.250   0.2181   0.02754   0.01916  -0.1196  1.0000  0.0756  -1.7373   0.0000   0.0000   0.0000   0.8005
  -1.000   0.2549   0.02635   0.01784  -0.1215  1.0000  0.0829  -1.6625   0.0000   0.0000   0.0000   0.7281
  -0.750   0.2903   0.02553   0.01692  -0.1231  1.0000  0.1029  -1.5985   0.0000   0.0000   0.0000   0.6747
  -0.500   0.3224   0.02523   0.01664  -0.1243  1.0000  0.1385  -1.4844   0.0000   0.0000   0.0000   0.6357
  -0.250   0.3514   0.02531   0.01691  -0.1253  1.0000  0.1966  -1.3253   0.0000   0.0000   0.0000   0.6066
   0.000   0.4043   0.02524   0.01727  -0.1305  0.9927  0.3281  -1.0768   0.0000   0.0000   0.0000   0.5725
   0.250   0.4541   0.02483   0.01767  -0.1347  0.9865  0.5538  -0.8514   0.0000   0.0000   0.0000   0.5459
   0.500   0.4857   0.02415   0.01759  -0.1348  0.9735  1.0000  -0.7047   0.0000   0.0000   0.0000   0.5266
   0.750   0.5341   0.02456   0.01765  -0.1389  0.9620  1.0000  -0.6198   0.0000   0.0000   0.0000   0.5088
   1.000   0.5802   0.02480   0.01766  -0.1425  0.9499  1.0000  -0.6629   0.0000   0.0000   0.0000   0.4940
   1.250   0.6231   0.02492   0.01763  -0.1453  0.9365  1.0000  -0.7060   0.0000   0.0000   0.0000   0.4813
   1.500   0.6685   0.02492   0.01752  -0.1484  0.9241  1.0000  -0.7532   0.0000   0.0000   0.0000   0.4699
   1.750   0.7153   0.02474   0.01726  -0.1515  0.9118  1.0000  -0.8069   0.0000   0.0000   0.0000   0.4594
   2.000   0.7634   0.02437   0.01684  -0.1546  0.8998  1.0000  -0.8676   0.0000   0.0000   0.0000   0.4498
   2.250   0.8027   0.02404   0.01650  -0.1560  0.8840  1.0000  -0.9251   0.0000   0.0000   0.0000   0.4414
   2.500   0.8485   0.02343   0.01593  -0.1582  0.8708  1.0000  -0.9904   0.0000   0.0000   0.0000   0.4333
   2.750   0.8961   0.02259   0.01513  -0.1605  0.8584  1.0000  -1.0622   0.0000   0.0000   0.0000   0.4257
   3.000   0.9452   0.02149   0.01409  -0.1627  0.8463  1.0000  -1.1443   0.0000   0.0000   0.0000   0.4184
   3.250   0.9861   0.02063   0.01332  -0.1635  0.8284  1.0000  -1.2212   0.0000   0.0000   0.0000   0.4118
   3.500   1.0352   0.01950   0.01228  -0.1655  0.8108  1.0000  -1.3132   0.0000   0.0000   0.0000   0.4056
   3.750   1.0845   0.01854   0.01139  -0.1676  0.7873  1.0000  -1.4154   0.0000   0.0000   0.0000   0.4001
   4.000   1.1322   0.01778   0.01070  -0.1696  0.7559  1.0000  -1.5440   0.0000   0.0000   0.0000   0.3949
   4.250   1.1761   0.01738   0.01023  -0.1709  0.7154  1.0000  -1.6684   0.0000   0.0000   0.0000   0.3902
   4.500   1.2103   0.01746   0.01017  -0.1707  0.6681  1.0000  -1.7773   0.0000   0.0000   0.0000   0.3856
   4.750   1.2397   0.01782   0.01031  -0.1698  0.6191  1.0000  -1.8790   0.0000   0.0000   0.0000   0.3812
   5.000   1.2638   0.01841   0.01075  -0.1681  0.5703  1.0000  -2.0225   0.0000   0.0000   0.0000   0.3769
   5.250   1.2854   0.01915   0.01125  -0.1660  0.5237  1.0000  -2.1727   0.0000   0.0000   0.0000   0.3728
   5.500   1.3056   0.01998   0.01185  -0.1639  0.4799  1.0000  -2.3206   0.0000   0.0000   0.0000   0.3688
   5.750   1.3249   0.02089   0.01255  -0.1617  0.4392  1.0000  -2.4680   0.0000   0.0000   0.0000   0.3650
   6.000   1.3438   0.02187   0.01333  -0.1596  0.4017  1.0000  -2.6358   0.0000   0.0000   0.0000   0.3613
   6.250   1.3616   0.02287   0.01412  -0.1573  0.3663  1.0000  -2.8094   0.0000   0.0000   0.0000   0.3578
   6.500   1.3778   0.02383   0.01494  -0.1548  0.3322  1.0000  -2.9803   0.0000   0.0000   0.0000   0.3543
   6.750   1.3935   0.02482   0.01579  -0.1523  0.3011  1.0000  -3.1526   0.0000   0.0000   0.0000   0.3509
   7.000   1.4083   0.02577   0.01681  -0.1497  0.2717  1.0000  -3.3234   0.0000   0.0000   0.0000   0.3476
   7.250   1.4232   0.02679   0.01772  -0.1473  0.2463  1.0000  -3.4979   0.0000   0.0000   0.0000   0.3444
   7.500   1.4386   0.02784   0.01878  -0.1449  0.2230  1.0000  -3.6727   0.0000   0.0000   0.0000   0.3412
   7.750   1.4543   0.02899   0.01991  -0.1426  0.2028  1.0000  -3.8486   0.0000   0.0000   0.0000   0.3382
   8.000   1.4701   0.03023   0.02122  -0.1403  0.1837  1.0000  -4.0203   0.0000   0.0000   0.0000   0.3353
   8.250   1.4833   0.03151   0.02258  -0.1377  0.1645  1.0000  -4.1806   0.0000   0.0000   0.0000   0.3323
   8.500   1.4930   0.03286   0.02396  -0.1345  0.1455  1.0000  -4.3240   0.0000   0.0000   0.0000   0.3292
   8.750   1.5018   0.03453   0.02557  -0.1313  0.1279  1.0000  -4.4520   0.0000   0.0000   0.0000   0.3261
   9.000   1.5076   0.03628   0.02741  -0.1277  0.1097  1.0000  -4.5536   0.0000   0.0000   0.0000   0.3230
   9.250   1.5154   0.03856   0.02973  -0.1245  0.0943  1.0000  -4.6344   0.0000   0.0000   0.0000   0.3201
   9.500   1.5259   0.04112   0.03238  -0.1217  0.0820  1.0000  -4.7011   0.0000   0.0000   0.0000   0.3173
   9.750   1.5420   0.04403   0.03544  -0.1197  0.0736  1.0000  -4.7776   0.0000   0.0000   0.0000   0.3148
  10.000   1.5590   0.04683   0.03834  -0.1181  0.0679  1.0000  -4.8753   0.0000   0.0000   0.0000   0.3125
  10.250   1.5708   0.05003   0.04188  -0.1158  0.0637  1.0000  -4.9825   0.0000   0.0000   0.0000   0.3101
  10.500   1.5754   0.05265   0.04479  -0.1127  0.0601  1.0000  -5.0858   0.0000   0.0000   0.0000   0.3076
  10.750   1.5900   0.05596   0.04805  -0.1116  0.0568  1.0000  -5.2543   0.0000   0.0000   0.0000   0.3058
  11.000   1.5848   0.05942   0.05203  -0.1077  0.0559  1.0000  -5.2769   0.0000   0.0000   0.0000   0.3032
  11.250   1.5760   0.06324   0.05631  -0.1039  0.0553  1.0000  -5.2833   0.0000   0.0000   0.0000   0.3008
  11.500   1.5632   0.06735   0.06083  -0.1004  0.0549  1.0000  -5.2733   0.0000   0.0000   0.0000   0.2988
  11.750   1.5472   0.07178   0.06566  -0.0975  0.0546  1.0000  -5.2483   0.0000   0.0000   0.0000   0.2971
  12.000   1.5282   0.07660   0.07083  -0.0952  0.0545  1.0000  -5.2087   0.0000   0.0000   0.0000   0.2961
  12.250   1.5069   0.08189   0.07645  -0.0939  0.0545  1.0000  -5.1548   0.0000   0.0000   0.0000   0.2957
  12.500   1.4838   0.08771   0.08258  -0.0938  0.0546  1.0000  -5.0868   0.0000   0.0000   0.0000   0.2962
  12.750   1.4594   0.09415   0.08930  -0.0950  0.0548  1.0000  -5.0043   0.0000   0.0000   0.0000   0.2976
  13.000   1.4343   0.10129   0.09668  -0.0975  0.0550  1.0000  -4.9065   0.0000   0.0000   0.0000   0.3001
  13.250   1.4090   0.10919   0.10480  -0.1015  0.0554  1.0000  -4.7918   0.0000   0.0000   0.0000   0.3038
  13.500   1.3841   0.11789   0.11368  -0.1068  0.0558  1.0000  -4.6590   0.0000   0.0000   0.0000   0.3085
  13.750   1.3607   0.12733   0.12325  -0.1132  0.0563  1.0000  -4.5090   0.0000   0.0000   0.0000   0.3142
  14.000   1.3404   0.13712   0.13313  -0.1199  0.0567  1.0000  -4.3501   0.0000   0.0000   0.0000   0.3202


