xflr5 v6.61

 Calculated polar for: E63_12_00

 1 1 Reynolds number fixed          Mach number fixed         

 xtrf =   1.000 (top)        1.000 (bottom)
 Mach =   0.200     Re =     0.090 e 6     Ncrit =   9.000

  alpha     CL        CD       CDp       Cm    Top Xtr Bot Xtr   Cpmin    Chinge    XCp    
 ------- -------- --------- --------- -------- ------- ------- -------- --------- ---------
 -20.000  -0.5224   0.24362   0.23696  -0.0024  1.0000  0.0502  -1.3404   0.0000   0.0000   0.0000   0.2208
 -19.500  -0.5071   0.23835   0.23172  -0.0049  1.0000  0.0523  -1.3405   0.0000   0.0000   0.0000   0.2162
 -19.000  -0.4928   0.23339   0.22679  -0.0077  1.0000  0.0544  -1.3609   0.0000   0.0000   0.0000   0.2107
 -18.500  -0.4827   0.23038   0.22382  -0.0114  1.0000  0.0555  -1.4311   0.0000   0.0000   0.0000   0.2032
 -17.500  -0.4513   0.21700   0.21050  -0.0147  1.0000  0.0571  -1.3958   0.0000   0.0000   0.0000   0.1949
 -17.000  -0.4349   0.21110   0.20464  -0.0159  1.0000  0.0590  -1.3496   0.0000   0.0000   0.0000   0.1913
 -16.500  -0.4205   0.20570   0.19928  -0.0175  1.0000  0.0614  -1.3314   0.0000   0.0000   0.0000   0.1865
 -16.000  -0.4082   0.20062   0.19425  -0.0196  1.0000  0.0642  -1.3408   0.0000   0.0000   0.0000   0.1806
 -15.500  -0.4053   0.19824   0.19194  -0.0231  1.0000  0.0656  -1.4302   0.0000   0.0000   0.0000   0.1723
 -15.000  -0.3878   0.19005   0.18381  -0.0235  1.0000  0.0667  -1.3816   0.0000   0.0000   0.0000   0.1688
 -14.500  -0.3705   0.18364   0.17745  -0.0235  1.0000  0.0691  -1.3099   0.0000   0.0000   0.0000   0.1661
 -14.000  -0.3592   0.17853   0.17239  -0.0246  1.0000  0.0734  -1.2961   0.0000   0.0000   0.0000   0.1613
 -13.500  -0.3713   0.17851   0.17247  -0.0289  1.0000  0.0757  -1.4464   0.0000   0.0000   0.0000   0.1539
 -13.000  -0.3394   0.16736   0.16134  -0.0264  1.0000  0.0785  -1.3100   0.0000   0.0000   0.0000   0.1529
 -12.500  -0.3283   0.16197   0.15601  -0.0267  1.0000  0.0821  -1.3038   0.0000   0.0000   0.0000   0.1499
 -12.000  -0.3280   0.15802   0.15214  -0.0285  1.0000  0.0858  -1.3761   0.0000   0.0000   0.0000   0.1454
 -11.500  -0.3276   0.15299   0.14722  -0.0296  1.0000  0.0870  -1.4362   0.0000   0.0000   0.0000   0.1428
 -11.000  -0.3073   0.14581   0.14008  -0.0276  1.0000  0.0899  -1.3506   0.0000   0.0000   0.0000   0.1430
 -10.500  -0.3015   0.14082   0.13518  -0.0274  1.0000  0.0942  -1.3538   0.0000   0.0000   0.0000   0.1427
 -10.000  -0.3216   0.13876   0.13326  -0.0296  1.0000  0.0970  -1.4978   0.0000   0.0000   0.0000   0.1435
  -9.750  -0.3117   0.13433   0.12887  -0.0285  1.0000  0.0977  -1.4646   0.0000   0.0000   0.0000   0.1439
  -9.500  -0.2989   0.13054   0.12511  -0.0269  1.0000  0.0993  -1.4022   0.0000   0.0000   0.0000   0.1454
  -9.250  -0.2944   0.12795   0.12256  -0.0259  1.0000  0.1012  -1.3820   0.0000   0.0000   0.0000   0.1475
  -9.000  -0.2937   0.12563   0.12030  -0.0254  1.0000  0.1036  -1.3833   0.0000   0.0000   0.0000   0.1497
  -8.750  -0.3001   0.12386   0.11859  -0.0254  1.0000  0.1064  -1.4224   0.0000   0.0000   0.0000   0.1521
  -8.500  -0.3206   0.12336   0.11820  -0.0263  1.0000  0.1075  -1.5235   0.0000   0.0000   0.0000   0.1560
  -8.250  -0.3169   0.11982   0.11471  -0.0252  1.0000  0.1084  -1.5115   0.0000   0.0000   0.0000   0.1590
  -8.000  -0.3031   0.11628   0.11116  -0.0229  1.0000  0.1104  -1.4411   0.0000   0.0000   0.0000   0.1626
  -7.750  -0.3019   0.11402   0.10896  -0.0216  1.0000  0.1129  -1.4285   0.0000   0.0000   0.0000   0.1672
  -7.500  -0.3080   0.11218   0.10718  -0.0207  1.0000  0.1160  -1.4496   0.0000   0.0000   0.0000   0.1721
  -7.250  -0.3296   0.11137   0.10649  -0.0204  1.0000  0.1181  -1.5334   0.0000   0.0000   0.0000   0.1784
  -7.000  -0.3565   0.11086   0.10609  -0.0195  1.0000  0.1186  -1.6254   0.0000   0.0000   0.0000   0.1867
  -6.750  -0.3321   0.10604   0.10128  -0.0171  1.0000  0.1208  -1.5263   0.0000   0.0000   0.0000   0.1898
  -6.500  -0.3324   0.10397   0.09927  -0.0150  1.0000  0.1238  -1.5101   0.0000   0.0000   0.0000   0.1965
  -6.250  -0.3459   0.10258   0.09797  -0.0131  1.0000  0.1267  -1.5415   0.0000   0.0000   0.0000   0.2043
  -6.000  -0.3724   0.10191   0.09741  -0.0113  1.0000  0.1285  -1.6132   0.0000   0.0000   0.0000   0.2129
  -5.750  -0.3960   0.09994   0.09554  -0.0151  1.0000  0.1295  -1.7354   0.0000   0.0000   0.0000   0.2055
  -5.500  -0.3816   0.09685   0.09248  -0.0086  1.0000  0.1323  -1.6424   0.0000   0.0000   0.0000   0.2213
  -5.250  -0.3854   0.09473   0.09042  -0.0077  1.0000  0.1369  -1.6662   0.0000   0.0000   0.0000   0.2241
  -4.250  -0.3683   0.07201   0.06758  -0.0344  1.0000  0.1178  -2.1410   0.0000   0.0000   0.0000   0.1508
  -4.000  -0.3201   0.07010   0.06561  -0.0426  0.9904  0.1412  -1.9996   0.0000   0.0000   0.0000   0.1107
  -3.750  -0.2773   0.06567   0.06107  -0.0503  0.9819  0.1428  -1.9366   0.0000   0.0000   0.0000   0.0619
  -3.500  -0.1513   0.04056   0.03404  -0.0948  0.9839  0.1178  -2.3023   0.0000   0.0000   0.0000  -0.3911
  -3.250  -0.1068   0.04034   0.03382  -0.0986  0.9749  0.1274  -2.1042   0.0000   0.0000   0.0000  -0.6922
  -3.000  -0.0414   0.03595   0.02853  -0.1085  0.9705  0.1307  -2.0017   0.0000   0.0000   0.0000  -2.4148
  -2.750   0.0058   0.03458   0.02690  -0.1127  0.9621  0.1367  -1.8459   0.0000   0.0000   0.0000  19.9388
  -2.500   0.0535   0.03322   0.02523  -0.1169  0.9537  0.1457  -1.6959   0.0000   0.0000   0.0000   2.4677
  -2.250   0.0995   0.03238   0.02416  -0.1205  0.9448  0.1593  -1.6049   0.0000   0.0000   0.0000   1.4758
  -2.000   0.1435   0.03196   0.02369  -0.1236  0.9352  0.1766  -1.5037   0.0000   0.0000   0.0000   1.1201
  -1.750   0.1872   0.03166   0.02334  -0.1265  0.9254  0.1971  -1.3969   0.0000   0.0000   0.0000   0.9311
  -1.500   0.2318   0.03115   0.02274  -0.1293  0.9157  0.2159  -1.2936   0.0000   0.0000   0.0000   0.8116
  -1.250   0.2754   0.03062   0.02225  -0.1319  0.9057  0.2344  -1.1862   0.0000   0.0000   0.0000   0.7312
  -1.000   0.3195   0.03003   0.02166  -0.1344  0.8957  0.2542  -1.0936   0.0000   0.0000   0.0000   0.6721
  -0.750   0.3633   0.02942   0.02106  -0.1368  0.8856  0.2757  -1.0029   0.0000   0.0000   0.0000   0.6271
  -0.500   0.4068   0.02878   0.02047  -0.1390  0.8754  0.2997  -0.9110   0.0000   0.0000   0.0000   0.5915
  -0.250   0.4514   0.02805   0.01978  -0.1412  0.8655  0.3270  -0.8192   0.0000   0.0000   0.0000   0.5621
   0.000   0.4999   0.02714   0.01900  -0.1439  0.8571  0.3605  -0.7978   0.0000   0.0000   0.0000   0.5365
   0.250   0.5430   0.02626   0.01830  -0.1455  0.8465  0.3969  -0.8429   0.0000   0.0000   0.0000   0.5163
   0.500   0.5868   0.02525   0.01746  -0.1471  0.8360  0.4398  -0.8908   0.0000   0.0000   0.0000   0.4985
   0.750   0.6310   0.02413   0.01656  -0.1486  0.8256  0.4967  -0.9399   0.0000   0.0000   0.0000   0.4829
   1.000   0.6755   0.02292   0.01565  -0.1498  0.8151  0.5750  -0.9916   0.0000   0.0000   0.0000   0.4689
   1.250   0.7175   0.02157   0.01473  -0.1503  0.8042  0.6902  -1.0433   0.0000   0.0000   0.0000   0.4563
   1.500   0.7483   0.01986   0.01349  -0.1482  0.7925  1.0000  -1.0885   0.0000   0.0000   0.0000   0.4444
   1.750   0.7951   0.01935   0.01271  -0.1507  0.7751  1.0000  -1.1479   0.0000   0.0000   0.0000   0.4356
   2.000   0.8534   0.01862   0.01175  -0.1549  0.7590  1.0000  -1.2244   0.0000   0.0000   0.0000   0.4273
   2.250   0.9009   0.01822   0.01114  -0.1574  0.7380  1.0000  -1.2915   0.0000   0.0000   0.0000   0.4201
   2.500   0.9390   0.01812   0.01086  -0.1582  0.7134  1.0000  -1.3500   0.0000   0.0000   0.0000   0.4136
   2.750   0.9762   0.01813   0.01066  -0.1589  0.6877  1.0000  -1.4082   0.0000   0.0000   0.0000   0.4076
   3.000   1.0128   0.01824   0.01055  -0.1596  0.6620  1.0000  -1.4663   0.0000   0.0000   0.0000   0.4020
   3.250   1.0408   0.01854   0.01066  -0.1588  0.6352  1.0000  -1.5192   0.0000   0.0000   0.0000   0.3967
   3.500   1.0701   0.01888   0.01079  -0.1583  0.6095  1.0000  -1.5753   0.0000   0.0000   0.0000   0.3917
   3.750   1.0985   0.01930   0.01097  -0.1576  0.5848  1.0000  -1.6336   0.0000   0.0000   0.0000   0.3870
   4.000   1.1228   0.01978   0.01131  -0.1563  0.5603  1.0000  -1.6872   0.0000   0.0000   0.0000   0.3824
   4.250   1.1473   0.02030   0.01166  -0.1551  0.5371  1.0000  -1.7415   0.0000   0.0000   0.0000   0.3780
   4.500   1.1715   0.02085   0.01203  -0.1539  0.5150  1.0000  -1.7957   0.0000   0.0000   0.0000   0.3738
   4.750   1.1954   0.02143   0.01245  -0.1526  0.4940  1.0000  -1.8516   0.0000   0.0000   0.0000   0.3698
   5.000   1.2196   0.02204   0.01289  -0.1514  0.4743  1.0000  -1.9107   0.0000   0.0000   0.0000   0.3660
   5.250   1.2424   0.02267   0.01343  -0.1500  0.4553  1.0000  -1.9682   0.0000   0.0000   0.0000   0.3622
   5.500   1.2643   0.02333   0.01400  -0.1485  0.4371  1.0000  -2.0245   0.0000   0.0000   0.0000   0.3586
   5.750   1.2888   0.02401   0.01449  -0.1475  0.4205  1.0000  -2.0883   0.0000   0.0000   0.0000   0.3552
   6.000   1.3095   0.02473   0.01517  -0.1458  0.4040  1.0000  -2.1480   0.0000   0.0000   0.0000   0.3518
   6.250   1.3335   0.02546   0.01578  -0.1448  0.3893  1.0000  -2.2135   0.0000   0.0000   0.0000   0.3486
   6.500   1.3561   0.02625   0.01650  -0.1435  0.3753  1.0000  -2.2767   0.0000   0.0000   0.0000   0.3455
   6.750   1.3774   0.02705   0.01728  -0.1420  0.3617  1.0000  -2.3379   0.0000   0.0000   0.0000   0.3424
   7.000   1.3993   0.02787   0.01813  -0.1407  0.3489  1.0000  -2.4007   0.0000   0.0000   0.0000   0.3395
   7.250   1.4214   0.02870   0.01892  -0.1394  0.3368  1.0000  -2.4640   0.0000   0.0000   0.0000   0.3366
   7.500   1.4432   0.02957   0.01975  -0.1380  0.3253  1.0000  -2.5330   0.0000   0.0000   0.0000   0.3339
   7.750   1.4645   0.03048   0.02064  -0.1367  0.3145  1.0000  -2.6191   0.0000   0.0000   0.0000   0.3311
   8.000   1.4851   0.03143   0.02160  -0.1352  0.3042  1.0000  -2.7043   0.0000   0.0000   0.0000   0.3284
   8.250   1.5055   0.03244   0.02263  -0.1337  0.2946  1.0000  -2.7893   0.0000   0.0000   0.0000   0.3258
   8.500   1.5262   0.03348   0.02369  -0.1323  0.2856  1.0000  -2.8757   0.0000   0.0000   0.0000   0.3233
   8.750   1.5484   0.03450   0.02468  -0.1311  0.2770  1.0000  -2.9665   0.0000   0.0000   0.0000   0.3209
   9.000   1.5704   0.03552   0.02567  -0.1299  0.2687  1.0000  -3.0578   0.0000   0.0000   0.0000   0.3186
   9.250   1.5835   0.03675   0.02709  -0.1274  0.2609  1.0000  -3.1283   0.0000   0.0000   0.0000   0.3159
   9.500   1.6022   0.03799   0.02846  -0.1258  0.2538  1.0000  -3.2118   0.0000   0.0000   0.0000   0.3136
   9.750   1.6280   0.03907   0.02945  -0.1253  0.2466  1.0000  -3.3138   0.0000   0.0000   0.0000   0.3116
  10.000   1.6330   0.04053   0.03120  -0.1216  0.2400  1.0000  -3.3667   0.0000   0.0000   0.0000   0.3087
  10.250   1.6536   0.04180   0.03247  -0.1204  0.2337  1.0000  -3.4569   0.0000   0.0000   0.0000   0.3066
  10.500   1.6626   0.04333   0.03420  -0.1175  0.2280  1.0000  -3.5187   0.0000   0.0000   0.0000   0.3041
  10.750   1.6791   0.04484   0.03579  -0.1158  0.2226  1.0000  -3.5983   0.0000   0.0000   0.0000   0.3019
  11.000   1.6833   0.04634   0.03748  -0.1123  0.2171  1.0000  -3.6517   0.0000   0.0000   0.0000   0.2993
  11.250   1.6931   0.04771   0.03892  -0.1096  0.2115  1.0000  -3.7208   0.0000   0.0000   0.0000   0.2969
  11.500   1.6937   0.04911   0.04051  -0.1058  0.2061  1.0000  -3.7782   0.0000   0.0000   0.0000   0.2941
  11.750   1.6993   0.05051   0.04198  -0.1027  0.2007  1.0000  -3.8742   0.0000   0.0000   0.0000   0.2917
  12.000   1.6932   0.05223   0.04391  -0.0984  0.1960  1.0000  -3.9316   0.0000   0.0000   0.0000   0.2890
  12.250   1.7030   0.05345   0.04513  -0.0962  0.1906  1.0000  -4.0446   0.0000   0.0000   0.0000   0.2868
  12.500   1.6856   0.05592   0.04791  -0.0913  0.1869  1.0000  -4.0623   0.0000   0.0000   0.0000   0.2841
  12.750   1.7045   0.05647   0.04832  -0.0900  0.1806  1.0000  -4.2125   0.0000   0.0000   0.0000   0.2822
  13.000   1.6767   0.05987   0.05211  -0.0851  0.1779  1.0000  -4.1905   0.0000   0.0000   0.0000   0.2797
  13.250   1.6928   0.06043   0.05257  -0.0837  0.1719  1.0000  -4.3335   0.0000   0.0000   0.0000   0.2779
  13.500   1.6730   0.06383   0.05625  -0.0804  0.1690  1.0000  -4.3381   0.0000   0.0000   0.0000   0.2760
  13.750   1.6410   0.06856   0.06133  -0.0775  0.1670  1.0000  -4.2928   0.0000   0.0000   0.0000   0.2747
  14.000   1.6225   0.07254   0.06553  -0.0758  0.1640  1.0000  -4.2965   0.0000   0.0000   0.0000   0.2737
  14.250   1.4492   0.09788   0.09182  -0.0818  0.1734  1.0000  -3.6402   0.0000   0.0000   0.0000   0.2832
  14.500   1.4420   0.10228   0.09627  -0.0828  0.1696  1.0000  -3.6689   0.0000   0.0000   0.0000   0.2837
  15.000   1.4484   0.10761   0.10167  -0.0835  0.1603  1.0000  -3.8185   0.0000   0.0000   0.0000   0.2828
  17.500   1.1598   0.23224   0.22671  -0.1632  0.1820  1.0000  -1.9455   0.0000   0.0000   0.0000   0.3658
  18.500   0.8995   0.23578   0.23136  -0.1443  0.1614  1.0000  -1.3184   0.0000   0.0000   0.0000   0.3875
  19.000   0.8996   0.24235   0.23806  -0.1477  0.1531  1.0000  -1.2972   0.0000   0.0000   0.0000   0.3904
  19.500   0.9053   0.24904   0.24484  -0.1503  0.1436  1.0000  -1.2951   0.0000   0.0000   0.0000   0.3913
  20.000   0.9112   0.25618   0.25207  -0.1528  0.1355  1.0000  -1.2871   0.0000   0.0000   0.0000   0.3921


