xflr5 v6.61

 Calculated polar for: E63_8_00

 1 1 Reynolds number fixed          Mach number fixed         

 xtrf =   1.000 (top)        1.000 (bottom)
 Mach =   0.200     Re =     0.100 e 6     Ncrit =   7.000

  alpha     CL        CD       CDp       Cm    Top Xtr Bot Xtr   Cpmin    Chinge    XCp    
 ------- -------- --------- --------- -------- ------- ------- -------- --------- ---------
 -18.000  -0.5257   0.22449   0.21850  -0.0043  1.0000  0.0291  -1.4056   0.0000   0.0000   0.0000   0.2297
 -17.500  -0.5102   0.21817   0.21216  -0.0059  1.0000  0.0302  -1.3594   0.0000   0.0000   0.0000   0.2267
 -17.000  -0.4955   0.21248   0.20650  -0.0078  1.0000  0.0313  -1.3422   0.0000   0.0000   0.0000   0.2227
 -16.500  -0.4812   0.20687   0.20092  -0.0098  1.0000  0.0325  -1.3351   0.0000   0.0000   0.0000   0.2185
 -16.000  -0.4673   0.20127   0.19535  -0.0117  1.0000  0.0338  -1.3337   0.0000   0.0000   0.0000   0.2140
 -15.500  -0.4539   0.19573   0.18984  -0.0137  1.0000  0.0352  -1.3389   0.0000   0.0000   0.0000   0.2092
 -15.000  -0.4414   0.19055   0.18470  -0.0159  1.0000  0.0364  -1.3629   0.0000   0.0000   0.0000   0.2037
 -14.500  -0.4316   0.18629   0.18048  -0.0184  1.0000  0.0370  -1.4125   0.0000   0.0000   0.0000   0.1974
 -14.000  -0.4249   0.18262   0.17688  -0.0210  1.0000  0.0373  -1.4702   0.0000   0.0000   0.0000   0.1911
 -13.500  -0.4132   0.17599   0.17031  -0.0222  1.0000  0.0376  -1.4626   0.0000   0.0000   0.0000   0.1870
 -13.000  -0.3945   0.16736   0.16167  -0.0214  1.0000  0.0388  -1.3336   0.0000   0.0000   0.0000   0.1865
 -12.500  -0.3826   0.16161   0.15597  -0.0219  1.0000  0.0404  -1.2855   0.0000   0.0000   0.0000   0.1836
 -12.000  -0.3721   0.15610   0.15051  -0.0227  1.0000  0.0422  -1.2602   0.0000   0.0000   0.0000   0.1802
 -11.500  -0.3635   0.15082   0.14529  -0.0237  1.0000  0.0443  -1.2807   0.0000   0.0000   0.0000   0.1762
 -11.000  -0.3612   0.14705   0.14161  -0.0257  1.0000  0.0457  -1.3826   0.0000   0.0000   0.0000   0.1707
 -10.500  -0.3665   0.14447   0.13914  -0.0279  1.0000  0.0460  -1.5140   0.0000   0.0000   0.0000   0.1665
 -10.000  -0.3409   0.13426   0.12897  -0.0249  1.0000  0.0486  -1.3531   0.0000   0.0000   0.0000   0.1695
  -9.500  -0.3336   0.12914   0.12393  -0.0245  1.0000  0.0519  -1.3492   0.0000   0.0000   0.0000   0.1693
  -9.000  -0.3349   0.12527   0.12017  -0.0253  1.0000  0.0551  -1.4369   0.0000   0.0000   0.0000   0.1676
  -8.500  -0.3494   0.12324   0.11829  -0.0266  1.0000  0.0557  -1.5923   0.0000   0.0000   0.0000   0.1679
  -8.000  -0.3302   0.11464   0.10971  -0.0235  1.0000  0.0574  -1.4910   0.0000   0.0000   0.0000   0.1728
  -7.500  -0.3264   0.10981   0.10497  -0.0215  1.0000  0.0600  -1.4682   0.0000   0.0000   0.0000   0.1788
  -7.000  -0.3314   0.10584   0.10113  -0.0196  1.0000  0.0630  -1.5012   0.0000   0.0000   0.0000   0.1859
  -6.500  -0.3555   0.10379   0.09927  -0.0171  1.0000  0.0651  -1.6141   0.0000   0.0000   0.0000   0.1978
  -6.000  -0.3725   0.10073   0.09637  -0.0213  1.0000  0.0658  -1.7967   0.0000   0.0000   0.0000   0.1894
  -5.500  -0.3634   0.09413   0.08987  -0.0135  1.0000  0.0679  -1.6438   0.0000   0.0000   0.0000   0.2095
  -5.000  -0.3595   0.08931   0.08514  -0.0133  1.0000  0.0710  -1.6294   0.0000   0.0000   0.0000   0.2099
  -3.500  -0.1349   0.05274   0.04795  -0.0794  0.9827  0.0556  -2.1006   0.0000   0.0000   0.0000  -0.3460
  -3.000   0.0155   0.03422   0.02783  -0.1115  0.9840  0.0456  -2.4024   0.0000   0.0000   0.0000   7.5318
  -2.500   0.1271   0.02729   0.01946  -0.1250  0.9813  0.0475  -2.3237   0.0000   0.0000   0.0000   1.2418
  -2.000   0.2170   0.02460   0.01621  -0.1317  0.9741  0.0604  -2.0630   0.0000   0.0000   0.0000   0.8612
  -1.500   0.3018   0.02337   0.01476  -0.1373  0.9638  0.0961  -1.6858   0.0000   0.0000   0.0000   0.7071
  -1.000   0.3865   0.02280   0.01439  -0.1431  0.9517  0.1761  -1.2729   0.0000   0.0000   0.0000   0.6211
  -0.500   0.4647   0.02220   0.01410  -0.1475  0.9357  0.2929  -0.9195   0.0000   0.0000   0.0000   0.5674
   0.000   0.5488   0.02129   0.01372  -0.1524  0.9214  0.4679  -0.6509   0.0000   0.0000   0.0000   0.5270
   0.500   0.6061   0.01960   0.01305  -0.1506  0.9014  1.0000  -0.7152   0.0000   0.0000   0.0000   0.4971
   1.000   0.6837   0.01913   0.01225  -0.1536  0.8813  1.0000  -0.7990   0.0000   0.0000   0.0000   0.4727
   1.500   0.7616   0.01833   0.01126  -0.1560  0.8601  1.0000  -0.8942   0.0000   0.0000   0.0000   0.4524
   2.000   0.8406   0.01734   0.01018  -0.1584  0.8369  1.0000  -1.0069   0.0000   0.0000   0.0000   0.4355
   2.500   0.9185   0.01650   0.00929  -0.1606  0.8053  1.0000  -1.1275   0.0000   0.0000   0.0000   0.4213
   3.000   1.0044   0.01580   0.00852  -0.1643  0.7610  1.0000  -1.2730   0.0000   0.0000   0.0000   0.4095
   3.500   1.0825   0.01566   0.00817  -0.1667  0.6979  1.0000  -1.4262   0.0000   0.0000   0.0000   0.3994
   4.000   1.1452   0.01617   0.00837  -0.1664  0.6224  1.0000  -1.5695   0.0000   0.0000   0.0000   0.3901
   4.500   1.1953   0.01712   0.00894  -0.1641  0.5458  1.0000  -1.7439   0.0000   0.0000   0.0000   0.3814
   5.000   1.2393   0.01833   0.00984  -0.1608  0.4764  1.0000  -1.9178   0.0000   0.0000   0.0000   0.3733
   5.500   1.2806   0.01966   0.01090  -0.1573  0.4151  1.0000  -2.0901   0.0000   0.0000   0.0000   0.3657
   6.000   1.3206   0.02111   0.01213  -0.1538  0.3621  1.0000  -2.2754   0.0000   0.0000   0.0000   0.3586
   6.500   1.3596   0.02267   0.01354  -0.1502  0.3162  1.0000  -2.5589   0.0000   0.0000   0.0000   0.3520
   7.000   1.3949   0.02429   0.01513  -0.1461  0.2722  1.0000  -2.8424   0.0000   0.0000   0.0000   0.3455
   7.500   1.4268   0.02595   0.01671  -0.1415  0.2321  1.0000  -3.1406   0.0000   0.0000   0.0000   0.3393
   8.000   1.4567   0.02768   0.01846  -0.1368  0.1988  1.0000  -3.4695   0.0000   0.0000   0.0000   0.3333
   8.500   1.4842   0.02958   0.02039  -0.1319  0.1710  1.0000  -3.7985   0.0000   0.0000   0.0000   0.3275
   9.000   1.5112   0.03171   0.02266  -0.1270  0.1491  1.0000  -4.1285   0.0000   0.0000   0.0000   0.3219
   9.500   1.5355   0.03412   0.02531  -0.1220  0.1298  1.0000  -4.4481   0.0000   0.0000   0.0000   0.3165
  10.000   1.5535   0.03689   0.02840  -0.1166  0.1097  1.0000  -4.7434   0.0000   0.0000   0.0000   0.3113
  10.500   1.5658   0.04033   0.03212  -0.1109  0.0918  1.0000  -5.0009   0.0000   0.0000   0.0000   0.3063
  11.000   1.5691   0.04458   0.03654  -0.1053  0.0763  1.0000  -5.2128   0.0000   0.0000   0.0000   0.3016
  11.500   1.5685   0.04982   0.04213  -0.1002  0.0641  1.0000  -5.3699   0.0000   0.0000   0.0000   0.2975
  12.000   1.5619   0.05606   0.04859  -0.0959  0.0563  1.0000  -5.4916   0.0000   0.0000   0.0000   0.2942
  12.500   1.5564   0.06305   0.05610  -0.0928  0.0504  1.0000  -5.5803   0.0000   0.0000   0.0000   0.2914
  13.000   1.5469   0.07074   0.06401  -0.0911  0.0469  1.0000  -5.6780   0.0000   0.0000   0.0000   0.2897
  13.500   1.5303   0.08017   0.07408  -0.0912  0.0440  1.0000  -5.6941   0.0000   0.0000   0.0000   0.2895
  14.000   1.5089   0.09084   0.08523  -0.0935  0.0418  1.0000  -5.7047   0.0000   0.0000   0.0000   0.2909
  14.500   1.4859   0.10265   0.09744  -0.0980  0.0403  1.0000  -5.7020   0.0000   0.0000   0.0000   0.2939
  15.000   1.4592   0.11618   0.11135  -0.1049  0.0394  1.0000  -5.6312   0.0000   0.0000   0.0000   0.2988
  15.500   1.4197   0.13412   0.12976  -0.1166  0.0394  1.0000  -5.3754   0.0000   0.0000   0.0000   0.3083
  16.000   1.2882   0.18587   0.18190  -0.1545  0.0456  1.0000  -3.6697   0.0000   0.0000   0.0000   0.3473
  16.500   1.2697   0.20660   0.20252  -0.1679  0.0448  1.0000  -3.1506   0.0000   0.0000   0.0000   0.3595
  17.000   1.2692   0.22058   0.21646  -0.1771  0.0430  1.0000  -2.9171   0.0000   0.0000   0.0000   0.3664
  17.500   1.2750   0.23243   0.22830  -0.1848  0.0431  1.0000  -2.7546   0.0000   0.0000   0.0000   0.3710
  18.000   1.2837   0.24323   0.23909  -0.1917  0.0442  1.0000  -2.6226   0.0000   0.0000   0.0000   0.3747
  18.500   1.2969   0.25234   0.24823  -0.1970  0.0460  1.0000  -2.5719   0.0000   0.0000   0.0000   0.3764
  19.000   0.9863   0.26521   0.26191  -0.1688  0.0752  1.0000  -1.3983   0.0000   0.0000   0.0000   0.3976
  19.500   0.9873   0.27397   0.27076  -0.1726  0.0715  1.0000  -1.3376   0.0000   0.0000   0.0000   0.4005
  20.000   0.9938   0.28216   0.27901  -0.1751  0.0687  1.0000  -1.3526   0.0000   0.0000   0.0000   0.4009


