xflr5 v6.61

 Calculated polar for: E63_4_27

 1 1 Reynolds number fixed          Mach number fixed         

 xtrf =   1.000 (top)        1.000 (bottom)
 Mach =   0.200     Re =     0.080 e 6     Ncrit =   7.000

  alpha     CL        CD       CDp       Cm    Top Xtr Bot Xtr   Cpmin    Chinge    XCp    
 ------- -------- --------- --------- -------- ------- ------- -------- --------- ---------
 -15.500  -0.5079   0.19739   0.19104  -0.0067  1.0000  0.0231  -1.2836   0.0000   0.0000   0.0000   0.2334
 -15.000  -0.4944   0.19136   0.18504  -0.0083  1.0000  0.0242  -1.2676   0.0000   0.0000   0.0000   0.2297
 -14.500  -0.4813   0.18564   0.17934  -0.0101  1.0000  0.0253  -1.2719   0.0000   0.0000   0.0000   0.2257
 -14.000  -0.4685   0.18014   0.17387  -0.0119  1.0000  0.0266  -1.2911   0.0000   0.0000   0.0000   0.2214
 -13.500  -0.4568   0.17555   0.16929  -0.0141  1.0000  0.0277  -1.3402   0.0000   0.0000   0.0000   0.2162
 -13.000  -0.4489   0.17270   0.16651  -0.0167  1.0000  0.0281  -1.4216   0.0000   0.0000   0.0000   0.2100
 -12.500  -0.4446   0.17051   0.16439  -0.0192  1.0000  0.0283  -1.5054   0.0000   0.0000   0.0000   0.2044
 -12.000  -0.4230   0.15744   0.15134  -0.0177  1.0000  0.0298  -1.3442   0.0000   0.0000   0.0000   0.2053
 -11.500  -0.4119   0.15141   0.14535  -0.0184  1.0000  0.0312  -1.3060   0.0000   0.0000   0.0000   0.2027
 -11.000  -0.4017   0.14581   0.13981  -0.0192  1.0000  0.0327  -1.2849   0.0000   0.0000   0.0000   0.1997
 -10.500  -0.3922   0.14044   0.13449  -0.0200  1.0000  0.0344  -1.2721   0.0000   0.0000   0.0000   0.1966
 -10.000  -0.3840   0.13552   0.12965  -0.0209  1.0000  0.0360  -1.2747   0.0000   0.0000   0.0000   0.1932
  -9.500  -0.3791   0.13188   0.12610  -0.0222  1.0000  0.0370  -1.3114   0.0000   0.0000   0.0000   0.1893
  -9.000  -0.3790   0.12923   0.12357  -0.0234  1.0000  0.0373  -1.3671   0.0000   0.0000   0.0000   0.1864
  -8.500  -0.3637   0.12012   0.11447  -0.0216  1.0000  0.0388  -1.2414   0.0000   0.0000   0.0000   0.1886
  -8.000  -0.3571   0.11488   0.10932  -0.0207  1.0000  0.0414  -1.2180   0.0000   0.0000   0.0000   0.1901
  -7.500  -0.3555   0.11084   0.10540  -0.0200  1.0000  0.0441  -1.2461   0.0000   0.0000   0.0000   0.1920
  -7.000  -0.3654   0.10906   0.10379  -0.0187  1.0000  0.0456  -1.3334   0.0000   0.0000   0.0000   0.1973
  -6.500  -0.3725   0.10745   0.10237  -0.0206  1.0000  0.0460  -1.4520   0.0000   0.0000   0.0000   0.1935
  -6.000  -0.3614   0.09836   0.09335  -0.0145  1.0000  0.0496  -1.3039   0.0000   0.0000   0.0000   0.2084
  -5.500  -0.3556   0.09374   0.08884  -0.0152  1.0000  0.0530  -1.3195   0.0000   0.0000   0.0000   0.2059
  -5.000  -0.3306   0.08987   0.08506  -0.0273  1.0000  0.0557  -1.4623   0.0000   0.0000   0.0000   0.1662
  -4.500  -0.3237   0.08257   0.07787  -0.0222  1.0000  0.0584  -1.3662   0.0000   0.0000   0.0000   0.1800
  -4.000  -0.2703   0.07635   0.07160  -0.0383  1.0000  0.0656  -1.4473   0.0000   0.0000   0.0000   0.1066
  -3.500  -0.2509   0.06947   0.06474  -0.0369  1.0000  0.0704  -1.3572   0.0000   0.0000   0.0000   0.1011
  -3.000  -0.1890   0.06198   0.05718  -0.0493  1.0000  0.0810  -1.3415   0.0000   0.0000   0.0000  -0.0137
  -2.500  -0.0999   0.05377   0.04877  -0.0672  1.0000  0.0997  -1.3086   0.0000   0.0000   0.0000  -0.4273
  -1.000   0.2944   0.02797   0.01988  -0.1271  1.0000  0.0471  -1.4449   0.0000   0.0000   0.0000   0.6826
  -0.500   0.3799   0.02488   0.01582  -0.1325  1.0000  0.0457  -1.4745   0.0000   0.0000   0.0000   0.5991
   0.000   0.4544   0.02316   0.01380  -0.1362  1.0000  0.0650  -1.3716   0.0000   0.0000   0.0000   0.5495
   0.500   0.5258   0.02049   0.01302  -0.1391  1.0000  1.0000  -1.2111   0.0000   0.0000   0.0000   0.5138
   1.000   0.5791   0.02176   0.01372  -0.1398  0.9967  1.0000  -0.7207   0.0000   0.0000   0.0000   0.4903
   1.500   0.6644   0.02281   0.01442  -0.1466  0.9761  1.0000  -0.6192   0.0000   0.0000   0.0000   0.4690
   2.000   0.7483   0.02329   0.01478  -0.1525  0.9536  1.0000  -0.7186   0.0000   0.0000   0.0000   0.4517
   2.500   0.8325   0.02327   0.01483  -0.1578  0.9295  1.0000  -0.8409   0.0000   0.0000   0.0000   0.4369
   3.000   0.9151   0.02273   0.01454  -0.1618  0.9011  1.0000  -1.0018   0.0000   0.0000   0.0000   0.4238
   3.500   0.9977   0.02160   0.01386  -0.1648  0.8693  1.0000  -1.3080   0.0000   0.0000   0.0000   0.4117
   4.000   1.0799   0.01987   0.01262  -0.1664  0.8267  1.0000  -1.8634   0.0000   0.0000   0.0000   0.4000
   4.500   1.1706   0.01820   0.01152  -0.1687  0.7469  1.0000  -2.5086   0.0000   0.0000   0.0000   0.3895
   5.000   1.2411   0.01901   0.01128  -0.1670  0.4759  1.0000  -3.0933   0.0000   0.0000   0.0000   0.3792
   5.500   1.2658   0.02274   0.01350  -0.1609  0.2145  1.0000  -3.4758   0.0000   0.0000   0.0000   0.3712
   6.000   1.2902   0.02829   0.01790  -0.1549  0.0655  1.0000  -3.6949   0.0000   0.0000   0.0000   0.3636
   6.500   1.3227   0.03247   0.02220  -0.1501  0.0468  1.0000  -4.1332   0.0000   0.0000   0.0000   0.3563
   7.000   1.3715   0.03771   0.02789  -0.1472  0.0407  1.0000  -4.7899   0.0000   0.0000   0.0000   0.3496
   7.500   1.4262   0.04589   0.03678  -0.1459  0.0380  1.0000  -5.3931   0.0000   0.0000   0.0000   0.3439
   8.000   1.4534   0.05398   0.04621  -0.1400  0.0368  1.0000  -5.6559   0.0000   0.0000   0.0000   0.3374
   8.500   1.4550   0.06253   0.05604  -0.1321  0.0345  1.0000  -5.7295   0.0000   0.0000   0.0000   0.3313
   9.000   1.4387   0.07198   0.06641  -0.1241  0.0349  1.0000  -5.6764   0.0000   0.0000   0.0000   0.3263
   9.500   1.4037   0.08057   0.07563  -0.1160  0.0353  1.0000  -5.5669   0.0000   0.0000   0.0000   0.3221
  10.000   1.3623   0.09013   0.08568  -0.1115  0.0358  1.0000  -5.4239   0.0000   0.0000   0.0000   0.3207
  10.500   1.3209   0.10177   0.09770  -0.1128  0.0363  1.0000  -5.2406   0.0000   0.0000   0.0000   0.3237
  11.000   1.2847   0.11600   0.11219  -0.1203  0.0369  1.0000  -5.0080   0.0000   0.0000   0.0000   0.3312
  11.500   1.2620   0.13168   0.12796  -0.1302  0.0376  1.0000  -4.7778   0.0000   0.0000   0.0000   0.3403
  12.000   1.2335   0.15871   0.15493  -0.1510  0.0445  1.0000  -3.7691   0.0000   0.0000   0.0000   0.3594
  12.500   1.2333   0.17190   0.16807  -0.1583  0.0458  1.0000  -3.6104   0.0000   0.0000   0.0000   0.3648


