xflr5 v6.61

 Calculated polar for: E63_8_00

 1 1 Reynolds number fixed          Mach number fixed         

 xtrf =   1.000 (top)        1.000 (bottom)
 Mach =   0.200     Re =     0.060 e 6     Ncrit =   7.000

  alpha     CL        CD       CDp       Cm    Top Xtr Bot Xtr   Cpmin    Chinge    XCp    
 ------- -------- --------- --------- -------- ------- ------- -------- --------- ---------
 -21.000  -0.6146   0.25889   0.25106   0.0113  1.0000  0.0384  -1.4072   0.0000   0.0000   0.0000   0.2538
 -20.500  -0.5988   0.25280   0.24494   0.0088  1.0000  0.0400  -1.3550   0.0000   0.0000   0.0000   0.2506
 -20.000  -0.5834   0.24735   0.23951   0.0060  1.0000  0.0417  -1.3231   0.0000   0.0000   0.0000   0.2467
 -19.500  -0.5683   0.24204   0.23422   0.0032  1.0000  0.0434  -1.2999   0.0000   0.0000   0.0000   0.2425
 -19.000  -0.5537   0.23721   0.22941   0.0002  1.0000  0.0449  -1.3183   0.0000   0.0000   0.0000   0.2376
 -18.500  -0.5410   0.23384   0.22607  -0.0032  1.0000  0.0457  -1.3699   0.0000   0.0000   0.0000   0.2317
 -18.000  -0.5315   0.23211   0.22439  -0.0069  1.0000  0.0461  -1.4392   0.0000   0.0000   0.0000   0.2253
 -17.500  -0.5106   0.22079   0.21306  -0.0074  1.0000  0.0472  -1.3573   0.0000   0.0000   0.0000   0.2237
 -17.000  -0.4948   0.21443   0.20672  -0.0090  1.0000  0.0490  -1.3220   0.0000   0.0000   0.0000   0.2203
 -16.500  -0.4803   0.20884   0.20116  -0.0110  1.0000  0.0510  -1.3089   0.0000   0.0000   0.0000   0.2160
 -16.000  -0.4666   0.20352   0.19589  -0.0130  1.0000  0.0532  -1.3088   0.0000   0.0000   0.0000   0.2112
 -15.500  -0.4550   0.19911   0.19153  -0.0155  1.0000  0.0550  -1.3344   0.0000   0.0000   0.0000   0.2054
 -15.000  -0.4476   0.19639   0.18888  -0.0185  1.0000  0.0557  -1.3894   0.0000   0.0000   0.0000   0.1987
 -14.500  -0.4303   0.18773   0.18027  -0.0190  1.0000  0.0568  -1.3328   0.0000   0.0000   0.0000   0.1958
 -14.000  -0.4149   0.18109   0.17367  -0.0196  1.0000  0.0597  -1.2721   0.0000   0.0000   0.0000   0.1930
 -13.500  -0.4033   0.17583   0.16843  -0.0210  1.0000  0.0633  -1.2585   0.0000   0.0000   0.0000   0.1885
 -13.000  -0.3987   0.17279   0.16548  -0.0235  1.0000  0.0655  -1.3090   0.0000   0.0000   0.0000   0.1820
 -12.500  -0.3841   0.16519   0.15795  -0.0237  1.0000  0.0672  -1.2581   0.0000   0.0000   0.0000   0.1793
 -12.000  -0.3711   0.15905   0.15187  -0.0239  1.0000  0.0706  -1.2322   0.0000   0.0000   0.0000   0.1768
 -11.500  -0.3636   0.15431   0.14721  -0.0250  1.0000  0.0742  -1.2664   0.0000   0.0000   0.0000   0.1727
 -11.000  -0.3676   0.15237   0.14540  -0.0274  1.0000  0.0757  -1.3720   0.0000   0.0000   0.0000   0.1678
 -10.500  -0.3465   0.14294   0.13603  -0.0258  1.0000  0.0786  -1.3001   0.0000   0.0000   0.0000   0.1676
 -10.000  -0.3383   0.13766   0.13084  -0.0258  1.0000  0.0829  -1.3065   0.0000   0.0000   0.0000   0.1662
  -9.500  -0.3424   0.13479   0.12811  -0.0271  1.0000  0.0860  -1.3921   0.0000   0.0000   0.0000   0.1640
  -9.000  -0.3308   0.12776   0.12119  -0.0260  1.0000  0.0884  -1.3739   0.0000   0.0000   0.0000   0.1648
  -8.500  -0.3239   0.12250   0.11598  -0.0249  1.0000  0.0931  -1.3661   0.0000   0.0000   0.0000   0.1667
  -8.000  -0.3355   0.12014   0.11380  -0.0251  1.0000  0.0967  -1.4556   0.0000   0.0000   0.0000   0.1695
  -7.500  -0.3253   0.11345   0.10723  -0.0229  1.0000  0.0998  -1.4224   0.0000   0.0000   0.0000   0.1742
  -7.000  -0.3281   0.10937   0.10329  -0.0208  1.0000  0.1049  -1.4339   0.0000   0.0000   0.0000   0.1817
  -6.500  -0.3570   0.10833   0.10251  -0.0188  1.0000  0.1075  -1.5431   0.0000   0.0000   0.0000   0.1934
  -6.000  -0.3456   0.10172   0.09601  -0.0148  1.0000  0.1138  -1.4708   0.0000   0.0000   0.0000   0.2034
  -5.000  -0.3506   0.09333   0.08795  -0.0189  1.0000  0.1292  -1.5547   0.0000   0.0000   0.0000   0.1930
  -4.500  -0.3406   0.08758   0.08231  -0.0173  1.0000  0.1385  -1.5079   0.0000   0.0000   0.0000   0.1963
  -4.000  -0.3248   0.08164   0.07647  -0.0196  1.0000  0.1460  -1.4894   0.0000   0.0000   0.0000   0.1869
  -3.500  -0.2967   0.07526   0.07013  -0.0258  1.0000  0.1566  -1.4715   0.0000   0.0000   0.0000   0.1603
  -2.500  -0.0349   0.04161   0.03470  -0.0917  1.0000  0.0699  -2.0051   0.0000   0.0000   0.0000  -2.3993
  -2.000   0.1001   0.03177   0.02277  -0.1117  1.0000  0.0755  -2.0954   0.0000   0.0000   0.0000   1.3744
  -1.500   0.1662   0.02997   0.02053  -0.1152  1.0000  0.1068  -1.8798   0.0000   0.0000   0.0000   0.9467
  -1.000   0.2236   0.02939   0.01973  -0.1169  1.0000  0.1503  -1.6034   0.0000   0.0000   0.0000   0.7747
  -0.500   0.3129   0.02898   0.01929  -0.1238  0.9890  0.2251  -1.2649   0.0000   0.0000   0.0000   0.6462
   0.000   0.4041   0.02879   0.01943  -0.1310  0.9716  0.3734  -0.9114   0.0000   0.0000   0.0000   0.5737
   0.500   0.4796   0.02760   0.01963  -0.1339  0.9524  0.7541  -0.6197   0.0000   0.0000   0.0000   0.5280
   1.000   0.5581   0.02763   0.01916  -0.1381  0.9239  1.0000  -0.6947   0.0000   0.0000   0.0000   0.4957
   1.500   0.6436   0.02778   0.01893  -0.1432  0.8974  1.0000  -0.7835   0.0000   0.0000   0.0000   0.4701
   2.000   0.7269   0.02751   0.01847  -0.1471  0.8691  1.0000  -0.8835   0.0000   0.0000   0.0000   0.4495
   2.500   0.8076   0.02681   0.01771  -0.1498  0.8381  1.0000  -0.9984   0.0000   0.0000   0.0000   0.4321
   3.000   0.8901   0.02558   0.01653  -0.1518  0.8065  1.0000  -1.1250   0.0000   0.0000   0.0000   0.4166
   3.500   0.9790   0.02398   0.01503  -0.1544  0.7713  1.0000  -1.2770   0.0000   0.0000   0.0000   0.4032
   4.000   1.0621   0.02286   0.01395  -0.1560  0.7204  1.0000  -1.4383   0.0000   0.0000   0.0000   0.3918
   4.500   1.1397   0.02241   0.01341  -0.1569  0.6542  1.0000  -1.6148   0.0000   0.0000   0.0000   0.3820
   5.000   1.2020   0.02296   0.01369  -0.1557  0.5787  1.0000  -1.8165   0.0000   0.0000   0.0000   0.3732
   5.500   1.2534   0.02417   0.01466  -0.1533  0.5061  1.0000  -2.0029   0.0000   0.0000   0.0000   0.3653
   6.000   1.2991   0.02579   0.01599  -0.1502  0.4416  1.0000  -2.1817   0.0000   0.0000   0.0000   0.3580
   6.500   1.3423   0.02767   0.01768  -0.1471  0.3856  1.0000  -2.4491   0.0000   0.0000   0.0000   0.3512
   7.000   1.3838   0.02976   0.01965  -0.1439  0.3370  1.0000  -2.7399   0.0000   0.0000   0.0000   0.3449
   7.500   1.4245   0.03207   0.02208  -0.1407  0.2954  1.0000  -3.0349   0.0000   0.0000   0.0000   0.3390
   8.000   1.4646   0.03462   0.02466  -0.1375  0.2599  1.0000  -3.3610   0.0000   0.0000   0.0000   0.3334
   8.500   1.4996   0.03732   0.02750  -0.1336  0.2280  1.0000  -3.6939   0.0000   0.0000   0.0000   0.3279
   9.000   1.5197   0.03977   0.03011  -0.1278  0.1969  1.0000  -3.9872   0.0000   0.0000   0.0000   0.3221
   9.500   1.5315   0.04224   0.03266  -0.1210  0.1702  1.0000  -4.2572   0.0000   0.0000   0.0000   0.3162
  10.000   1.5414   0.04541   0.03622  -0.1144  0.1482  1.0000  -4.5020   0.0000   0.0000   0.0000   0.3107
  10.500   1.5510   0.04929   0.04044  -0.1084  0.1293  1.0000  -4.7286   0.0000   0.0000   0.0000   0.3055
  11.000   1.5489   0.05401   0.04562  -0.1020  0.1124  1.0000  -4.8908   0.0000   0.0000   0.0000   0.3007
  11.500   1.5475   0.05957   0.05154  -0.0968  0.0990  1.0000  -5.0321   0.0000   0.0000   0.0000   0.2965
  12.000   1.5357   0.06597   0.05831  -0.0923  0.0880  1.0000  -5.1243   0.0000   0.0000   0.0000   0.2932
  12.500   1.5121   0.07503   0.06804  -0.0894  0.0811  1.0000  -5.1031   0.0000   0.0000   0.0000   0.2914
  13.000   1.4942   0.08399   0.07731  -0.0884  0.0757  1.0000  -5.1203   0.0000   0.0000   0.0000   0.2905
  13.500   1.4456   0.09808   0.09211  -0.0922  0.0745  1.0000  -4.9350   0.0000   0.0000   0.0000   0.2943
  14.000   1.3889   0.11617   0.11070  -0.1019  0.0749  1.0000  -4.6551   0.0000   0.0000   0.0000   0.3031
  14.500   1.3266   0.13996   0.13477  -0.1182  0.0762  1.0000  -4.2121   0.0000   0.0000   0.0000   0.3184
  15.000   1.2682   0.16946   0.16425  -0.1386  0.0767  1.0000  -3.5360   0.0000   0.0000   0.0000   0.3387
  15.500   1.2421   0.19167   0.18630  -0.1534  0.0755  1.0000  -3.0363   0.0000   0.0000   0.0000   0.3529
  16.000   1.2373   0.20683   0.20132  -0.1633  0.0744  1.0000  -2.7595   0.0000   0.0000   0.0000   0.3610
  16.500   1.2419   0.21899   0.21354  -0.1709  0.0746  1.0000  -2.5872   0.0000   0.0000   0.0000   0.3660
  17.000   1.2547   0.22916   0.22373  -0.1760  0.0760  1.0000  -2.5312   0.0000   0.0000   0.0000   0.3679


