xflr5 v6.61

 Calculated polar for: E63_7_00

 1 1 Reynolds number fixed          Mach number fixed         

 xtrf =   1.000 (top)        1.000 (bottom)
 Mach =   0.200     Re =     0.125 e 6     Ncrit =   7.000

  alpha     CL        CD       CDp       Cm    Top Xtr Bot Xtr   Cpmin    Chinge    XCp    
 ------- -------- --------- --------- -------- ------- ------- -------- --------- ---------
 -16.000  -0.4840   0.20141   0.19617  -0.0100  1.0000  0.0227  -1.3659   0.0000   0.0000   0.0000   0.2206
 -15.500  -0.4699   0.19526   0.19004  -0.0113  1.0000  0.0235  -1.3217   0.0000   0.0000   0.0000   0.2175
 -15.000  -0.4564   0.18958   0.18439  -0.0128  1.0000  0.0247  -1.3081   0.0000   0.0000   0.0000   0.2136
 -14.500  -0.4435   0.18402   0.17886  -0.0145  1.0000  0.0264  -1.3225   0.0000   0.0000   0.0000   0.2092
 -14.000  -0.4325   0.17967   0.17455  -0.0171  1.0000  0.0278  -1.4041   0.0000   0.0000   0.0000   0.2028
 -13.500  -0.4268   0.17675   0.17169  -0.0199  1.0000  0.0282  -1.5125   0.0000   0.0000   0.0000   0.1959
 -13.000  -0.4237   0.17373   0.16870  -0.0224  1.0000  0.0283  -1.6091   0.0000   0.0000   0.0000   0.1903
 -12.500  -0.3997   0.16141   0.15640  -0.0206  1.0000  0.0293  -1.4493   0.0000   0.0000   0.0000   0.1913
 -12.000  -0.3878   0.15530   0.15033  -0.0208  1.0000  0.0304  -1.3946   0.0000   0.0000   0.0000   0.1893
 -11.500  -0.3775   0.14969   0.14477  -0.0214  1.0000  0.0316  -1.3690   0.0000   0.0000   0.0000   0.1867
 -11.000  -0.3682   0.14420   0.13933  -0.0219  1.0000  0.0329  -1.3556   0.0000   0.0000   0.0000   0.1840
 -10.500  -0.3599   0.13881   0.13400  -0.0224  1.0000  0.0344  -1.3512   0.0000   0.0000   0.0000   0.1814
 -10.000  -0.3531   0.13369   0.12894  -0.0230  1.0000  0.0359  -1.3654   0.0000   0.0000   0.0000   0.1788
  -9.500  -0.3510   0.12960   0.12494  -0.0242  1.0000  0.0369  -1.4290   0.0000   0.0000   0.0000   0.1755
  -9.000  -0.3545   0.12624   0.12168  -0.0252  1.0000  0.0372  -1.5112   0.0000   0.0000   0.0000   0.1737
  -8.500  -0.3597   0.12269   0.11825  -0.0257  1.0000  0.0374  -1.5870   0.0000   0.0000   0.0000   0.1740
  -8.000  -0.3389   0.11348   0.10904  -0.0222  1.0000  0.0386  -1.3980   0.0000   0.0000   0.0000   0.1799
  -7.500  -0.3355   0.10870   0.10435  -0.0203  1.0000  0.0401  -1.3717   0.0000   0.0000   0.0000   0.1852
  -7.000  -0.3377   0.10455   0.10031  -0.0183  1.0000  0.0417  -1.3858   0.0000   0.0000   0.0000   0.1918
  -6.500  -0.3467   0.10100   0.09688  -0.0156  1.0000  0.0434  -1.4271   0.0000   0.0000   0.0000   0.2014
  -6.000  -0.3635   0.09821   0.09424  -0.0131  1.0000  0.0450  -1.5134   0.0000   0.0000   0.0000   0.2109
  -5.500  -0.3635   0.09399   0.09015  -0.0203  1.0000  0.0459  -1.7004   0.0000   0.0000   0.0000   0.1916
  -5.000  -0.3560   0.08730   0.08356  -0.0199  1.0000  0.0467  -1.6942   0.0000   0.0000   0.0000   0.1914
  -4.500  -0.3093   0.08009   0.07633  -0.0262  0.9920  0.0528  -1.5524   0.0000   0.0000   0.0000   0.1624
  -3.000  -0.0009   0.04268   0.03801  -0.1010  0.9706  0.0418  -1.9743   0.0000   0.0000   0.0000  -109.7138
  -2.500   0.1597   0.02749   0.02058  -0.1296  0.9748  0.0374  -2.3588   0.0000   0.0000   0.0000   1.0672
  -2.000   0.2544   0.02354   0.01584  -0.1379  0.9712  0.0414  -2.0322   0.0000   0.0000   0.0000   0.7952
  -1.500   0.3389   0.02136   0.01329  -0.1432  0.9638  0.0518  -1.7812   0.0000   0.0000   0.0000   0.6743
  -1.000   0.4233   0.02011   0.01210  -0.1487  0.9542  0.1160  -1.4110   0.0000   0.0000   0.0000   0.6021
  -0.500   0.5052   0.01933   0.01184  -0.1540  0.9428  0.2870  -0.9362   0.0000   0.0000   0.0000   0.5549
   0.000   0.5863   0.01825   0.01162  -0.1586  0.9311  0.5886  -0.6315   0.0000   0.0000   0.0000   0.5199
   0.500   0.6439   0.01703   0.01086  -0.1571  0.9120  1.0000  -0.6948   0.0000   0.0000   0.0000   0.4929
   1.000   0.7182   0.01657   0.01017  -0.1596  0.8937  1.0000  -0.7764   0.0000   0.0000   0.0000   0.4706
   1.500   0.7941   0.01580   0.00927  -0.1620  0.8747  1.0000  -0.8729   0.0000   0.0000   0.0000   0.4518
   2.000   0.8682   0.01500   0.00843  -0.1638  0.8516  1.0000  -0.9849   0.0000   0.0000   0.0000   0.4360
   2.500   0.9464   0.01422   0.00764  -0.1664  0.8207  1.0000  -1.1115   0.0000   0.0000   0.0000   0.4226
   3.000   1.0345   0.01360   0.00697  -0.1711  0.7740  1.0000  -1.2713   0.0000   0.0000   0.0000   0.4116
   3.500   1.1133   0.01359   0.00672  -0.1739  0.7017  1.0000  -1.4423   0.0000   0.0000   0.0000   0.4019
   4.000   1.1714   0.01428   0.00705  -0.1730  0.6135  1.0000  -1.6362   0.0000   0.0000   0.0000   0.3927
   4.500   1.2171   0.01537   0.00772  -0.1699  0.5279  1.0000  -1.8136   0.0000   0.0000   0.0000   0.3840
   5.000   1.2580   0.01664   0.00870  -0.1661  0.4496  1.0000  -2.0394   0.0000   0.0000   0.0000   0.3759
   5.500   1.2952   0.01810   0.00978  -0.1620  0.3719  1.0000  -2.3260   0.0000   0.0000   0.0000   0.3682
   6.000   1.3303   0.01969   0.01099  -0.1577  0.2967  1.0000  -2.6501   0.0000   0.0000   0.0000   0.3611
   6.500   1.3681   0.02124   0.01237  -0.1540  0.2438  1.0000  -3.0159   0.0000   0.0000   0.0000   0.3545
   7.000   1.4048   0.02287   0.01399  -0.1503  0.1958  1.0000  -3.3907   0.0000   0.0000   0.0000   0.3482
   7.500   1.4402   0.02458   0.01570  -0.1464  0.1606  1.0000  -3.7684   0.0000   0.0000   0.0000   0.3421
   8.000   1.4728   0.02644   0.01764  -0.1420  0.1289  1.0000  -4.1395   0.0000   0.0000   0.0000   0.3362
   8.500   1.5012   0.02866   0.01992  -0.1372  0.0970  1.0000  -4.4878   0.0000   0.0000   0.0000   0.3304
   9.000   1.5219   0.03159   0.02291  -0.1314  0.0663  1.0000  -4.7741   0.0000   0.0000   0.0000   0.3246
   9.500   1.5336   0.03531   0.02688  -0.1245  0.0490  1.0000  -4.9798   0.0000   0.0000   0.0000   0.3187
  10.000   1.5423   0.03933   0.03116  -0.1180  0.0405  1.0000  -5.1837   0.0000   0.0000   0.0000   0.3132
  10.500   1.5467   0.04409   0.03622  -0.1119  0.0361  1.0000  -5.3930   0.0000   0.0000   0.0000   0.3082
  11.000   1.5538   0.04925   0.04182  -0.1067  0.0334  1.0000  -5.6275   0.0000   0.0000   0.0000   0.3037
  11.500   1.5578   0.05507   0.04806  -0.1022  0.0315  1.0000  -5.8472   0.0000   0.0000   0.0000   0.2998
  12.000   1.5563   0.06186   0.05526  -0.0985  0.0302  1.0000  -6.0305   0.0000   0.0000   0.0000   0.2966
  12.500   1.5465   0.07021   0.06412  -0.0959  0.0293  1.0000  -6.1393   0.0000   0.0000   0.0000   0.2944
  13.000   1.5242   0.08055   0.07502  -0.0952  0.0288  1.0000  -6.1406   0.0000   0.0000   0.0000   0.2940
  13.500   1.4941   0.09226   0.08727  -0.0975  0.0287  1.0000  -6.1022   0.0000   0.0000   0.0000   0.2958
  14.000   1.4596   0.10602   0.10157  -0.1035  0.0286  1.0000  -6.0026   0.0000   0.0000   0.0000   0.3006
  14.500   1.4229   0.12217   0.11816  -0.1134  0.0287  1.0000  -5.7961   0.0000   0.0000   0.0000   0.3085
  15.000   1.3842   0.14152   0.13797  -0.1278  0.0291  1.0000  -5.4324   0.0000   0.0000   0.0000   0.3204
  15.500   1.2761   0.19372   0.19032  -0.1659  0.0327  1.0000  -3.4798   0.0000   0.0000   0.0000   0.3595
  16.000   1.2717   0.20984   0.20637  -0.1761  0.0336  1.0000  -3.1144   0.0000   0.0000   0.0000   0.3675
  16.500   1.2764   0.22261   0.21912  -0.1840  0.0348  1.0000  -2.8955   0.0000   0.0000   0.0000   0.3726
  17.000   1.2867   0.23294   0.22945  -0.1901  0.0364  1.0000  -2.7917   0.0000   0.0000   0.0000   0.3754


