xflr5 v6.61

 Calculated polar for: E63_16_00

 1 1 Reynolds number fixed          Mach number fixed         

 xtrf =   1.000 (top)        1.000 (bottom)
 Mach =   0.200     Re =     0.090 e 6     Ncrit =   7.000

  alpha     CL        CD       CDp       Cm    Top Xtr Bot Xtr   Cpmin    Chinge    XCp    
 ------- -------- --------- --------- -------- ------- ------- -------- --------- ---------
 -30.000  -0.7585   0.33707   0.32997   0.0546  1.0000  0.0391  -1.5768   0.0000   0.0000   0.0000   0.2679
 -29.500  -0.7445   0.33270   0.32558   0.0508  1.0000  0.0400  -1.5478   0.0000   0.0000   0.0000   0.2653
 -29.000  -0.7303   0.32831   0.32118   0.0470  1.0000  0.0411  -1.5241   0.0000   0.0000   0.0000   0.2625
 -28.500  -0.7161   0.32384   0.31671   0.0432  1.0000  0.0424  -1.5041   0.0000   0.0000   0.0000   0.2595
 -28.000  -0.7018   0.31932   0.31219   0.0393  1.0000  0.0438  -1.4892   0.0000   0.0000   0.0000   0.2561
 -27.500  -0.6882   0.31532   0.30818   0.0349  1.0000  0.0453  -1.5129   0.0000   0.0000   0.0000   0.2518
 -27.000  -0.6762   0.31283   0.30568   0.0302  1.0000  0.0458  -1.5686   0.0000   0.0000   0.0000   0.2466
 -26.500  -0.6652   0.31089   0.30374   0.0255  1.0000  0.0460  -1.6189   0.0000   0.0000   0.0000   0.2415
 -26.000  -0.6497   0.30419   0.29707   0.0223  1.0000  0.0463  -1.6121   0.0000   0.0000   0.0000   0.2381
 -25.500  -0.6303   0.29567   0.28856   0.0205  1.0000  0.0470  -1.5352   0.0000   0.0000   0.0000   0.2368
 -25.000  -0.6136   0.29037   0.28327   0.0178  1.0000  0.0480  -1.4912   0.0000   0.0000   0.0000   0.2340
 -24.500  -0.5976   0.28552   0.27842   0.0148  1.0000  0.0493  -1.4624   0.0000   0.0000   0.0000   0.2306
 -24.000  -0.5818   0.28067   0.27359   0.0118  1.0000  0.0508  -1.4427   0.0000   0.0000   0.0000   0.2267
 -23.500  -0.5664   0.27576   0.26869   0.0087  1.0000  0.0527  -1.4311   0.0000   0.0000   0.0000   0.2224
 -23.000  -0.5518   0.27102   0.26397   0.0053  1.0000  0.0545  -1.4378   0.0000   0.0000   0.0000   0.2171
 -22.500  -0.5399   0.26729   0.26026   0.0012  1.0000  0.0555  -1.4758   0.0000   0.0000   0.0000   0.2105
 -22.000  -0.5315   0.26518   0.25819  -0.0031  1.0000  0.0558  -1.5306   0.0000   0.0000   0.0000   0.2034
 -21.500  -0.5082   0.25541   0.24847  -0.0037  1.0000  0.0569  -1.4328   0.0000   0.0000   0.0000   0.2018
 -21.000  -0.4900   0.25008   0.24314  -0.0054  1.0000  0.0590  -1.3820   0.0000   0.0000   0.0000   0.1985
 -20.500  -0.4741   0.24507   0.23816  -0.0077  1.0000  0.0613  -1.3692   0.0000   0.0000   0.0000   0.1937
 -20.000  -0.4594   0.23998   0.23310  -0.0103  1.0000  0.0635  -1.3752   0.0000   0.0000   0.0000   0.1880
 -19.500  -0.4477   0.23543   0.22859  -0.0135  1.0000  0.0651  -1.4165   0.0000   0.0000   0.0000   0.1808
 -19.000  -0.4402   0.23194   0.22514  -0.0171  1.0000  0.0657  -1.4824   0.0000   0.0000   0.0000   0.1729
 -18.500  -0.4245   0.22519   0.21846  -0.0187  1.0000  0.0662  -1.4694   0.0000   0.0000   0.0000   0.1677
 -18.000  -0.4037   0.21844   0.21174  -0.0191  1.0000  0.0676  -1.3912   0.0000   0.0000   0.0000   0.1644
 -17.500  -0.3877   0.21319   0.20652  -0.0203  1.0000  0.0696  -1.3564   0.0000   0.0000   0.0000   0.1595
 -17.000  -0.3741   0.20797   0.20135  -0.0220  1.0000  0.0723  -1.3468   0.0000   0.0000   0.0000   0.1535
 -16.500  -0.3675   0.20335   0.19678  -0.0248  1.0000  0.0751  -1.4037   0.0000   0.0000   0.0000   0.1455
 -16.000  -0.3693   0.19979   0.19329  -0.0282  1.0000  0.0758  -1.5081   0.0000   0.0000   0.0000   0.1380
 -15.500  -0.3412   0.19110   0.18467  -0.0267  1.0000  0.0777  -1.3834   0.0000   0.0000   0.0000   0.1351
 -15.000  -0.3269   0.18582   0.17944  -0.0271  1.0000  0.0817  -1.3804   0.0000   0.0000   0.0000   0.1307
 -14.500  -0.3350   0.18160   0.17530  -0.0307  1.0000  0.0863  -1.5716   0.0000   0.0000   0.0000   0.1238
 -14.000  -0.3097   0.17427   0.16803  -0.0289  1.0000  0.0906  -1.4970   0.0000   0.0000   0.0000   0.1214
 -13.500  -0.3192   0.17036   0.16417  -0.0318  1.0000  0.0969  -1.6548   0.0000   0.0000   0.0000   0.1172
 -13.000  -0.2929   0.16382   0.15766  -0.0295  1.0000  0.1021  -1.5351   0.0000   0.0000   0.0000   0.1152
 -12.500  -0.3071   0.16075   0.15466  -0.0321  1.0000  0.1076  -1.6506   0.0000   0.0000   0.0000   0.1142
 -12.000  -0.2777   0.15456   0.14854  -0.0291  1.0000  0.1148  -1.4919   0.0000   0.0000   0.0000   0.1127
 -11.500  -0.2980   0.15178   0.14585  -0.0313  1.0000  0.1186  -1.6048   0.0000   0.0000   0.0000   0.1160
 -11.000  -0.2712   0.14501   0.13914  -0.0285  1.0000  0.1213  -1.4678   0.0000   0.0000   0.0000   0.1152
 -10.500  -0.2649   0.14054   0.13475  -0.0272  1.0000  0.1244  -1.4244   0.0000   0.0000   0.0000   0.1187
 -10.000  -0.2749   0.13667   0.13099  -0.0271  1.0000  0.1286  -1.4553   0.0000   0.0000   0.0000   0.1253
  -9.500  -0.3007   0.13306   0.12752  -0.0275  1.0000  0.1296  -1.5466   0.0000   0.0000   0.0000   0.1357
  -9.000  -0.2771   0.12738   0.12191  -0.0238  1.0000  0.1315  -1.4093   0.0000   0.0000   0.0000   0.1413
  -8.500  -0.2757   0.12354   0.11818  -0.0211  1.0000  0.1342  -1.3584   0.0000   0.0000   0.0000   0.1519
  -7.000  -0.2942   0.10010   0.09483  -0.0340  0.9853  0.1056  -1.7056   0.0000   0.0000   0.0000   0.1158
  -6.500  -0.2844   0.09021   0.08493  -0.0434  0.9704  0.1014  -1.8394   0.0000   0.0000   0.0000   0.0787
  -6.000  -0.3017   0.07512   0.06980  -0.0584  0.9477  0.1002  -2.1439   0.0000   0.0000   0.0000   0.0387
  -5.500  -0.2752   0.04202   0.03523  -0.1040  0.9302  0.1123  -2.7216   0.0000   0.0000   0.0000  -0.1488
  -4.500  -0.1241   0.03593   0.02815  -0.1168  0.9007  0.1415  -2.3395   0.0000   0.0000   0.0000  -0.7271
  -4.000  -0.0529   0.03377   0.02570  -0.1202  0.8839  0.1529  -2.1650   0.0000   0.0000   0.0000  -2.0952
  -3.500   0.0253   0.03209   0.02386  -0.1238  0.8692  0.1664  -1.9609   0.0000   0.0000   0.0000   5.2771
  -3.000   0.0980   0.03021   0.02174  -0.1264  0.8515  0.1788  -1.7778   0.0000   0.0000   0.0000   1.5666
  -2.500   0.1799   0.02826   0.01950  -0.1299  0.8368  0.1955  -1.5785   0.0000   0.0000   0.0000   0.9834
  -2.000   0.2520   0.02671   0.01797  -0.1313  0.8185  0.2100  -1.3884   0.0000   0.0000   0.0000   0.7766
  -1.500   0.3380   0.02479   0.01595  -0.1348  0.8036  0.2297  -1.1857   0.0000   0.0000   0.0000   0.6509
  -1.000   0.4172   0.02328   0.01442  -0.1372  0.7826  0.2517  -0.9965   0.0000   0.0000   0.0000   0.5786
  -0.500   0.4964   0.02207   0.01324  -0.1395  0.7568  0.2799  -0.9802   0.0000   0.0000   0.0000   0.5295
   0.000   0.5830   0.02092   0.01207  -0.1433  0.7275  0.3106  -1.0766   0.0000   0.0000   0.0000   0.4930
   0.500   0.6578   0.02036   0.01147  -0.1452  0.6919  0.3471  -1.1675   0.0000   0.0000   0.0000   0.4670
   1.000   0.7242   0.02013   0.01122  -0.1457  0.6543  0.3921  -1.2551   0.0000   0.0000   0.0000   0.4466
   1.500   0.7855   0.02009   0.01118  -0.1453  0.6174  0.4492  -1.3469   0.0000   0.0000   0.0000   0.4295
   2.000   0.8383   0.02026   0.01140  -0.1434  0.5807  0.5177  -1.4321   0.0000   0.0000   0.0000   0.4148
   2.500   0.8877   0.02049   0.01172  -0.1408  0.5463  0.6075  -1.5228   0.0000   0.0000   0.0000   0.4016
   3.000   0.9288   0.02063   0.01209  -0.1363  0.5154  0.7427  -1.6094   0.0000   0.0000   0.0000   0.3890
   4.000   1.0217   0.02168   0.01276  -0.1308  0.4580  1.0000  -1.7943   0.0000   0.0000   0.0000   0.3688
   4.500   1.0705   0.02265   0.01339  -0.1289  0.4328  1.0000  -1.8907   0.0000   0.0000   0.0000   0.3604
   5.000   1.1167   0.02369   0.01415  -0.1266  0.4095  1.0000  -1.9851   0.0000   0.0000   0.0000   0.3526
   5.500   1.1612   0.02479   0.01501  -0.1240  0.3881  1.0000  -2.0794   0.0000   0.0000   0.0000   0.3453
   6.000   1.2014   0.02596   0.01607  -0.1208  0.3680  1.0000  -2.1813   0.0000   0.0000   0.0000   0.3383
   6.500   1.2415   0.02723   0.01722  -0.1176  0.3499  1.0000  -2.2848   0.0000   0.0000   0.0000   0.3317
   7.000   1.2850   0.02850   0.01829  -0.1151  0.3336  1.0000  -2.3947   0.0000   0.0000   0.0000   0.3258
   7.500   1.3170   0.02994   0.01972  -0.1108  0.3173  1.0000  -2.4889   0.0000   0.0000   0.0000   0.3195
   8.000   1.3538   0.03142   0.02119  -0.1074  0.3032  1.0000  -2.5917   0.0000   0.0000   0.0000   0.3140
   8.500   1.3924   0.03302   0.02272  -0.1045  0.2908  1.0000  -2.7045   0.0000   0.0000   0.0000   0.3088
   9.000   1.4287   0.03477   0.02444  -0.1013  0.2794  1.0000  -2.8140   0.0000   0.0000   0.0000   0.3039
   9.500   1.4600   0.03665   0.02635  -0.0976  0.2686  1.0000  -2.9163   0.0000   0.0000   0.0000   0.2989
  10.000   1.4848   0.03873   0.02852  -0.0931  0.2583  1.0000  -3.0178   0.0000   0.0000   0.0000   0.2940
  10.500   1.5038   0.04113   0.03107  -0.0884  0.2488  1.0000  -3.1093   0.0000   0.0000   0.0000   0.2891
  11.000   1.5187   0.04386   0.03403  -0.0835  0.2402  1.0000  -3.1931   0.0000   0.0000   0.0000   0.2845
  11.500   1.5353   0.04669   0.03698  -0.0793  0.2323  1.0000  -3.2799   0.0000   0.0000   0.0000   0.2802
  12.000   1.5630   0.04925   0.03956  -0.0764  0.2251  1.0000  -3.3868   0.0000   0.0000   0.0000   0.2765
  12.500   1.5391   0.05466   0.04545  -0.0702  0.2189  1.0000  -3.3894   0.0000   0.0000   0.0000   0.2722
  13.000   1.5562   0.05807   0.04892  -0.0675  0.2127  1.0000  -3.4741   0.0000   0.0000   0.0000   0.2690
  13.500   1.4996   0.06713   0.05856  -0.0632  0.2072  1.0000  -3.3992   0.0000   0.0000   0.0000   0.2667
  14.000   1.4946   0.07302   0.06464  -0.0617  0.2018  1.0000  -3.4476   0.0000   0.0000   0.0000   0.2648
  15.500   1.0308   0.17657   0.16957  -0.1122  0.1683  1.0000  -1.9650   0.0000   0.0000   0.0000   0.3329
  16.000   1.0252   0.18726   0.18033  -0.1184  0.1649  1.0000  -1.9043   0.0000   0.0000   0.0000   0.3390
  16.500   1.0600   0.18943   0.18251  -0.1176  0.1605  1.0000  -2.0400   0.0000   0.0000   0.0000   0.3332
  17.000   1.0412   0.20183   0.19498  -0.1264  0.1556  1.0000  -1.9021   0.0000   0.0000   0.0000   0.3433
  17.500   1.0465   0.21014   0.20340  -0.1314  0.1545  1.0000  -1.8670   0.0000   0.0000   0.0000   0.3467
  18.000   1.0735   0.21393   0.20719  -0.1322  0.1486  1.0000  -1.9582   0.0000   0.0000   0.0000   0.3429
  18.500   1.0712   0.22249   0.21582  -0.1387  0.1437  1.0000  -1.8744   0.0000   0.0000   0.0000   0.3486
  19.000   1.0792   0.23035   0.22374  -0.1437  0.1439  1.0000  -1.8247   0.0000   0.0000   0.0000   0.3514
  19.500   1.0973   0.23503   0.22844  -0.1462  0.1362  1.0000  -1.8564   0.0000   0.0000   0.0000   0.3503
  20.000   1.1306   0.23723   0.23065  -0.1455  0.1282  1.0000  -1.9941   0.0000   0.0000   0.0000   0.3442


