xflr5 v6.61

 Calculated polar for: E63_12_00

 1 1 Reynolds number fixed          Mach number fixed         

 xtrf =   1.000 (top)        1.000 (bottom)
 Mach =   0.200     Re =     0.080 e 6     Ncrit =   9.000

  alpha     CL        CD       CDp       Cm    Top Xtr Bot Xtr   Cpmin    Chinge    XCp    
 ------- -------- --------- --------- -------- ------- ------- -------- --------- ---------
 -20.000  -0.5283   0.24846   0.24140  -0.0048  1.0000  0.0556  -1.4342   0.0000   0.0000   0.0000   0.2166
 -19.500  -0.5156   0.24339   0.23640  -0.0077  1.0000  0.0561  -1.4650   0.0000   0.0000   0.0000   0.2112
 -19.000  -0.4936   0.23361   0.22662  -0.0082  1.0000  0.0575  -1.3759   0.0000   0.0000   0.0000   0.2097
 -18.500  -0.4773   0.22793   0.22097  -0.0099  1.0000  0.0594  -1.3458   0.0000   0.0000   0.0000   0.2059
 -18.000  -0.4623   0.22260   0.21568  -0.0120  1.0000  0.0618  -1.3361   0.0000   0.0000   0.0000   0.2011
 -17.500  -0.4489   0.21766   0.21075  -0.0144  1.0000  0.0643  -1.3492   0.0000   0.0000   0.0000   0.1953
 -17.000  -0.4419   0.21513   0.20828  -0.0180  1.0000  0.0656  -1.4209   0.0000   0.0000   0.0000   0.1874
 -16.500  -0.4267   0.20797   0.20118  -0.0194  1.0000  0.0664  -1.4047   0.0000   0.0000   0.0000   0.1829
 -16.000  -0.4076   0.20081   0.19406  -0.0197  1.0000  0.0686  -1.3303   0.0000   0.0000   0.0000   0.1802
 -15.500  -0.3937   0.19539   0.18869  -0.0210  1.0000  0.0716  -1.3074   0.0000   0.0000   0.0000   0.1756
 -15.000  -0.3852   0.19118   0.18454  -0.0233  1.0000  0.0749  -1.3390   0.0000   0.0000   0.0000   0.1689
 -14.500  -0.3778   0.18614   0.17960  -0.0253  1.0000  0.0764  -1.3674   0.0000   0.0000   0.0000   0.1631
 -14.000  -0.3579   0.17899   0.17246  -0.0246  1.0000  0.0804  -1.2741   0.0000   0.0000   0.0000   0.1611
 -13.500  -0.3491   0.17418   0.16772  -0.0260  1.0000  0.0849  -1.2882   0.0000   0.0000   0.0000   0.1560
 -13.000  -0.3595   0.17338   0.16702  -0.0294  1.0000  0.0864  -1.4289   0.0000   0.0000   0.0000   0.1503
 -12.500  -0.3299   0.16280   0.15648  -0.0273  1.0000  0.0890  -1.3173   0.0000   0.0000   0.0000   0.1485
 -12.000  -0.3190   0.15739   0.15114  -0.0273  1.0000  0.0929  -1.3070   0.0000   0.0000   0.0000   0.1461
 -11.500  -0.3225   0.15402   0.14787  -0.0291  1.0000  0.0966  -1.3870   0.0000   0.0000   0.0000   0.1426
 -11.000  -0.3125   0.14733   0.14128  -0.0287  1.0000  0.0984  -1.3796   0.0000   0.0000   0.0000   0.1414
 -10.500  -0.2995   0.14149   0.13550  -0.0274  1.0000  0.1023  -1.3364   0.0000   0.0000   0.0000   0.1418
 -10.000  -0.2639   0.13800   0.13265  -0.0278  1.0000  0.1080  -1.2659   0.0000   0.0000   0.0000   0.1324
  -9.750  -0.3222   0.13767   0.13189  -0.0295  1.0000  0.1077  -1.4931   0.0000   0.0000   0.0000   0.1445
  -9.500  -0.2430   0.13095   0.12567  -0.0247  1.0000  0.1124  -1.1712   0.0000   0.0000   0.0000   0.1361
  -9.250  -0.2930   0.12888   0.12316  -0.0261  1.0000  0.1115  -1.3687   0.0000   0.0000   0.0000   0.1464
  -9.000  -0.2543   0.12715   0.12195  -0.0242  1.0000  0.1178  -1.2289   0.0000   0.0000   0.0000   0.1437
  -8.750  -0.2980   0.12485   0.11926  -0.0255  1.0000  0.1173  -1.4029   0.0000   0.0000   0.0000   0.1513
  -8.500  -0.2558   0.12167   0.11658  -0.0225  1.0000  0.1204  -1.2397   0.0000   0.0000   0.0000   0.1518
  -8.250  -0.3066   0.12018   0.11470  -0.0245  1.0000  0.1198  -1.4517   0.0000   0.0000   0.0000   0.1580
  -8.000  -0.2560   0.11707   0.11209  -0.0201  1.0000  0.1267  -1.2297   0.0000   0.0000   0.0000   0.1620
  -7.750  -0.2997   0.11509   0.10972  -0.0217  1.0000  0.1258  -1.4125   0.0000   0.0000   0.0000   0.1663
  -7.500  -0.2975   0.11501   0.11020  -0.0201  1.0000  0.1295  -1.3868   0.0000   0.0000   0.0000   0.1748
  -7.250  -0.3414   0.11370   0.10855  -0.0209  1.0000  0.1294  -1.5648   0.0000   0.0000   0.0000   0.1797
  -7.000  -0.2753   0.10820   0.10348  -0.0156  1.0000  0.1374  -1.2868   0.0000   0.0000   0.0000   0.1856
  -6.750  -0.3202   0.10682   0.10175  -0.0166  1.0000  0.1362  -1.4716   0.0000   0.0000   0.0000   0.1892
  -6.500  -0.3243   0.10633   0.10180  -0.0142  1.0000  0.1403  -1.4402   0.0000   0.0000   0.0000   0.2002
  -6.250  -0.3693   0.10563   0.10078  -0.0133  1.0000  0.1400  -1.6070   0.0000   0.0000   0.0000   0.2069
  -6.000  -0.3158   0.10053   0.09611  -0.0100  1.0000  0.1498  -1.4110   0.0000   0.0000   0.0000   0.2128
  -5.750  -0.3638   0.10004   0.09531  -0.0086  1.0000  0.1473  -1.5814   0.0000   0.0000   0.0000   0.2197
  -5.500  -0.3315   0.09623   0.09194  -0.0058  1.0000  0.1557  -1.4607   0.0000   0.0000   0.0000   0.2275
  -5.250  -0.3834   0.09555   0.09097  -0.0079  1.0000  0.1537  -1.6745   0.0000   0.0000   0.0000   0.2234
  -3.500  -0.2658   0.05660   0.05126  -0.0622  0.9974  0.1403  -2.1336   0.0000   0.0000   0.0000   0.0089
  -3.250  -0.1979   0.05002   0.04425  -0.0761  0.9898  0.1395  -2.0707   0.0000   0.0000   0.0000  -0.1441
  -3.000  -0.1208   0.04262   0.03598  -0.0919  0.9840  0.1394  -2.0204   0.0000   0.0000   0.0000  -0.5260
  -2.750  -0.0547   0.03846   0.03107  -0.1019  0.9781  0.1418  -1.9085   0.0000   0.0000   0.0000  -1.6456
  -2.500   0.0011   0.03653   0.02868  -0.1082  0.9703  0.1491  -1.7613   0.0000   0.0000   0.0000  102.5386
  -2.250   0.0521   0.03524   0.02705  -0.1132  0.9613  0.1604  -1.6213   0.0000   0.0000   0.0000   2.4509
  -2.000   0.0988   0.03474   0.02648  -0.1170  0.9515  0.1765  -1.5249   0.0000   0.0000   0.0000   1.4474
  -1.750   0.1457   0.03432   0.02593  -0.1207  0.9414  0.1970  -1.4260   0.0000   0.0000   0.0000   1.0863
  -1.500   0.1928   0.03375   0.02518  -0.1243  0.9311  0.2169  -1.3291   0.0000   0.0000   0.0000   0.8994
  -1.250   0.2380   0.03331   0.02478  -0.1273  0.9205  0.2371  -1.2219   0.0000   0.0000   0.0000   0.7879
  -1.000   0.2811   0.03276   0.02423  -0.1299  0.9091  0.2561  -1.1289   0.0000   0.0000   0.0000   0.7138
  -0.750   0.3230   0.03225   0.02372  -0.1322  0.8970  0.2775  -1.0439   0.0000   0.0000   0.0000   0.6599
  -0.500   0.3654   0.03171   0.02319  -0.1344  0.8852  0.3010  -0.9570   0.0000   0.0000   0.0000   0.6177
  -0.250   0.4088   0.03110   0.02260  -0.1366  0.8735  0.3272  -0.8690   0.0000   0.0000   0.0000   0.5835
   0.000   0.4518   0.03046   0.02207  -0.1386  0.8619  0.3570  -0.7787   0.0000   0.0000   0.0000   0.5555
   0.250   0.4959   0.02973   0.02147  -0.1405  0.8503  0.3935  -0.8023   0.0000   0.0000   0.0000   0.5318
   0.500   0.5408   0.02885   0.02075  -0.1424  0.8389  0.4346  -0.8495   0.0000   0.0000   0.0000   0.5113
   0.750   0.5863   0.02784   0.01994  -0.1441  0.8277  0.4879  -0.8988   0.0000   0.0000   0.0000   0.4934
   1.000   0.6313   0.02664   0.01903  -0.1454  0.8168  0.5606  -0.9492   0.0000   0.0000   0.0000   0.4776
   1.250   0.6736   0.02523   0.01803  -0.1459  0.8061  0.6658  -1.0002   0.0000   0.0000   0.0000   0.4634
   1.750   0.7582   0.02227   0.01535  -0.1467  0.7827  1.0000  -1.1078   0.0000   0.0000   0.0000   0.4396
   2.000   0.8065   0.02157   0.01445  -0.1490  0.7664  1.0000  -1.1730   0.0000   0.0000   0.0000   0.4306
   2.250   0.8653   0.02069   0.01339  -0.1530  0.7502  1.0000  -1.2508   0.0000   0.0000   0.0000   0.4223
   2.500   0.9121   0.02022   0.01274  -0.1551  0.7291  1.0000  -1.3176   0.0000   0.0000   0.0000   0.4152
   2.750   0.9582   0.01989   0.01221  -0.1571  0.7061  1.0000  -1.3846   0.0000   0.0000   0.0000   0.4088
   3.000   0.9941   0.01991   0.01206  -0.1575  0.6804  1.0000  -1.4416   0.0000   0.0000   0.0000   0.4030
   3.250   1.0284   0.02004   0.01199  -0.1576  0.6543  1.0000  -1.5003   0.0000   0.0000   0.0000   0.3975
   3.750   1.0895   0.02067   0.01220  -0.1569  0.6032  1.0000  -1.6168   0.0000   0.0000   0.0000   0.3875
   4.000   1.1170   0.02111   0.01248  -0.1560  0.5785  1.0000  -1.6738   0.0000   0.0000   0.0000   0.3829
   4.250   1.1438   0.02161   0.01278  -0.1551  0.5550  1.0000  -1.7304   0.0000   0.0000   0.0000   0.3785
   4.500   1.1694   0.02216   0.01315  -0.1541  0.5325  1.0000  -1.7859   0.0000   0.0000   0.0000   0.3743
   4.750   1.1940   0.02276   0.01359  -0.1529  0.5109  1.0000  -1.8418   0.0000   0.0000   0.0000   0.3703
   5.000   1.2176   0.02340   0.01409  -0.1516  0.4902  1.0000  -1.8995   0.0000   0.0000   0.0000   0.3664
   5.250   1.2412   0.02407   0.01467  -0.1503  0.4708  1.0000  -1.9573   0.0000   0.0000   0.0000   0.3626
   5.500   1.2662   0.02475   0.01518  -0.1493  0.4527  1.0000  -2.0176   0.0000   0.0000   0.0000   0.3591
   5.750   1.2879   0.02547   0.01583  -0.1478  0.4349  1.0000  -2.0759   0.0000   0.0000   0.0000   0.3555
   6.000   1.3112   0.02622   0.01646  -0.1465  0.4185  1.0000  -2.1394   0.0000   0.0000   0.0000   0.3522
   6.250   1.3333   0.02701   0.01719  -0.1451  0.4028  1.0000  -2.2011   0.0000   0.0000   0.0000   0.3489
   6.500   1.3587   0.02782   0.01785  -0.1443  0.3885  1.0000  -2.2683   0.0000   0.0000   0.0000   0.3459
   6.750   1.3796   0.02871   0.01873  -0.1427  0.3747  1.0000  -2.3279   0.0000   0.0000   0.0000   0.3428
   7.000   1.4008   0.02962   0.01972  -0.1413  0.3615  1.0000  -2.3882   0.0000   0.0000   0.0000   0.3399
   7.250   1.4225   0.03053   0.02061  -0.1399  0.3491  1.0000  -2.4498   0.0000   0.0000   0.0000   0.3370
   7.500   1.4441   0.03148   0.02152  -0.1385  0.3373  1.0000  -2.5170   0.0000   0.0000   0.0000   0.3342
   7.750   1.4654   0.03247   0.02251  -0.1371  0.3262  1.0000  -2.6020   0.0000   0.0000   0.0000   0.3315
   8.000   1.4858   0.03351   0.02355  -0.1356  0.3156  1.0000  -2.6858   0.0000   0.0000   0.0000   0.3288
   8.250   1.5057   0.03460   0.02468  -0.1341  0.3058  1.0000  -2.7688   0.0000   0.0000   0.0000   0.3262
   8.500   1.5262   0.03576   0.02586  -0.1326  0.2966  1.0000  -2.8532   0.0000   0.0000   0.0000   0.3236
   8.750   1.5484   0.03689   0.02698  -0.1315  0.2879  1.0000  -2.9425   0.0000   0.0000   0.0000   0.3213
   9.000   1.5710   0.03800   0.02805  -0.1304  0.2793  1.0000  -3.0340   0.0000   0.0000   0.0000   0.3190
   9.250   1.5812   0.03940   0.02967  -0.1275  0.2713  1.0000  -3.0968   0.0000   0.0000   0.0000   0.3162
   9.500   1.5976   0.04081   0.03126  -0.1256  0.2641  1.0000  -3.1735   0.0000   0.0000   0.0000   0.3138
   9.750   1.6242   0.04199   0.03235  -0.1252  0.2569  1.0000  -3.2753   0.0000   0.0000   0.0000   0.3118
  10.000   1.6262   0.04370   0.03438  -0.1212  0.2503  1.0000  -3.3195   0.0000   0.0000   0.0000   0.3089
  10.250   1.6425   0.04516   0.03590  -0.1194  0.2440  1.0000  -3.3981   0.0000   0.0000   0.0000   0.3066
  10.500   1.6533   0.04674   0.03762  -0.1169  0.2379  1.0000  -3.4637   0.0000   0.0000   0.0000   0.3042
  10.750   1.6612   0.04868   0.03974  -0.1141  0.2329  1.0000  -3.5202   0.0000   0.0000   0.0000   0.3018
  11.000   1.6653   0.05060   0.04186  -0.1109  0.2279  1.0000  -3.5688   0.0000   0.0000   0.0000   0.2993
  11.250   1.6759   0.05239   0.04374  -0.1086  0.2230  1.0000  -3.6337   0.0000   0.0000   0.0000   0.2971
  11.500   1.6578   0.05490   0.04658  -0.1028  0.2193  1.0000  -3.6305   0.0000   0.0000   0.0000   0.2939
  11.750   1.6860   0.05600   0.04762  -0.1026  0.2131  1.0000  -3.7783   0.0000   0.0000   0.0000   0.2923
  12.000   1.6514   0.05933   0.05136  -0.0957  0.2109  1.0000  -3.7362   0.0000   0.0000   0.0000   0.2891
  12.250   1.6260   0.06273   0.05507  -0.0907  0.2081  1.0000  -3.7220   0.0000   0.0000   0.0000   0.2865
  12.500   1.2884   0.10266   0.09609  -0.0935  0.2195  1.0000  -2.7487   0.0000   0.0000   0.0000   0.3036
  12.750   1.6077   0.06863   0.06127  -0.0851  0.2010  1.0000  -3.7996   0.0000   0.0000   0.0000   0.2827
  13.000   1.6552   0.06744   0.05984  -0.0854  0.1923  1.0000  -4.0452   0.0000   0.0000   0.0000   0.2808
  13.250   1.4717   0.08680   0.08015  -0.0814  0.2015  1.0000  -3.4362   0.0000   0.0000   0.0000   0.2844
  13.500   1.5513   0.08104   0.07419  -0.0792  0.1919  1.0000  -3.8022   0.0000   0.0000   0.0000   0.2795
  19.000   0.8932   0.24313   0.23856  -0.1475  0.1668  1.0000  -1.2624   0.0000   0.0000   0.0000   0.3915
  19.500   0.9033   0.25002   0.24554  -0.1493  0.1587  1.0000  -1.2843   0.0000   0.0000   0.0000   0.3908
  20.000   0.9098   0.25679   0.25241  -0.1517  0.1482  1.0000  -1.2814   0.0000   0.0000   0.0000   0.3912


