xflr5 v6.61

 Calculated polar for: E63_7_00

 1 1 Reynolds number fixed          Mach number fixed         

 xtrf =   1.000 (top)        1.000 (bottom)
 Mach =   0.200     Re =     0.125 e 6     Ncrit =   9.000

  alpha     CL        CD       CDp       Cm    Top Xtr Bot Xtr   Cpmin    Chinge    XCp    
 ------- -------- --------- --------- -------- ------- ------- -------- --------- ---------
 -18.500  -0.5556   0.23073   0.22541   0.0009  1.0000  0.0225  -1.4372   0.0000   0.0000   0.0000   0.2414
 -18.000  -0.5403   0.22405   0.21874  -0.0008  1.0000  0.0232  -1.3562   0.0000   0.0000   0.0000   0.2386
 -17.500  -0.5256   0.21832   0.21300  -0.0029  1.0000  0.0240  -1.3073   0.0000   0.0000   0.0000   0.2349
 -17.000  -0.5111   0.21268   0.20739  -0.0051  1.0000  0.0249  -1.2696   0.0000   0.0000   0.0000   0.2308
 -16.500  -0.4968   0.20707   0.20180  -0.0072  1.0000  0.0259  -1.2488   0.0000   0.0000   0.0000   0.2265
 -16.000  -0.4829   0.20166   0.19641  -0.0095  1.0000  0.0271  -1.2761   0.0000   0.0000   0.0000   0.2217
 -15.500  -0.4711   0.19782   0.19261  -0.0125  1.0000  0.0279  -1.3560   0.0000   0.0000   0.0000   0.2151
 -15.000  -0.4658   0.19640   0.19125  -0.0160  1.0000  0.0282  -1.4768   0.0000   0.0000   0.0000   0.2078
 -14.500  -0.4461   0.18508   0.17996  -0.0157  1.0000  0.0291  -1.3967   0.0000   0.0000   0.0000   0.2068
 -14.000  -0.4319   0.17838   0.17328  -0.0162  1.0000  0.0304  -1.3329   0.0000   0.0000   0.0000   0.2047
 -13.500  -0.4196   0.17264   0.16754  -0.0173  1.0000  0.0318  -1.3196   0.0000   0.0000   0.0000   0.2012
 -13.000  -0.4081   0.16698   0.16192  -0.0184  1.0000  0.0333  -1.3207   0.0000   0.0000   0.0000   0.1974
 -12.500  -0.3973   0.16141   0.15639  -0.0196  1.0000  0.0349  -1.3321   0.0000   0.0000   0.0000   0.1935
 -12.000  -0.3880   0.15636   0.15140  -0.0211  1.0000  0.0364  -1.3713   0.0000   0.0000   0.0000   0.1887
 -11.500  -0.3843   0.15295   0.14805  -0.0234  1.0000  0.0371  -1.4603   0.0000   0.0000   0.0000   0.1827
 -11.000  -0.3856   0.15016   0.14534  -0.0255  1.0000  0.0373  -1.5559   0.0000   0.0000   0.0000   0.1779
 -10.500  -0.3640   0.13959   0.13481  -0.0235  1.0000  0.0383  -1.4099   0.0000   0.0000   0.0000   0.1793
 -10.000  -0.3535   0.13368   0.12896  -0.0229  1.0000  0.0399  -1.3393   0.0000   0.0000   0.0000   0.1793
  -9.750  -0.3496   0.13104   0.12635  -0.0228  1.0000  0.0408  -1.3221   0.0000   0.0000   0.0000   0.1790
  -9.500  -0.3462   0.12847   0.12381  -0.0227  1.0000  0.0417  -1.3112   0.0000   0.0000   0.0000   0.1787
  -9.250  -0.3433   0.12598   0.12136  -0.0227  1.0000  0.0427  -1.3058   0.0000   0.0000   0.0000   0.1784
  -9.000  -0.3411   0.12360   0.11898  -0.0227  1.0000  0.0438  -1.3079   0.0000   0.0000   0.0000   0.1781
  -8.750  -0.3406   0.12157   0.11700  -0.0229  1.0000  0.0448  -1.3281   0.0000   0.0000   0.0000   0.1775
  -8.500  -0.3439   0.12032   0.11581  -0.0235  1.0000  0.0455  -1.3770   0.0000   0.0000   0.0000   0.1769
  -8.250  -0.3503   0.11947   0.11503  -0.0239  1.0000  0.0458  -1.4362   0.0000   0.0000   0.0000   0.1772
  -8.000  -0.3579   0.11858   0.11421  -0.0240  1.0000  0.0459  -1.4931   0.0000   0.0000   0.0000   0.1788
  -7.750  -0.3660   0.11753   0.11324  -0.0235  1.0000  0.0460  -1.5440   0.0000   0.0000   0.0000   0.1819
  -7.500  -0.3439   0.11020   0.10590  -0.0212  1.0000  0.0471  -1.4098   0.0000   0.0000   0.0000   0.1843
  -7.250  -0.3393   0.10727   0.10301  -0.0196  1.0000  0.0481  -1.3673   0.0000   0.0000   0.0000   0.1881
  -7.000  -0.3391   0.10506   0.10085  -0.0183  1.0000  0.0491  -1.3562   0.0000   0.0000   0.0000   0.1921
  -6.750  -0.3413   0.10310   0.09895  -0.0170  1.0000  0.0501  -1.3586   0.0000   0.0000   0.0000   0.1966
  -6.500  -0.3455   0.10133   0.09724  -0.0154  1.0000  0.0512  -1.3700   0.0000   0.0000   0.0000   0.2019
  -6.250  -0.3523   0.09978   0.09576  -0.0136  1.0000  0.0522  -1.3890   0.0000   0.0000   0.0000   0.2082
  -6.000  -0.3603   0.09832   0.09436  -0.0119  1.0000  0.0532  -1.4156   0.0000   0.0000   0.0000   0.2140
  -5.750  -0.3646   0.09660   0.09271  -0.0124  1.0000  0.0545  -1.4636   0.0000   0.0000   0.0000   0.2133
  -5.500  -0.3656   0.09490   0.09108  -0.0171  1.0000  0.0554  -1.5689   0.0000   0.0000   0.0000   0.2007
  -5.250  -0.3542   0.09206   0.08827  -0.0263  1.0000  0.0558  -1.7037   0.0000   0.0000   0.0000   0.1731
  -5.000  -0.3571   0.08840   0.08468  -0.0194  1.0000  0.0566  -1.6098   0.0000   0.0000   0.0000   0.1932
  -4.750  -0.3549   0.08578   0.08209  -0.0157  1.0000  0.0579  -1.5362   0.0000   0.0000   0.0000   0.2033
  -4.500  -0.3489   0.08328   0.07962  -0.0156  1.0000  0.0601  -1.5055   0.0000   0.0000   0.0000   0.2030
  -4.250  -0.3353   0.08020   0.07656  -0.0203  1.0000  0.0640  -1.5339   0.0000   0.0000   0.0000   0.1873
  -4.000  -0.3088   0.07548   0.07184  -0.0307  1.0000  0.0667  -1.6236   0.0000   0.0000   0.0000   0.1482
  -3.750  -0.3059   0.07338   0.06978  -0.0270  1.0000  0.0691  -1.5420   0.0000   0.0000   0.0000   0.1595
  -3.500  -0.2512   0.06738   0.06365  -0.0454  1.0000  0.0764  -1.6575   0.0000   0.0000   0.0000   0.0664
  -3.250  -0.2486   0.06517   0.06147  -0.0414  1.0000  0.0779  -1.5756   0.0000   0.0000   0.0000   0.0809
  -3.000  -0.1233   0.05088   0.04713  -0.0660  0.9796  0.0966  -1.4574   0.0000   0.0000   0.0000  -0.2895
  -2.750  -0.1549   0.05639   0.05252  -0.0599  0.9940  0.0919  -1.5104   0.0000   0.0000   0.0000  -0.1413
  -2.500  -0.0891   0.05126   0.04722  -0.0734  0.9899  0.1032  -1.4720   0.0000   0.0000   0.0000  -0.5808
  -2.250  -0.0110   0.04567   0.04130  -0.0894  0.9874  0.1205  -1.4377   0.0000   0.0000   0.0000  -7.9471
  -2.000   0.1106   0.03220   0.02644  -0.1131  0.9918  0.0622  -1.8528   0.0000   0.0000   0.0000   1.2782
  -1.750   0.1838   0.02723   0.02013  -0.1223  0.9924  0.0566  -1.9367   0.0000   0.0000   0.0000   0.9186
  -1.500   0.2366   0.02524   0.01760  -0.1269  0.9901  0.0572  -1.8274   0.0000   0.0000   0.0000   0.7887
  -1.250   0.2862   0.02407   0.01620  -0.1308  0.9870  0.0621  -1.7145   0.0000   0.0000   0.0000   0.7087
  -1.000   0.3340   0.02300   0.01506  -0.1344  0.9822  0.0781  -1.6125   0.0000   0.0000   0.0000   0.6534
  -0.750   0.3824   0.02240   0.01458  -0.1384  0.9775  0.1240  -1.4371   0.0000   0.0000   0.0000   0.6124
  -0.500   0.4287   0.02202   0.01443  -0.1421  0.9713  0.2040  -1.2094   0.0000   0.0000   0.0000   0.5817
  -0.250   0.4721   0.02175   0.01459  -0.1455  0.9635  0.3309  -0.9625   0.0000   0.0000   0.0000   0.5581
   0.000   0.5160   0.02122   0.01472  -0.1487  0.9566  0.5281  -0.7636   0.0000   0.0000   0.0000   0.5377
   0.250   0.5429   0.02012   0.01443  -0.1473  0.9469  1.0000  -0.6235   0.0000   0.0000   0.0000   0.5206
   0.500   0.5872   0.02009   0.01414  -0.1502  0.9381  1.0000  -0.6502   0.0000   0.0000   0.0000   0.5048
   0.750   0.6346   0.01995   0.01381  -0.1536  0.9309  1.0000  -0.6959   0.0000   0.0000   0.0000   0.4907
   1.000   0.6761   0.01975   0.01348  -0.1558  0.9210  1.0000  -0.7393   0.0000   0.0000   0.0000   0.4788
   1.250   0.7181   0.01944   0.01308  -0.1579  0.9108  1.0000  -0.7853   0.0000   0.0000   0.0000   0.4680
   1.500   0.7602   0.01902   0.01261  -0.1600  0.9005  1.0000  -0.8366   0.0000   0.0000   0.0000   0.4582
   1.750   0.8021   0.01853   0.01208  -0.1618  0.8901  1.0000  -0.8938   0.0000   0.0000   0.0000   0.4493
   2.000   0.8438   0.01796   0.01150  -0.1635  0.8797  1.0000  -0.9548   0.0000   0.0000   0.0000   0.4410
   2.250   0.8856   0.01726   0.01083  -0.1650  0.8692  1.0000  -1.0170   0.0000   0.0000   0.0000   0.4333
   2.500   0.9288   0.01648   0.01007  -0.1666  0.8581  1.0000  -1.0856   0.0000   0.0000   0.0000   0.4262
   2.750   0.9695   0.01580   0.00942  -0.1678  0.8432  1.0000  -1.1582   0.0000   0.0000   0.0000   0.4196
   3.000   1.0148   0.01508   0.00875  -0.1699  0.8264  1.0000  -1.2415   0.0000   0.0000   0.0000   0.4137
   3.250   1.0619   0.01449   0.00818  -0.1724  0.8042  1.0000  -1.3305   0.0000   0.0000   0.0000   0.4083
   3.500   1.1060   0.01410   0.00777  -0.1744  0.7733  1.0000  -1.4237   0.0000   0.0000   0.0000   0.4033
   3.750   1.1463   0.01397   0.00757  -0.1757  0.7344  1.0000  -1.5393   0.0000   0.0000   0.0000   0.3986
   4.000   1.1803   0.01411   0.00755  -0.1758  0.6904  1.0000  -1.6459   0.0000   0.0000   0.0000   0.3941
   4.250   1.2082   0.01448   0.00770  -0.1749  0.6435  1.0000  -1.7433   0.0000   0.0000   0.0000   0.3896
   4.500   1.2324   0.01500   0.00798  -0.1734  0.5967  1.0000  -1.8353   0.0000   0.0000   0.0000   0.3852
   4.750   1.2535   0.01561   0.00837  -0.1714  0.5505  1.0000  -1.9338   0.0000   0.0000   0.0000   0.3809
   5.000   1.2732   0.01630   0.00890  -0.1692  0.5060  1.0000  -2.0766   0.0000   0.0000   0.0000   0.3767
   5.250   1.2913   0.01705   0.00941  -0.1668  0.4619  1.0000  -2.2178   0.0000   0.0000   0.0000   0.3727
   5.500   1.3081   0.01784   0.00996  -0.1643  0.4180  1.0000  -2.3578   0.0000   0.0000   0.0000   0.3688
   5.750   1.3243   0.01866   0.01055  -0.1618  0.3765  1.0000  -2.5101   0.0000   0.0000   0.0000   0.3650
   6.000   1.3411   0.01946   0.01119  -0.1594  0.3387  1.0000  -2.6811   0.0000   0.0000   0.0000   0.3614
   6.250   1.3589   0.02029   0.01189  -0.1573  0.3078  1.0000  -2.8581   0.0000   0.0000   0.0000   0.3580
   6.500   1.3768   0.02114   0.01263  -0.1553  0.2803  1.0000  -3.0381   0.0000   0.0000   0.0000   0.3546
   6.750   1.3943   0.02198   0.01340  -0.1532  0.2532  1.0000  -3.2199   0.0000   0.0000   0.0000   0.3514
   7.000   1.4114   0.02285   0.01430  -0.1510  0.2281  1.0000  -3.4028   0.0000   0.0000   0.0000   0.3482
   7.250   1.4288   0.02375   0.01518  -0.1490  0.2069  1.0000  -3.5881   0.0000   0.0000   0.0000   0.3451
   7.500   1.4459   0.02470   0.01614  -0.1469  0.1888  1.0000  -3.7727   0.0000   0.0000   0.0000   0.3420
   7.750   1.4613   0.02569   0.01713  -0.1445  0.1716  1.0000  -3.9518   0.0000   0.0000   0.0000   0.3390
   8.000   1.4762   0.02667   0.01816  -0.1420  0.1528  1.0000  -4.1283   0.0000   0.0000   0.0000   0.3360
   8.250   1.4894   0.02779   0.01931  -0.1394  0.1349  1.0000  -4.2949   0.0000   0.0000   0.0000   0.3330
   8.500   1.5001   0.02908   0.02060  -0.1364  0.1164  1.0000  -4.4457   0.0000   0.0000   0.0000   0.3299
   8.750   1.5082   0.03064   0.02214  -0.1331  0.0973  1.0000  -4.5733   0.0000   0.0000   0.0000   0.3269
   9.000   1.5151   0.03250   0.02405  -0.1296  0.0798  1.0000  -4.6674   0.0000   0.0000   0.0000   0.3238
   9.250   1.5199   0.03462   0.02617  -0.1260  0.0684  1.0000  -4.7434   0.0000   0.0000   0.0000   0.3208
   9.500   1.5266   0.03682   0.02845  -0.1227  0.0604  1.0000  -4.8187   0.0000   0.0000   0.0000   0.3179
   9.750   1.5334   0.03906   0.03080  -0.1197  0.0550  1.0000  -4.9118   0.0000   0.0000   0.0000   0.3152
  10.000   1.5422   0.04105   0.03296  -0.1170  0.0503  1.0000  -5.0159   0.0000   0.0000   0.0000   0.3126
  10.250   1.5517   0.04374   0.03562  -0.1147  0.0474  1.0000  -5.1558   0.0000   0.0000   0.0000   0.3102
  10.500   1.5650   0.04630   0.03849  -0.1126  0.0455  1.0000  -5.2854   0.0000   0.0000   0.0000   0.3078
  10.750   1.5764   0.04915   0.04165  -0.1104  0.0439  1.0000  -5.4057   0.0000   0.0000   0.0000   0.3055
  11.000   1.5842   0.05220   0.04501  -0.1080  0.0426  1.0000  -5.5108   0.0000   0.0000   0.0000   0.3033
  11.250   1.5878   0.05546   0.04858  -0.1054  0.0416  1.0000  -5.5974   0.0000   0.0000   0.0000   0.3011
  11.500   1.5872   0.05896   0.05238  -0.1028  0.0410  1.0000  -5.6641   0.0000   0.0000   0.0000   0.2991
  11.750   1.5827   0.06273   0.05647  -0.1002  0.0405  1.0000  -5.7096   0.0000   0.0000   0.0000   0.2972
  12.000   1.5741   0.06684   0.06090  -0.0979  0.0402  1.0000  -5.7324   0.0000   0.0000   0.0000   0.2956
  12.250   1.5617   0.07134   0.06572  -0.0959  0.0400  1.0000  -5.7319   0.0000   0.0000   0.0000   0.2945
  12.500   1.5459   0.07629   0.07100  -0.0946  0.0400  1.0000  -5.7083   0.0000   0.0000   0.0000   0.2938
  12.750   1.5269   0.08179   0.07682  -0.0941  0.0400  1.0000  -5.6610   0.0000   0.0000   0.0000   0.2938
  13.000   1.5050   0.08796   0.08330  -0.0947  0.0401  1.0000  -5.5885   0.0000   0.0000   0.0000   0.2947
  13.250   1.4804   0.09497   0.09061  -0.0968  0.0403  1.0000  -5.4883   0.0000   0.0000   0.0000   0.2967
  13.500   1.4516   0.10325   0.09921  -0.1007  0.0407  1.0000  -5.3437   0.0000   0.0000   0.0000   0.3002
  13.750   1.4180   0.11352   0.10978  -0.1072  0.0413  1.0000  -5.1368   0.0000   0.0000   0.0000   0.3061
  14.000   1.3801   0.12646   0.12298  -0.1168  0.0421  1.0000  -4.8491   0.0000   0.0000   0.0000   0.3149
  14.250   1.3332   0.14452   0.14123  -0.1311  0.0436  1.0000  -4.3822   0.0000   0.0000   0.0000   0.3286
  14.500   1.2948   0.16336   0.16007  -0.1447  0.0454  1.0000  -3.8538   0.0000   0.0000   0.0000   0.3422
  14.750   1.2817   0.17460   0.17128  -0.1516  0.0463  1.0000  -3.5926   0.0000   0.0000   0.0000   0.3487
  15.000   1.2782   0.18225   0.17891  -0.1560  0.0469  1.0000  -3.4713   0.0000   0.0000   0.0000   0.3522


