xflr5 v6.61

 Calculated polar for: E63_12_00

 1 1 Reynolds number fixed          Mach number fixed         

 xtrf =   1.000 (top)        1.000 (bottom)
 Mach =   0.200     Re =     0.050 e 6     Ncrit =   9.000

  alpha     CL        CD       CDp       Cm    Top Xtr Bot Xtr   Cpmin    Chinge    XCp    
 ------- -------- --------- --------- -------- ------- ------- -------- --------- ---------
 -20.000  -0.5218   0.24623   0.23731  -0.0035  1.0000  0.0800  -1.3228   0.0000   0.0000   0.0000   0.2189
 -19.500  -0.5066   0.24111   0.23223  -0.0059  1.0000  0.0830  -1.3194   0.0000   0.0000   0.0000   0.2142
 -19.000  -0.4942   0.23748   0.22865  -0.0090  1.0000  0.0856  -1.3449   0.0000   0.0000   0.0000   0.2082
 -18.500  -0.4867   0.23605   0.22731  -0.0126  1.0000  0.0866  -1.3993   0.0000   0.0000   0.0000   0.2014
 -18.000  -0.4630   0.22538   0.21665  -0.0129  1.0000  0.0892  -1.3209   0.0000   0.0000   0.0000   0.1992
 -17.500  -0.4476   0.21993   0.21121  -0.0147  1.0000  0.0931  -1.3024   0.0000   0.0000   0.0000   0.1947
 -17.000  -0.4397   0.21756   0.20891  -0.0178  1.0000  0.0967  -1.3425   0.0000   0.0000   0.0000   0.1878
 -16.500  -0.4212   0.20960   0.20103  -0.0187  1.0000  0.0995  -1.2991   0.0000   0.0000   0.0000   0.1840
 -16.000  -0.4064   0.20411   0.19559  -0.0200  1.0000  0.1044  -1.2758   0.0000   0.0000   0.0000   0.1795
 -15.500  -0.4018   0.20196   0.19352  -0.0228  1.0000  0.1075  -1.3194   0.0000   0.0000   0.0000   0.1728
 -15.000  -0.3822   0.19354   0.18517  -0.0231  1.0000  0.1103  -1.2659   0.0000   0.0000   0.0000   0.1690
 -14.500  -0.3685   0.18800   0.17970  -0.0240  1.0000  0.1152  -1.2398   0.0000   0.0000   0.0000   0.1646
 -14.000  -0.3684   0.18615   0.17795  -0.0265  1.0000  0.1185  -1.3027   0.0000   0.0000   0.0000   0.1589
 -13.500  -0.3464   0.17719   0.16902  -0.0260  1.0000  0.1224  -1.2541   0.0000   0.0000   0.0000   0.1555
 -13.000  -0.3381   0.17260   0.16451  -0.0269  1.0000  0.1280  -1.2707   0.0000   0.0000   0.0000   0.1514
 -12.500  -0.3310   0.16741   0.15943  -0.0278  1.0000  0.1309  -1.2927   0.0000   0.0000   0.0000   0.1477
 -12.000  -0.3174   0.16135   0.15344  -0.0275  1.0000  0.1370  -1.2720   0.0000   0.0000   0.0000   0.1451
 -11.500  -0.3203   0.15810   0.15034  -0.0287  1.0000  0.1408  -1.3279   0.0000   0.0000   0.0000   0.1432
 -11.000  -0.3021   0.15081   0.14312  -0.0276  1.0000  0.1474  -1.2828   0.0000   0.0000   0.0000   0.1416
 -10.500  -0.3055   0.14703   0.13950  -0.0281  1.0000  0.1520  -1.3295   0.0000   0.0000   0.0000   0.1419
 -10.000  -0.2932   0.14089   0.13345  -0.0269  1.0000  0.1599  -1.3034   0.0000   0.0000   0.0000   0.1424
  -9.750  -0.3051   0.14065   0.13330  -0.0275  1.0000  0.1621  -1.3588   0.0000   0.0000   0.0000   0.1453
  -9.500  -0.2893   0.13558   0.12827  -0.0261  1.0000  0.1654  -1.3125   0.0000   0.0000   0.0000   0.1447
  -9.250  -0.2877   0.13325   0.12600  -0.0255  1.0000  0.1702  -1.3139   0.0000   0.0000   0.0000   0.1466
  -9.000  -0.3014   0.13296   0.12582  -0.0258  1.0000  0.1730  -1.3689   0.0000   0.0000   0.0000   0.1511
  -8.750  -0.2865   0.12820   0.12106  -0.0243  1.0000  0.1770  -1.3273   0.0000   0.0000   0.0000   0.1515
  -8.500  -0.2895   0.12640   0.11933  -0.0236  1.0000  0.1823  -1.3420   0.0000   0.0000   0.0000   0.1553
  -8.250  -0.2939   0.12426   0.11729  -0.0230  1.0000  0.1857  -1.3629   0.0000   0.0000   0.0000   0.1594
  -8.000  -0.2929   0.12202   0.11512  -0.0217  1.0000  0.1937  -1.3592   0.0000   0.0000   0.0000   0.1640
  -7.750  -0.2888   0.11906   0.11223  -0.0202  1.0000  0.2013  -1.3486   0.0000   0.0000   0.0000   0.1683
  -7.500  -0.3081   0.11901   0.11231  -0.0194  1.0000  0.2059  -1.4031   0.0000   0.0000   0.0000   0.1767
  -7.250  -0.3033   0.11598   0.10935  -0.0175  1.0000  0.2161  -1.3892   0.0000   0.0000   0.0000   0.1818
  -7.000  -0.2996   0.11303   0.10646  -0.0157  1.0000  0.2251  -1.3962   0.0000   0.0000   0.0000   0.1874
  -6.750  -0.3017   0.11079   0.10432  -0.0139  1.0000  0.2344  -1.4120   0.0000   0.0000   0.0000   0.1944
  -6.500  -0.3061   0.10888   0.10249  -0.0118  1.0000  0.2448  -1.4277   0.0000   0.0000   0.0000   0.2022
  -6.250  -0.3321   0.10920   0.10296  -0.0094  1.0000  0.2496  -1.4796   0.0000   0.0000   0.0000   0.2136
  -6.000  -0.3292   0.10639   0.10020  -0.0073  1.0000  0.2596  -1.4784   0.0000   0.0000   0.0000   0.2202
  -5.750  -0.3289   0.10369   0.09757  -0.0052  1.0000  0.2651  -1.4812   0.0000   0.0000   0.0000   0.2268
  -5.500  -0.3510   0.10339   0.09741  -0.0024  1.0000  0.2709  -1.5185   0.0000   0.0000   0.0000   0.2366
  -5.250  -0.3474   0.10047   0.09454  -0.0003  1.0000  0.2772  -1.5082   0.0000   0.0000   0.0000   0.2427
  -5.000  -0.3679   0.09980   0.09400   0.0002  1.0000  0.2832  -1.5536   0.0000   0.0000   0.0000   0.2447
  -4.750  -0.3628   0.09703   0.09126   0.0026  1.0000  0.2915  -1.5313   0.0000   0.0000   0.0000   0.2516
  -4.500  -0.3652   0.09474   0.08904   0.0040  1.0000  0.2980  -1.5291   0.0000   0.0000   0.0000   0.2558
  -4.250  -0.3729   0.09294   0.08732   0.0040  1.0000  0.3062  -1.5447   0.0000   0.0000   0.0000   0.2559
  -4.000  -0.3768   0.09107   0.08552   0.0035  1.0000  0.3161  -1.5525   0.0000   0.0000   0.0000   0.2547
  -3.750  -0.3753   0.08882   0.08331   0.0043  1.0000  0.3262  -1.5378   0.0000   0.0000   0.0000   0.2572
  -3.500  -0.3735   0.08658   0.08112   0.0045  1.0000  0.3373  -1.5244   0.0000   0.0000   0.0000   0.2579
  -3.250  -0.3705   0.08422   0.07882   0.0059  1.0000  0.3496  -1.4994   0.0000   0.0000   0.0000   0.2618
  -3.000  -0.3667   0.08203   0.07668   0.0083  1.0000  0.3634  -1.4639   0.0000   0.0000   0.0000   0.2689
  -2.750  -0.3626   0.08004   0.07474   0.0070  1.0000  0.3822  -1.4471   0.0000   0.0000   0.0000   0.2656
  -2.250  -0.1684   0.05330   0.04635  -0.0652  1.0000  0.2058  -1.6550   0.0000   0.0000   0.0000  -0.1449
  -2.000  -0.1265   0.04952   0.04225  -0.0724  1.0000  0.2046  -1.5962   0.0000   0.0000   0.0000  -0.3318
  -1.750  -0.0979   0.04788   0.04048  -0.0753  1.0000  0.2120  -1.5121   0.0000   0.0000   0.0000  -0.5304
  -1.500  -0.0568   0.04542   0.03762  -0.0814  1.0000  0.2200  -1.4348   0.0000   0.0000   0.0000  -1.2009
  -1.250  -0.0206   0.04378   0.03562  -0.0858  1.0000  0.2299  -1.3918   0.0000   0.0000   0.0000  -3.9644
  -1.000   0.0027   0.04347   0.03527  -0.0868  1.0000  0.2438  -1.3457   0.0000   0.0000   0.0000  33.2818
  -0.750   0.0790   0.04301   0.03430  -0.0971  0.9852  0.2710  -1.2567   0.0000   0.0000   0.0000   1.4870
  -0.500   0.1402   0.04294   0.03408  -0.1038  0.9701  0.2969  -1.1559   0.0000   0.0000   0.0000   0.9933
  -0.250   0.1928   0.04279   0.03379  -0.1090  0.9533  0.3253  -1.0799   0.0000   0.0000   0.0000   0.8169
   0.000   0.2416   0.04270   0.03368  -0.1133  0.9366  0.3534  -0.9991   0.0000   0.0000   0.0000   0.7191
   0.250   0.2955   0.04258   0.03350  -0.1181  0.9210  0.3865  -0.9104   0.0000   0.0000   0.0000   0.6490
   0.500   0.3388   0.04251   0.03344  -0.1210  0.9032  0.4223  -0.8300   0.0000   0.0000   0.0000   0.6060
   0.750   0.3873   0.04236   0.03332  -0.1244  0.8869  0.4648  -0.7421   0.0000   0.0000   0.0000   0.5694
   1.000   0.4324   0.04213   0.03318  -0.1270  0.8698  0.5153  -0.7657   0.0000   0.0000   0.0000   0.5414
   1.250   0.4723   0.04184   0.03308  -0.1284  0.8522  0.5794  -0.8063   0.0000   0.0000   0.0000   0.5192
   1.500   0.5148   0.04103   0.03267  -0.1293  0.8366  0.6731  -0.8511   0.0000   0.0000   0.0000   0.4982
   1.750   0.5301   0.03994   0.03225  -0.1253  0.8197  0.8304  -0.8760   0.0000   0.0000   0.0000   0.4830
   2.000   0.5900   0.03951   0.03128  -0.1313  0.8002  1.0000  -0.9345   0.0000   0.0000   0.0000   0.4688
   2.250   0.6412   0.03925   0.03070  -0.1342  0.7830  1.0000  -0.9926   0.0000   0.0000   0.0000   0.4552
   2.500   0.6809   0.03920   0.03047  -0.1352  0.7640  1.0000  -1.0430   0.0000   0.0000   0.0000   0.4442
   2.750   0.7381   0.03813   0.02922  -0.1377  0.7495  1.0000  -1.1178   0.0000   0.0000   0.0000   0.4319
   3.000   0.7758   0.03782   0.02882  -0.1379  0.7307  1.0000  -1.1725   0.0000   0.0000   0.0000   0.4227
   3.250   0.8394   0.03604   0.02691  -0.1406  0.7168  1.0000  -1.2578   0.0000   0.0000   0.0000   0.4121
   3.500   0.8817   0.03545   0.02624  -0.1411  0.6976  1.0000  -1.3194   0.0000   0.0000   0.0000   0.4043
   3.750   0.9357   0.03434   0.02506  -0.1429  0.6790  1.0000  -1.3982   0.0000   0.0000   0.0000   0.3967
   4.000   0.9979   0.03299   0.02360  -0.1458  0.6596  1.0000  -1.4900   0.0000   0.0000   0.0000   0.3898
   4.250   1.0464   0.03238   0.02288  -0.1472  0.6379  1.0000  -1.5704   0.0000   0.0000   0.0000   0.3840
   4.500   1.0872   0.03225   0.02265  -0.1477  0.6153  1.0000  -1.6416   0.0000   0.0000   0.0000   0.3789
   4.750   1.1238   0.03241   0.02269  -0.1478  0.5930  1.0000  -1.7078   0.0000   0.0000   0.0000   0.3742
   5.000   1.1574   0.03278   0.02294  -0.1476  0.5712  1.0000  -1.7719   0.0000   0.0000   0.0000   0.3698
   5.250   1.1894   0.03329   0.02333  -0.1472  0.5502  1.0000  -1.8376   0.0000   0.0000   0.0000   0.3657
   5.500   1.2223   0.03383   0.02378  -0.1470  0.5300  1.0000  -1.9049   0.0000   0.0000   0.0000   0.3619
   5.750   1.2440   0.03481   0.02472  -0.1453  0.5107  1.0000  -1.9564   0.0000   0.0000   0.0000   0.3581
   6.000   1.2656   0.03587   0.02574  -0.1437  0.4927  1.0000  -2.0104   0.0000   0.0000   0.0000   0.3545
   6.250   1.2976   0.03660   0.02631  -0.1435  0.4753  1.0000  -2.0836   0.0000   0.0000   0.0000   0.3512
   6.500   1.3111   0.03803   0.02780  -0.1410  0.4593  1.0000  -2.1269   0.0000   0.0000   0.0000   0.3478
   6.750   1.3407   0.03890   0.02855  -0.1405  0.4435  1.0000  -2.1968   0.0000   0.0000   0.0000   0.3447
   7.000   1.3551   0.04040   0.03012  -0.1381  0.4293  1.0000  -2.2414   0.0000   0.0000   0.0000   0.3415
   7.250   1.3703   0.04195   0.03172  -0.1360  0.4159  1.0000  -2.2866   0.0000   0.0000   0.0000   0.3384
   7.500   1.3877   0.04347   0.03339  -0.1341  0.4033  1.0000  -2.3352   0.0000   0.0000   0.0000   0.3355
   7.750   1.4037   0.04513   0.03510  -0.1322  0.3916  1.0000  -2.3821   0.0000   0.0000   0.0000   0.3327
   8.000   1.4169   0.04693   0.03698  -0.1299  0.3806  1.0000  -2.4440   0.0000   0.0000   0.0000   0.3299
   8.250   1.4261   0.04893   0.03909  -0.1273  0.3704  1.0000  -2.4977   0.0000   0.0000   0.0000   0.3271
   8.500   1.4325   0.05113   0.04141  -0.1244  0.3610  1.0000  -2.5451   0.0000   0.0000   0.0000   0.3243
   8.750   1.4416   0.05330   0.04367  -0.1220  0.3521  1.0000  -2.5982   0.0000   0.0000   0.0000   0.3218
   9.000   1.4568   0.05518   0.04559  -0.1202  0.3430  1.0000  -2.6649   0.0000   0.0000   0.0000   0.3193
   9.250   1.4246   0.05934   0.05007  -0.1140  0.3377  1.0000  -2.6278   0.0000   0.0000   0.0000   0.3165
   9.500   1.4209   0.06226   0.05310  -0.1107  0.3313  1.0000  -2.6523   0.0000   0.0000   0.0000   0.3141
   9.750   1.3341   0.07079   0.06195  -0.1031  0.3307  1.0000  -2.4885   0.0000   0.0000   0.0000   0.3132
  10.750   1.0060   0.13541   0.12685  -0.1243  0.3436  1.0000  -1.6052   0.0000   0.0000   0.0000   0.3598
  12.250   0.7640   0.16831   0.16105  -0.1231  0.3961  1.0000  -1.0120   0.0000   0.0000   0.0000   0.3981
  12.500   0.9741   0.17643   0.16820  -0.1443  0.3990  1.0000  -1.4180   0.0000   0.0000   0.0000   0.3827
  12.750   0.7817   0.17403   0.16685  -0.1237  0.3780  1.0000  -1.0459   0.0000   0.0000   0.0000   0.3946
  13.000   0.9741   0.18168   0.17347  -0.1467  0.3845  1.0000  -1.4079   0.0000   0.0000   0.0000   0.3845
  13.250   0.7856   0.17900   0.17190  -0.1249  0.3648  1.0000  -1.0419   0.0000   0.0000   0.0000   0.3947
  13.500   0.9930   0.18820   0.18005  -0.1486  0.3687  1.0000  -1.4365   0.0000   0.0000   0.0000   0.3826
  14.000   1.0084   0.19445   0.18644  -0.1506  0.3522  1.0000  -1.4526   0.0000   0.0000   0.0000   0.3816
  14.500   1.0237   0.20070   0.19274  -0.1531  0.3378  1.0000  -1.4610   0.0000   0.0000   0.0000   0.3809
  14.750   1.0371   0.20478   0.19686  -0.1540  0.3321  1.0000  -1.4763   0.0000   0.0000   0.0000   0.3794
  15.000   1.0511   0.20846   0.20059  -0.1546  0.3230  1.0000  -1.4950   0.0000   0.0000   0.0000   0.3776
  15.500   0.8194   0.20240   0.19579  -0.1311  0.2961  1.0000  -1.0038   0.0000   0.0000   0.0000   0.3927
  16.000   0.8272   0.20813   0.20160  -0.1329  0.2843  1.0000  -1.0080   0.0000   0.0000   0.0000   0.3926
  16.500   0.8352   0.21397   0.20754  -0.1348  0.2729  1.0000  -1.0449   0.0000   0.0000   0.0000   0.3926
  17.000   0.8462   0.21999   0.21364  -0.1364  0.2596  1.0000  -1.0922   0.0000   0.0000   0.0000   0.3915
  17.500   0.8534   0.22591   0.21966  -0.1384  0.2490  1.0000  -1.1220   0.0000   0.0000   0.0000   0.3918
  18.000   0.8589   0.23193   0.22577  -0.1408  0.2403  1.0000  -1.1404   0.0000   0.0000   0.0000   0.3927
  18.500   0.8671   0.23846   0.23240  -0.1429  0.2327  1.0000  -1.1654   0.0000   0.0000   0.0000   0.3927
  19.000   0.8831   0.24650   0.24055  -0.1443  0.2244  1.0000  -1.2162   0.0000   0.0000   0.0000   0.3904
  19.500   0.8905   0.25294   0.24716  -0.1464  0.2136  1.0000  -1.2287   0.0000   0.0000   0.0000   0.3905
  20.000   0.8943   0.25879   0.25313  -0.1490  0.2038  1.0000  -1.2157   0.0000   0.0000   0.0000   0.3917


