xflr5 v6.61

 Calculated polar for: E63_12_00

 1 1 Reynolds number fixed          Mach number fixed         

 xtrf =   1.000 (top)        1.000 (bottom)
 Mach =   0.200     Re =     0.050 e 6     Ncrit =   7.000

  alpha     CL        CD       CDp       Cm    Top Xtr Bot Xtr   Cpmin    Chinge    XCp    
 ------- -------- --------- --------- -------- ------- ------- -------- --------- ---------
 -24.000  -0.6456   0.28781   0.27871   0.0193  1.0000  0.0569  -1.4518   0.0000   0.0000   0.0000   0.2509
 -23.500  -0.6290   0.28165   0.27256   0.0167  1.0000  0.0589  -1.4047   0.0000   0.0000   0.0000   0.2481
 -23.000  -0.6134   0.27655   0.26747   0.0137  1.0000  0.0611  -1.3791   0.0000   0.0000   0.0000   0.2445
 -22.500  -0.5982   0.27172   0.26265   0.0105  1.0000  0.0633  -1.3649   0.0000   0.0000   0.0000   0.2403
 -22.000  -0.5841   0.26767   0.25863   0.0069  1.0000  0.0649  -1.3660   0.0000   0.0000   0.0000   0.2353
 -21.500  -0.5721   0.26510   0.25608   0.0030  1.0000  0.0656  -1.4042   0.0000   0.0000   0.0000   0.2294
 -21.000  -0.5560   0.25838   0.24938   0.0005  1.0000  0.0663  -1.3998   0.0000   0.0000   0.0000   0.2254
 -20.500  -0.5375   0.25100   0.24202  -0.0012  1.0000  0.0682  -1.3561   0.0000   0.0000   0.0000   0.2227
 -20.000  -0.5215   0.24558   0.23663  -0.0036  1.0000  0.0706  -1.3428   0.0000   0.0000   0.0000   0.2185
 -19.500  -0.5066   0.24063   0.23172  -0.0062  1.0000  0.0732  -1.3464   0.0000   0.0000   0.0000   0.2136
 -19.000  -0.4947   0.23712   0.22826  -0.0095  1.0000  0.0752  -1.3806   0.0000   0.0000   0.0000   0.2073
 -18.000  -0.4633   0.22477   0.21602  -0.0133  1.0000  0.0779  -1.3532   0.0000   0.0000   0.0000   0.1984
 -17.500  -0.4473   0.21913   0.21038  -0.0149  1.0000  0.0813  -1.3267   0.0000   0.0000   0.0000   0.1940
 -17.000  -0.4360   0.21510   0.20641  -0.0175  1.0000  0.0855  -1.3445   0.0000   0.0000   0.0000   0.1878
 -16.500  -0.4252   0.21040   0.20181  -0.0198  1.0000  0.0871  -1.3627   0.0000   0.0000   0.0000   0.1818
 -16.000  -0.4062   0.20318   0.19463  -0.0203  1.0000  0.0909  -1.3020   0.0000   0.0000   0.0000   0.1785
 -15.500  -0.3939   0.19821   0.18972  -0.0220  1.0000  0.0948  -1.2969   0.0000   0.0000   0.0000   0.1731
 -15.000  -0.3895   0.19548   0.18708  -0.0247  1.0000  0.0969  -1.3435   0.0000   0.0000   0.0000   0.1664
 -14.500  -0.3709   0.18744   0.17912  -0.0249  1.0000  0.0990  -1.2893   0.0000   0.0000   0.0000   0.1626
 -14.000  -0.3568   0.18166   0.17337  -0.0255  1.0000  0.1031  -1.2727   0.0000   0.0000   0.0000   0.1585
 -13.500  -0.3515   0.17778   0.16957  -0.0273  1.0000  0.1070  -1.3179   0.0000   0.0000   0.0000   0.1531
 -13.000  -0.3415   0.17187   0.16377  -0.0280  1.0000  0.1089  -1.3313   0.0000   0.0000   0.0000   0.1489
 -12.500  -0.3261   0.16551   0.15747  -0.0278  1.0000  0.1133  -1.3012   0.0000   0.0000   0.0000   0.1459
 -12.000  -0.3237   0.16153   0.15359  -0.0290  1.0000  0.1179  -1.3432   0.0000   0.0000   0.0000   0.1424
 -11.500  -0.3151   0.15555   0.14773  -0.0292  1.0000  0.1200  -1.3507   0.0000   0.0000   0.0000   0.1399
 -11.000  -0.3029   0.14967   0.14194  -0.0285  1.0000  0.1252  -1.3274   0.0000   0.0000   0.0000   0.1385
 -10.500  -0.3103   0.14655   0.13896  -0.0296  1.0000  0.1293  -1.3983   0.0000   0.0000   0.0000   0.1386
 -10.000  -0.2937   0.13927   0.13178  -0.0281  1.0000  0.1333  -1.3542   0.0000   0.0000   0.0000   0.1384
  -9.500  -0.2971   0.13526   0.12791  -0.0280  1.0000  0.1394  -1.3928   0.0000   0.0000   0.0000   0.1411
  -9.000  -0.2918   0.12941   0.12220  -0.0268  1.0000  0.1429  -1.3949   0.0000   0.0000   0.0000   0.1441
  -8.500  -0.2959   0.12521   0.11810  -0.0257  1.0000  0.1500  -1.4239   0.0000   0.0000   0.0000   0.1503
  -8.000  -0.2932   0.12001   0.11305  -0.0235  1.0000  0.1588  -1.4205   0.0000   0.0000   0.0000   0.1576
  -7.500  -0.3028   0.11625   0.10948  -0.0213  1.0000  0.1716  -1.4503   0.0000   0.0000   0.0000   0.1688
  -7.000  -0.3187   0.11293   0.10637  -0.0184  1.0000  0.1835  -1.4993   0.0000   0.0000   0.0000   0.1827
  -6.500  -0.3179   0.10818   0.10177  -0.0142  1.0000  0.2031  -1.5062   0.0000   0.0000   0.0000   0.1965
  -6.000  -0.3451   0.10585   0.09966  -0.0096  1.0000  0.2161  -1.5649   0.0000   0.0000   0.0000   0.2149
  -5.500  -0.3528   0.10135   0.09531  -0.0058  1.0000  0.2247  -1.5859   0.0000   0.0000   0.0000   0.2271
  -5.000  -0.3646   0.09705   0.09117  -0.0038  1.0000  0.2319  -1.6182   0.0000   0.0000   0.0000   0.2337
  -4.000  -0.3483   0.07528   0.06922  -0.0300  1.0000  0.1484  -1.9907   0.0000   0.0000   0.0000   0.1584
  -3.000  -0.1810   0.04796   0.04033  -0.0771  0.9984  0.1413  -2.0683   0.0000   0.0000   0.0000  -0.1859
  -2.500  -0.0684   0.04282   0.03434  -0.0932  0.9836  0.1560  -1.7990   0.0000   0.0000   0.0000  -1.1362
  -2.000   0.0374   0.03969   0.03033  -0.1056  0.9666  0.1837  -1.5375   0.0000   0.0000   0.0000   3.1130
  -1.500   0.1278   0.03839   0.02873  -0.1133  0.9459  0.2179  -1.3643   0.0000   0.0000   0.0000   1.1440
  -1.000   0.2147   0.03752   0.02771  -0.1195  0.9236  0.2574  -1.1828   0.0000   0.0000   0.0000   0.8093
  -0.500   0.3040   0.03669   0.02672  -0.1256  0.9005  0.3049  -1.0171   0.0000   0.0000   0.0000   0.6635
   0.000   0.3833   0.03601   0.02608  -0.1293  0.8736  0.3605  -0.8518   0.0000   0.0000   0.0000   0.5864
   0.500   0.4674   0.03507   0.02530  -0.1331  0.8479  0.4335  -0.7881   0.0000   0.0000   0.0000   0.5328
   1.000   0.5423   0.03402   0.02466  -0.1347  0.8195  0.5417  -0.8701   0.0000   0.0000   0.0000   0.4957
   1.500   0.6077   0.03187   0.02344  -0.1326  0.7939  0.7640  -0.9515   0.0000   0.0000   0.0000   0.4647
   2.000   0.6843   0.03045   0.02168  -0.1338  0.7630  1.0000  -1.0467   0.0000   0.0000   0.0000   0.4414
   2.500   0.7714   0.02937   0.02022  -0.1363  0.7320  1.0000  -1.1645   0.0000   0.0000   0.0000   0.4220
   3.000   0.8616   0.02821   0.01878  -0.1391  0.6982  1.0000  -1.2936   0.0000   0.0000   0.0000   0.4060
   3.500   0.9478   0.02753   0.01783  -0.1414  0.6584  1.0000  -1.4223   0.0000   0.0000   0.0000   0.3932
   4.000   1.0216   0.02752   0.01752  -0.1421  0.6141  1.0000  -1.5483   0.0000   0.0000   0.0000   0.3825
   4.500   1.0860   0.02811   0.01784  -0.1417  0.5693  1.0000  -1.6716   0.0000   0.0000   0.0000   0.3732
   5.000   1.1437   0.02911   0.01856  -0.1406  0.5268  1.0000  -1.7881   0.0000   0.0000   0.0000   0.3649
   5.500   1.1982   0.03038   0.01963  -0.1391  0.4877  1.0000  -1.9108   0.0000   0.0000   0.0000   0.3574
   6.000   1.2464   0.03195   0.02102  -0.1369  0.4520  1.0000  -2.0260   0.0000   0.0000   0.0000   0.3504
   6.500   1.2936   0.03368   0.02259  -0.1346  0.4199  1.0000  -2.1511   0.0000   0.0000   0.0000   0.3440
   7.000   1.3352   0.03568   0.02455  -0.1317  0.3907  1.0000  -2.2680   0.0000   0.0000   0.0000   0.3378
   7.500   1.3788   0.03779   0.02671  -0.1291  0.3650  1.0000  -2.3887   0.0000   0.0000   0.0000   0.3321
   8.000   1.4159   0.04027   0.02926  -0.1258  0.3422  1.0000  -2.5126   0.0000   0.0000   0.0000   0.3266
   8.500   1.4544   0.04282   0.03185  -0.1229  0.3217  1.0000  -2.6712   0.0000   0.0000   0.0000   0.3215
   9.000   1.4789   0.04595   0.03522  -0.1182  0.3034  1.0000  -2.8007   0.0000   0.0000   0.0000   0.3162
   9.500   1.5034   0.04926   0.03872  -0.1138  0.2873  1.0000  -2.9313   0.0000   0.0000   0.0000   0.3112
  10.000   1.5100   0.05334   0.04314  -0.1076  0.2739  1.0000  -3.0215   0.0000   0.0000   0.0000   0.3060
  10.500   1.5075   0.05792   0.04814  -0.1010  0.2622  1.0000  -3.0915   0.0000   0.0000   0.0000   0.3010
  11.000   1.4854   0.06393   0.05453  -0.0939  0.2526  1.0000  -3.1129   0.0000   0.0000   0.0000   0.2964
  11.500   1.4569   0.07138   0.06233  -0.0885  0.2446  1.0000  -3.1108   0.0000   0.0000   0.0000   0.2932
  12.500   1.1003   0.14097   0.13255  -0.1148  0.2307  1.0000  -2.0408   0.0000   0.0000   0.0000   0.3368
  13.000   1.0972   0.15094   0.14259  -0.1187  0.2216  1.0000  -2.0185   0.0000   0.0000   0.0000   0.3401
  13.500   1.0876   0.16294   0.15467  -0.1247  0.2174  1.0000  -1.9459   0.0000   0.0000   0.0000   0.3461
  14.000   1.0901   0.17220   0.16400  -0.1290  0.2106  1.0000  -1.9203   0.0000   0.0000   0.0000   0.3490
  14.500   1.1095   0.17882   0.17069  -0.1307  0.2028  1.0000  -1.9617   0.0000   0.0000   0.0000   0.3476
  15.000   1.1051   0.18993   0.18189  -0.1373  0.2022  1.0000  -1.8721   0.0000   0.0000   0.0000   0.3535
  15.500   1.1013   0.19887   0.19088  -0.1435  0.1971  1.0000  -1.8086   0.0000   0.0000   0.0000   0.3589
  18.000   0.8734   0.23098   0.22477  -0.1382  0.2134  1.0000  -1.2246   0.0000   0.0000   0.0000   0.3867
  18.500   0.8729   0.23636   0.23027  -0.1413  0.2058  1.0000  -1.2145   0.0000   0.0000   0.0000   0.3896
  19.000   0.8792   0.24316   0.23717  -0.1438  0.2008  1.0000  -1.2248   0.0000   0.0000   0.0000   0.3904
  19.500   0.8882   0.24983   0.24401  -0.1458  0.1910  1.0000  -1.2449   0.0000   0.0000   0.0000   0.3900


