xflr5 v6.61

 Calculated polar for: E63_10_00

 1 1 Reynolds number fixed          Mach number fixed         

 xtrf =   1.000 (top)        1.000 (bottom)
 Mach =   0.200     Re =     0.090 e 6     Ncrit =   7.000

  alpha     CL        CD       CDp       Cm    Top Xtr Bot Xtr   Cpmin    Chinge    XCp    
 ------- -------- --------- --------- -------- ------- ------- -------- --------- ---------
 -25.500  -0.4536   0.26199   0.25649   0.0033  1.0000  0.0289  -0.9323   0.0000   0.0000   0.0000   0.2428
 -25.000  -0.4448   0.25655   0.25101   0.0016  1.0000  0.0296  -0.8978   0.0000   0.0000   0.0000   0.2398
 -24.500  -0.4369   0.25204   0.24648  -0.0002  1.0000  0.0305  -0.8784   0.0000   0.0000   0.0000   0.2360
 -24.000  -0.4290   0.24775   0.24217  -0.0020  1.0000  0.0315  -0.8635   0.0000   0.0000   0.0000   0.2321
 -23.500  -0.4212   0.24354   0.23795  -0.0039  1.0000  0.0330  -0.8505   0.0000   0.0000   0.0000   0.2279
 -23.000  -0.4134   0.23938   0.23378  -0.0058  1.0000  0.0345  -0.8488   0.0000   0.0000   0.0000   0.2235
 -22.500  -0.4058   0.23532   0.22970  -0.0076  1.0000  0.0357  -0.8719   0.0000   0.0000   0.0000   0.2189
 -22.000  -0.3986   0.23154   0.22588  -0.0096  1.0000  0.0365  -0.9041   0.0000   0.0000   0.0000   0.2138
 -21.500  -0.3923   0.22839   0.22272  -0.0116  1.0000  0.0370  -0.9452   0.0000   0.0000   0.0000   0.2084
 -21.000  -0.3873   0.22590   0.22022  -0.0137  1.0000  0.0372  -0.9913   0.0000   0.0000   0.0000   0.2027
 -20.500  -0.3837   0.22399   0.21831  -0.0158  1.0000  0.0373  -1.0401   0.0000   0.0000   0.0000   0.1972
 -20.000  -0.3710   0.21647   0.21081  -0.0165  1.0000  0.0378  -0.9964   0.0000   0.0000   0.0000   0.1940
 -19.500  -0.3604   0.21119   0.20554  -0.0172  1.0000  0.0388  -0.9499   0.0000   0.0000   0.0000   0.1909
 -19.000  -0.3519   0.20719   0.20154  -0.0182  1.0000  0.0400  -0.9296   0.0000   0.0000   0.0000   0.1868
 -18.500  -0.3440   0.20342   0.19775  -0.0194  1.0000  0.0414  -0.9194   0.0000   0.0000   0.0000   0.1824
 -18.000  -0.3367   0.19978   0.19411  -0.0206  1.0000  0.0431  -0.9167   0.0000   0.0000   0.0000   0.1778
 -17.500  -0.3308   0.19660   0.19094  -0.0219  1.0000  0.0448  -0.9332   0.0000   0.0000   0.0000   0.1725
 -17.000  -0.3310   0.19589   0.19023  -0.0240  1.0000  0.0458  -1.0322   0.0000   0.0000   0.0000   0.1663
 -16.500  -0.3259   0.19202   0.18640  -0.0250  1.0000  0.0464  -1.0728   0.0000   0.0000   0.0000   0.1621
 -16.000  -0.3121   0.18573   0.18013  -0.0245  1.0000  0.0481  -1.0089   0.0000   0.0000   0.0000   0.1602
 -15.500  -0.3053   0.18231   0.17672  -0.0249  1.0000  0.0500  -1.0123   0.0000   0.0000   0.0000   0.1571
 -15.000  -0.2999   0.17908   0.17351  -0.0255  1.0000  0.0521  -1.0331   0.0000   0.0000   0.0000   0.1537
 -14.500  -0.2960   0.17573   0.17015  -0.0264  1.0000  0.0544  -1.0763   0.0000   0.0000   0.0000   0.1497
 -14.000  -0.2993   0.17366   0.16809  -0.0280  1.0000  0.0555  -1.1712   0.0000   0.0000   0.0000   0.1456
 -13.500  -0.3075   0.17209   0.16655  -0.0296  1.0000  0.0558  -1.2815   0.0000   0.0000   0.0000   0.1432
 -13.000  -0.2850   0.16276   0.15728  -0.0278  1.0000  0.0574  -1.1665   0.0000   0.0000   0.0000   0.1417
 -12.500  -0.2777   0.15790   0.15246  -0.0274  1.0000  0.0596  -1.1453   0.0000   0.0000   0.0000   0.1407
 -12.000  -0.2736   0.15324   0.14784  -0.0274  1.0000  0.0624  -1.1546   0.0000   0.0000   0.0000   0.1393
 -11.500  -0.2756   0.14914   0.14380  -0.0282  1.0000  0.0650  -1.2180   0.0000   0.0000   0.0000   0.1374
 -11.000  -0.2874   0.14618   0.14091  -0.0297  1.0000  0.0657  -1.3352   0.0000   0.0000   0.0000   0.1372
 -10.500  -0.2688   0.13820   0.13300  -0.0275  1.0000  0.0674  -1.2351   0.0000   0.0000   0.0000   0.1382
 -10.000  -0.2623   0.13314   0.12801  -0.0262  1.0000  0.0715  -1.1963   0.0000   0.0000   0.0000   0.1408
  -9.500  -0.2765   0.12991   0.12489  -0.0273  1.0000  0.0754  -1.3060   0.0000   0.0000   0.0000   0.1430
  -9.000  -0.2639   0.12312   0.11814  -0.0248  1.0000  0.0784  -1.2245   0.0000   0.0000   0.0000   0.1480
  -8.500  -0.2628   0.11829   0.11341  -0.0232  1.0000  0.0823  -1.2091   0.0000   0.0000   0.0000   0.1541
  -8.000  -0.2766   0.11439   0.10964  -0.0229  1.0000  0.0856  -1.2991   0.0000   0.0000   0.0000   0.1608
  -7.500  -0.3053   0.11152   0.10692  -0.0227  1.0000  0.0864  -1.4450   0.0000   0.0000   0.0000   0.1701
  -7.000  -0.2863   0.10424   0.09973  -0.0186  1.0000  0.0885  -1.3465   0.0000   0.0000   0.0000   0.1797
  -6.500  -0.2919   0.09991   0.09551  -0.0156  1.0000  0.0909  -1.3478   0.0000   0.0000   0.0000   0.1917
  -6.000  -0.3086   0.09616   0.09190  -0.0126  1.0000  0.0935  -1.3876   0.0000   0.0000   0.0000   0.2052
  -4.500  -0.3020   0.06927   0.06467  -0.0451  0.9883  0.0542  -2.1778   0.0000   0.0000   0.0000   0.0948
  -4.000  -0.1622   0.04137   0.03565  -0.0931  0.9841  0.0513  -2.7252   0.0000   0.0000   0.0000  -0.3360
  -3.500  -0.0324   0.02957   0.02164  -0.1157  0.9823  0.0664  -2.7149   0.0000   0.0000   0.0000  -3.3769
  -3.000   0.0542   0.02752   0.01905  -0.1223  0.9728  0.0786  -2.3960   0.0000   0.0000   0.0000   2.5355
  -2.500   0.1378   0.02713   0.01845  -0.1281  0.9610  0.1037  -2.0009   0.0000   0.0000   0.0000   1.1893
  -2.000   0.2166   0.02624   0.01745  -0.1326  0.9460  0.1323  -1.6529   0.0000   0.0000   0.0000   0.8670
  -1.500   0.3003   0.02552   0.01674  -0.1377  0.9321  0.1775  -1.2929   0.0000   0.0000   0.0000   0.7108
  -1.000   0.3770   0.02480   0.01613  -0.1413  0.9147  0.2313  -1.0030   0.0000   0.0000   0.0000   0.6256
  -0.500   0.4618   0.02383   0.01534  -0.1459  0.8996  0.2976  -0.7929   0.0000   0.0000   0.0000   0.5657
   0.000   0.5379   0.02285   0.01466  -0.1486  0.8799  0.3832  -0.7359   0.0000   0.0000   0.0000   0.5253
   0.500   0.6142   0.02162   0.01393  -0.1509  0.8600  0.5259  -0.8185   0.0000   0.0000   0.0000   0.4939
   1.000   0.6692   0.01944   0.01273  -0.1473  0.8384  1.0000  -0.8917   0.0000   0.0000   0.0000   0.4677
   1.500   0.7538   0.01843   0.01136  -0.1506  0.8152  1.0000  -0.9966   0.0000   0.0000   0.0000   0.4467
   2.500   0.9175   0.01705   0.00954  -0.1563  0.7433  1.0000  -1.2288   0.0000   0.0000   0.0000   0.4161
   3.000   0.9967   0.01690   0.00911  -0.1588  0.6903  1.0000  -1.3580   0.0000   0.0000   0.0000   0.4046
   3.500   1.0621   0.01728   0.00914  -0.1591  0.6305  1.0000  -1.4818   0.0000   0.0000   0.0000   0.3944
   4.000   1.1164   0.01805   0.00956  -0.1575  0.5706  1.0000  -1.6021   0.0000   0.0000   0.0000   0.3851
   4.500   1.1647   0.01903   0.01020  -0.1550  0.5141  1.0000  -1.7221   0.0000   0.0000   0.0000   0.3764
   5.000   1.2097   0.02017   0.01102  -0.1521  0.4633  1.0000  -1.8464   0.0000   0.0000   0.0000   0.3684
   5.500   1.2529   0.02142   0.01207  -0.1490  0.4182  1.0000  -1.9697   0.0000   0.0000   0.0000   0.3610
   6.000   1.2952   0.02276   0.01320  -0.1459  0.3785  1.0000  -2.1211   0.0000   0.0000   0.0000   0.3540
   6.500   1.3367   0.02420   0.01447  -0.1428  0.3439  1.0000  -2.2926   0.0000   0.0000   0.0000   0.3475
   7.000   1.3771   0.02573   0.01600  -0.1396  0.3130  1.0000  -2.4647   0.0000   0.0000   0.0000   0.3413
   7.500   1.4166   0.02736   0.01760  -0.1363  0.2859  1.0000  -2.6376   0.0000   0.0000   0.0000   0.3354
   8.000   1.4549   0.02909   0.01934  -0.1329  0.2620  1.0000  -2.8105   0.0000   0.0000   0.0000   0.3298
   8.500   1.4915   0.03095   0.02123  -0.1293  0.2412  1.0000  -2.9821   0.0000   0.0000   0.0000   0.3244
   9.000   1.5264   0.03293   0.02325  -0.1255  0.2225  1.0000  -3.2457   0.0000   0.0000   0.0000   0.3191
   9.500   1.5536   0.03492   0.02533  -0.1207  0.2045  1.0000  -3.4975   0.0000   0.0000   0.0000   0.3138
  10.000   1.5707   0.03700   0.02770  -0.1147  0.1868  1.0000  -3.7243   0.0000   0.0000   0.0000   0.3083
  10.500   1.5846   0.03920   0.02996  -0.1087  0.1709  1.0000  -3.9502   0.0000   0.0000   0.0000   0.3030
  11.000   1.5943   0.04196   0.03306  -0.1028  0.1563  1.0000  -4.1569   0.0000   0.0000   0.0000   0.2980
  11.500   1.6056   0.04514   0.03651  -0.0977  0.1445  1.0000  -4.3869   0.0000   0.0000   0.0000   0.2935
  12.000   1.6145   0.04881   0.04052  -0.0931  0.1343  1.0000  -4.6183   0.0000   0.0000   0.0000   0.2894
  12.500   1.6210   0.05301   0.04502  -0.0891  0.1256  1.0000  -4.8384   0.0000   0.0000   0.0000   0.2857
  13.000   1.6255   0.05760   0.04981  -0.0856  0.1178  1.0000  -5.0521   0.0000   0.0000   0.0000   0.2825
  13.500   1.6167   0.06391   0.05666  -0.0828  0.1102  1.0000  -5.1893   0.0000   0.0000   0.0000   0.2800
  14.000   1.6031   0.07116   0.06432  -0.0813  0.1034  1.0000  -5.3013   0.0000   0.0000   0.0000   0.2785
  14.500   1.5919   0.07843   0.07182  -0.0811  0.0967  1.0000  -5.4292   0.0000   0.0000   0.0000   0.2776
  15.000   1.5563   0.09035   0.08438  -0.0840  0.0916  1.0000  -5.3874   0.0000   0.0000   0.0000   0.2796
  15.500   1.5444   0.09925   0.09343  -0.0865  0.0865  1.0000  -5.4764   0.0000   0.0000   0.0000   0.2805
  16.000   1.4851   0.11799   0.11282  -0.0966  0.0842  1.0000  -5.2181   0.0000   0.0000   0.0000   0.2887
  16.500   1.2743   0.18135   0.17646  -0.1416  0.0835  1.0000  -3.4584   0.0000   0.0000   0.0000   0.3362
  17.000   1.2748   0.19167   0.18684  -0.1479  0.0780  1.0000  -3.4307   0.0000   0.0000   0.0000   0.3404
  17.500   1.2572   0.20917   0.20433  -0.1599  0.0723  1.0000  -3.1157   0.0000   0.0000   0.0000   0.3512
  18.000   1.2772   0.21255   0.20784  -0.1616  0.0660  1.0000  -3.3001   0.0000   0.0000   0.0000   0.3492
  18.500   1.2645   0.23007   0.22529  -0.1737  0.0601  1.0000  -2.9015   0.0000   0.0000   0.0000   0.3598
  19.000   1.2830   0.23474   0.23003  -0.1761  0.0564  1.0000  -3.0145   0.0000   0.0000   0.0000   0.3584
  19.500   1.2818   0.24918   0.24445  -0.1858  0.0555  1.0000  -2.7027   0.0000   0.0000   0.0000   0.3657
  20.000   1.2918   0.25897   0.25425  -0.1920  0.0559  1.0000  -2.5872   0.0000   0.0000   0.0000   0.3685


