xflr5 v6.61

 Calculated polar for: E63_12_00

 1 1 Reynolds number fixed          Mach number fixed         

 xtrf =   1.000 (top)        1.000 (bottom)
 Mach =   0.200     Re =     0.025 e 6     Ncrit =   9.000

  alpha     CL        CD       CDp       Cm    Top Xtr Bot Xtr   Cpmin    Chinge    XCp    
 ------- -------- --------- --------- -------- ------- ------- -------- --------- ---------
 -20.000  -0.5333   0.25662   0.24414  -0.0038  1.0000  0.1513  -1.3296   0.0000   0.0000   0.0000   0.2190
 -19.500  -0.5118   0.24687   0.23441  -0.0053  1.0000  0.1568  -1.2921   0.0000   0.0000   0.0000   0.2158
 -19.000  -0.5009   0.24448   0.23209  -0.0081  1.0000  0.1617  -1.3051   0.0000   0.0000   0.0000   0.2107
 -18.500  -0.4823   0.23672   0.22439  -0.0098  1.0000  0.1663  -1.2808   0.0000   0.0000   0.0000   0.2068
 -18.000  -0.4704   0.23335   0.22109  -0.0121  1.0000  0.1723  -1.2839   0.0000   0.0000   0.0000   0.2019
 -17.500  -0.4531   0.22637   0.21414  -0.0137  1.0000  0.1773  -1.2624   0.0000   0.0000   0.0000   0.1976
 -17.000  -0.4431   0.22341   0.21126  -0.0158  1.0000  0.1836  -1.2670   0.0000   0.0000   0.0000   0.1928
 -16.500  -0.4245   0.21583   0.20376  -0.0169  1.0000  0.1899  -1.2365   0.0000   0.0000   0.0000   0.1886
 -16.000  -0.4171   0.21327   0.20132  -0.0189  1.0000  0.1956  -1.2457   0.0000   0.0000   0.0000   0.1839
 -15.500  -0.3992   0.20608   0.19420  -0.0198  1.0000  0.2041  -1.2124   0.0000   0.0000   0.0000   0.1797
 -15.000  -0.3848   0.20011   0.18833  -0.0208  1.0000  0.2109  -1.2068   0.0000   0.0000   0.0000   0.1754
 -14.500  -0.3767   0.19628   0.18463  -0.0220  1.0000  0.2181  -1.2238   0.0000   0.0000   0.0000   0.1716
 -14.000  -0.3659   0.19151   0.17990  -0.0228  1.0000  0.2275  -1.2284   0.0000   0.0000   0.0000   0.1682
 -13.500  -0.3524   0.18549   0.17400  -0.0232  1.0000  0.2378  -1.2240   0.0000   0.0000   0.0000   0.1648
 -13.000  -0.3440   0.18094   0.16957  -0.0235  1.0000  0.2495  -1.2306   0.0000   0.0000   0.0000   0.1627
 -12.500  -0.3293   0.17421   0.16298  -0.0234  1.0000  0.2633  -1.2192   0.0000   0.0000   0.0000   0.1601
 -12.000  -0.3175   0.16853   0.15741  -0.0231  1.0000  0.2790  -1.2134   0.0000   0.0000   0.0000   0.1587
 -11.500  -0.3137   0.16459   0.15363  -0.0227  1.0000  0.2931  -1.2266   0.0000   0.0000   0.0000   0.1596
 -11.000  -0.3011   0.15808   0.14727  -0.0221  1.0000  0.3074  -1.2203   0.0000   0.0000   0.0000   0.1588
 -10.500  -0.2936   0.15291   0.14224  -0.0212  1.0000  0.3247  -1.2231   0.0000   0.0000   0.0000   0.1606
 -10.000  -0.2840   0.14699   0.13647  -0.0200  1.0000  0.3426  -1.2220   0.0000   0.0000   0.0000   0.1626
  -9.500  -0.2802   0.14233   0.13193  -0.0180  1.0000  0.3691  -1.2268   0.0000   0.0000   0.0000   0.1692
  -9.000  -0.2706   0.13641   0.12616  -0.0157  1.0000  0.4008  -1.2186   0.0000   0.0000   0.0000   0.1756
  -8.500  -0.2677   0.13152   0.12146  -0.0133  1.0000  0.4266  -1.2401   0.0000   0.0000   0.0000   0.1850
  -8.000  -0.2617   0.12622   0.11631  -0.0104  1.0000  0.4575  -1.2553   0.0000   0.0000   0.0000   0.1953
  -7.500  -0.2573   0.12120   0.11145  -0.0071  1.0000  0.4910  -1.2633   0.0000   0.0000   0.0000   0.2083
  -7.000  -0.2389   0.11435   0.10471  -0.0038  1.0000  0.5417  -1.2387   0.0000   0.0000   0.0000   0.2195
  -6.500  -0.2257   0.10856   0.09905  -0.0000  1.0000  0.5972  -1.2115   0.0000   0.0000   0.0000   0.2357
  -6.000  -0.2065   0.10227   0.09288   0.0034  1.0000  0.6633  -1.1678   0.0000   0.0000   0.0000   0.2521
  -5.500   0.0310   0.07688   0.06657  -0.0328  1.0000  1.0000  -0.8509   0.0000   0.0000   0.0000   1.4041
  -5.000   0.0400   0.07346   0.06333  -0.0315  1.0000  1.0000  -0.8159   0.0000   0.0000   0.0000   1.1046
  -4.500   0.0474   0.07030   0.06034  -0.0301  1.0000  1.0000  -0.7814   0.0000   0.0000   0.0000   0.9338
  -4.000   0.0527   0.06739   0.05763  -0.0283  1.0000  1.0000  -0.7484   0.0000   0.0000   0.0000   0.8247
  -3.500   0.0313   0.06611   0.05667  -0.0203  1.0000  0.9889  -0.7448   0.0000   0.0000   0.0000   0.9530
  -3.000  -0.0890   0.07047   0.06170   0.0077  1.0000  0.9089  -0.8629   0.0000   0.0000   0.0000   0.3204
  -2.500  -0.2149   0.07466   0.06652   0.0289  1.0000  0.7990  -1.0146   0.0000   0.0000   0.0000   0.3790
  -1.500  -0.2306   0.06579   0.05737  -0.0219  1.0000  0.4001  -1.2910   0.0000   0.0000   0.0000   0.1507
  -1.000  -0.1348   0.05869   0.04971  -0.0435  1.0000  0.3909  -1.1773   0.0000   0.0000   0.0000  -0.0786
  -0.500  -0.0577   0.05449   0.04509  -0.0559  1.0000  0.4136  -1.1317   0.0000   0.0000   0.0000  -0.7289
   0.000   0.0084   0.05219   0.04244  -0.0637  1.0000  0.4504  -1.0634   0.0000   0.0000   0.0000   7.8346
   0.500   0.0695   0.05119   0.04114  -0.0697  1.0000  0.4976  -1.0023   0.0000   0.0000   0.0000   1.2544
   1.000   0.1227   0.05124   0.04099  -0.0738  1.0000  0.5582  -0.9288   0.0000   0.0000   0.0000   0.8493
   1.500   0.1676   0.05189   0.04161  -0.0759  1.0000  0.6296  -0.8522   0.0000   0.0000   0.0000   0.6994
   2.000   0.2014   0.05262   0.04264  -0.0752  1.0000  0.7377  -0.7817   0.0000   0.0000   0.0000   0.6191
   2.500   0.2343   0.05266   0.04306  -0.0793  1.0000  1.0000  -0.7278   0.0000   0.0000   0.0000   0.5836
   3.000   0.3076   0.05805   0.04700  -0.0933  1.0000  1.0000  -0.6826   0.0000   0.0000   0.0000   0.5482
   3.500   0.4078   0.06566   0.05386  -0.1083  0.9496  1.0000  -0.7616   0.0000   0.0000   0.0000   0.5101
   4.000   0.4852   0.07128   0.05909  -0.1172  0.8934  1.0000  -0.8334   0.0000   0.0000   0.0000   0.4858
   4.500   0.5529   0.07669   0.06425  -0.1235  0.8455  1.0000  -0.9013   0.0000   0.0000   0.0000   0.4672
   5.000   0.5956   0.08188   0.06933  -0.1263  0.8079  1.0000  -0.9426   0.0000   0.0000   0.0000   0.4555
   5.500   0.6349   0.08749   0.07488  -0.1287  0.7750  1.0000  -0.9836   0.0000   0.0000   0.0000   0.4456
   6.000   0.6702   0.09356   0.08090  -0.1307  0.7474  1.0000  -1.0212   0.0000   0.0000   0.0000   0.4375
   6.500   0.6850   0.10025   0.08762  -0.1318  0.7355  1.0000  -1.0311   0.0000   0.0000   0.0000   0.4343
   8.500   0.6741   0.12914   0.11676  -0.1365  0.8439  1.0000  -0.9578   0.0000   0.0000   0.0000   0.4421
   9.000   0.7070   0.13659   0.12426  -0.1397  0.8149  1.0000  -0.9875   0.0000   0.0000   0.0000   0.4366
   9.500   0.7310   0.14283   0.13054  -0.1416  0.7863  1.0000  -1.0067   0.0000   0.0000   0.0000   0.4321
  10.000   0.7612   0.15015   0.13794  -0.1441  0.7580  1.0000  -1.0302   0.0000   0.0000   0.0000   0.4272
  10.500   0.7854   0.15650   0.14435  -0.1460  0.7311  1.0000  -1.0488   0.0000   0.0000   0.0000   0.4231
  11.000   0.8132   0.16356   0.15145  -0.1481  0.7033  1.0000  -1.0779   0.0000   0.0000   0.0000   0.4188
  11.500   0.8356   0.16970   0.15765  -0.1498  0.6781  1.0000  -1.1075   0.0000   0.0000   0.0000   0.4152
  12.000   0.8680   0.17790   0.16599  -0.1523  0.6507  1.0000  -1.1594   0.0000   0.0000   0.0000   0.4108
  12.500   0.8889   0.18404   0.17219  -0.1541  0.6283  1.0000  -1.1965   0.0000   0.0000   0.0000   0.4079
  13.000   0.9072   0.18919   0.17740  -0.1555  0.6027  1.0000  -1.2273   0.0000   0.0000   0.0000   0.4053
  13.500   0.9294   0.19553   0.18382  -0.1575  0.5797  1.0000  -1.2600   0.0000   0.0000   0.0000   0.4026
  14.000   0.9511   0.20190   0.19026  -0.1596  0.5578  1.0000  -1.2880   0.0000   0.0000   0.0000   0.4001
  14.500   0.9742   0.20846   0.19690  -0.1616  0.5337  1.0000  -1.3148   0.0000   0.0000   0.0000   0.3974
  15.000   0.9936   0.21466   0.20331  -0.1640  0.5157  1.0000  -1.3292   0.0000   0.0000   0.0000   0.3957
  15.500   1.0149   0.22114   0.20987  -0.1663  0.4947  1.0000  -1.3435   0.0000   0.0000   0.0000   0.3937
  16.000   1.0372   0.22807   0.21689  -0.1687  0.4742  1.0000  -1.3551   0.0000   0.0000   0.0000   0.3915
  16.500   1.0546   0.23352   0.22243  -0.1713  0.4568  1.0000  -1.4117   0.0000   0.0000   0.0000   0.3904
  17.000   1.0728   0.23932   0.22831  -0.1739  0.4387  1.0000  -1.4731   0.0000   0.0000   0.0000   0.3892
  17.500   1.0960   0.24709   0.23618  -0.1765  0.4200  1.0000  -1.5462   0.0000   0.0000   0.0000   0.3871
  18.000   1.1099   0.25138   0.24055  -0.1796  0.4054  1.0000  -1.5892   0.0000   0.0000   0.0000   0.3869
  18.500   1.1300   0.25816   0.24745  -0.1826  0.3904  1.0000  -1.6456   0.0000   0.0000   0.0000   0.3856
  19.000   1.1472   0.26392   0.25340  -0.1857  0.3746  1.0000  -1.6902   0.0000   0.0000   0.0000   0.3848
  19.500   1.1644   0.26948   0.25907  -0.1889  0.3588  1.0000  -1.7292   0.0000   0.0000   0.0000   0.3841
  20.000   1.1834   0.27644   0.26616  -0.1921  0.3461  1.0000  -1.7653   0.0000   0.0000   0.0000   0.3832


