xflr5 v6.61

 Calculated polar for: E63_16_00

 1 1 Reynolds number fixed          Mach number fixed         

 xtrf =   1.000 (top)        1.000 (bottom)
 Mach =   0.200     Re =     0.125 e 6     Ncrit =   9.000

  alpha     CL        CD       CDp       Cm    Top Xtr Bot Xtr   Cpmin    Chinge    XCp    
 ------- -------- --------- --------- -------- ------- ------- -------- --------- ---------
 -20.000  -0.4726   0.24136   0.23556  -0.0122  1.0000  0.0561  -1.5227   0.0000   0.0000   0.0000   0.1852
 -19.500  -0.4491   0.23351   0.22774  -0.0123  1.0000  0.0574  -1.4159   0.0000   0.0000   0.0000   0.1835
 -19.000  -0.4321   0.22836   0.22263  -0.0138  1.0000  0.0590  -1.3739   0.0000   0.0000   0.0000   0.1793
 -18.500  -0.4168   0.22325   0.21755  -0.0156  1.0000  0.0610  -1.3540   0.0000   0.0000   0.0000   0.1741
 -18.000  -0.4032   0.21808   0.21240  -0.0177  1.0000  0.0636  -1.3547   0.0000   0.0000   0.0000   0.1680
 -17.500  -0.3977   0.21405   0.20842  -0.0214  1.0000  0.0655  -1.4362   0.0000   0.0000   0.0000   0.1589
 -17.000  -0.3967   0.21042   0.20485  -0.0249  1.0000  0.0659  -1.5265   0.0000   0.0000   0.0000   0.1512
 -16.500  -0.3680   0.20133   0.19580  -0.0235  1.0000  0.0671  -1.3883   0.0000   0.0000   0.0000   0.1491
 -16.000  -0.3515   0.19609   0.19061  -0.0239  1.0000  0.0692  -1.3322   0.0000   0.0000   0.0000   0.1451
 -15.500  -0.3393   0.19087   0.18544  -0.0250  1.0000  0.0726  -1.3204   0.0000   0.0000   0.0000   0.1397
 -15.000  -0.3507   0.18783   0.18247  -0.0296  1.0000  0.0757  -1.5001   0.0000   0.0000   0.0000   0.1312
 -14.500  -0.3247   0.17912   0.17381  -0.0280  1.0000  0.0773  -1.4243   0.0000   0.0000   0.0000   0.1286
 -14.000  -0.3099   0.17394   0.16869  -0.0276  1.0000  0.0820  -1.4104   0.0000   0.0000   0.0000   0.1259
 -13.500  -0.3131   0.16768   0.16247  -0.0297  1.0000  0.0875  -1.5765   0.0000   0.0000   0.0000   0.1214
 -13.000  -0.2964   0.16264   0.15746  -0.0285  1.0000  0.0936  -1.5318   0.0000   0.0000   0.0000   0.1203
 -12.500  -0.3267   0.16018   0.15507  -0.0327  1.0000  0.0971  -1.7585   0.0000   0.0000   0.0000   0.1202
 -12.000  -0.2917   0.15201   0.14694  -0.0295  1.0000  0.0987  -1.5887   0.0000   0.0000   0.0000   0.1177
 -11.500  -0.2794   0.14741   0.14239  -0.0280  1.0000  0.1012  -1.5197   0.0000   0.0000   0.0000   0.1190
 -11.000  -0.2788   0.14312   0.13817  -0.0278  1.0000  0.1060  -1.5144   0.0000   0.0000   0.0000   0.1212
 -10.500  -0.3172   0.13988   0.13504  -0.0307  1.0000  0.1078  -1.7032   0.0000   0.0000   0.0000   0.1285
 -10.000  -0.2708   0.13447   0.12969  -0.0248  1.0000  0.1140  -1.4303   0.0000   0.0000   0.0000   0.1318
  -9.750  -0.2632   0.13654   0.13229  -0.0227  1.0000  0.1185  -1.3678   0.0000   0.0000   0.0000   0.1442
  -9.500  -0.3062   0.13141   0.12674  -0.0262  1.0000  0.1184  -1.5714   0.0000   0.0000   0.0000   0.1418
  -9.000  -0.2792   0.12624   0.12166  -0.0217  1.0000  0.1219  -1.4026   0.0000   0.0000   0.0000   0.1495
  -8.750  -0.2786   0.12458   0.12005  -0.0203  1.0000  0.1242  -1.3742   0.0000   0.0000   0.0000   0.1551
  -8.500  -0.2851   0.12288   0.11840  -0.0195  1.0000  0.1270  -1.3793   0.0000   0.0000   0.0000   0.1608
  -8.250  -0.3174   0.12166   0.11726  -0.0205  1.0000  0.1291  -1.4948   0.0000   0.0000   0.0000   0.1672
  -8.000  -0.3512   0.12005   0.11573  -0.0212  1.0000  0.1295  -1.6134   0.0000   0.0000   0.0000   0.1731
  -7.750  -0.3183   0.11700   0.11269  -0.0174  1.0000  0.1307  -1.4455   0.0000   0.0000   0.0000   0.1783
  -7.500  -0.3132   0.11530   0.11103  -0.0152  1.0000  0.1318  -1.3922   0.0000   0.0000   0.0000   0.1847
  -7.000  -0.2965   0.10806   0.10378  -0.0300  0.9861  0.1401  -1.5086   0.0000   0.0000   0.0000   0.1317
  -6.500  -0.2314   0.10141   0.09713  -0.0337  0.9755  0.1446  -1.3743   0.0000   0.0000   0.0000   0.0845
  -6.000  -0.2795   0.08287   0.07850  -0.0544  0.9517  0.1182  -1.8793   0.0000   0.0000   0.0000   0.0379
  -5.750  -0.3119   0.03946   0.03328  -0.1061  0.9413  0.1095  -2.8987   0.0000   0.0000   0.0000  -0.1100
  -5.500  -0.2225   0.08121   0.07690  -0.0549  0.9357  0.1319  -1.6646   0.0000   0.0000   0.0000  -0.0160
  -5.000  -0.1914   0.03495   0.02818  -0.1159  0.9207  0.1260  -2.5869   0.0000   0.0000   0.0000  -0.3824
  -4.750  -0.1552   0.03338   0.02633  -0.1183  0.9122  0.1320  -2.4934   0.0000   0.0000   0.0000  -0.5440
  -4.500  -0.1168   0.03254   0.02524  -0.1204  0.9041  0.1397  -2.3896   0.0000   0.0000   0.0000  -0.8204
  -4.250  -0.0763   0.03242   0.02534  -0.1221  0.8975  0.1461  -2.2580   0.0000   0.0000   0.0000  -1.4051
  -4.000  -0.0347   0.03147   0.02422  -0.1246  0.8904  0.1541  -2.1547   0.0000   0.0000   0.0000  -3.4486
  -3.750   0.0035   0.03051   0.02296  -0.1264  0.8818  0.1623  -2.0645   0.0000   0.0000   0.0000  37.1023
  -3.500   0.0409   0.03006   0.02271  -0.1275  0.8738  0.1683  -1.9480   0.0000   0.0000   0.0000   3.4427
  -3.250   0.0881   0.02889   0.02139  -0.1305  0.8687  0.1765  -1.8372   0.0000   0.0000   0.0000   1.7638
  -3.000   0.1259   0.02790   0.02017  -0.1318  0.8598  0.1837  -1.7471   0.0000   0.0000   0.0000   1.3178
  -2.750   0.1642   0.02702   0.01936  -0.1330  0.8518  0.1892  -1.6449   0.0000   0.0000   0.0000   1.0741
  -2.500   0.2124   0.02580   0.01803  -0.1358  0.8473  0.1978  -1.5334   0.0000   0.0000   0.0000   0.8985
  -2.250   0.2503   0.02493   0.01701  -0.1368  0.8385  0.2065  -1.4389   0.0000   0.0000   0.0000   0.8030
  -2.000   0.2912   0.02397   0.01612  -0.1381  0.8311  0.2142  -1.3361   0.0000   0.0000   0.0000   0.7287
  -1.750   0.3405   0.02277   0.01489  -0.1409  0.8259  0.2240  -1.2243   0.0000   0.0000   0.0000   0.6664
  -1.500   0.3819   0.02188   0.01400  -0.1423  0.8165  0.2343  -1.1255   0.0000   0.0000   0.0000   0.6241
  -1.250   0.4267   0.02093   0.01304  -0.1444  0.8069  0.2454  -1.0242   0.0000   0.0000   0.0000   0.5888
  -1.000   0.4741   0.02002   0.01210  -0.1469  0.7964  0.2580  -0.9364   0.0000   0.0000   0.0000   0.5594
  -0.750   0.5237   0.01923   0.01129  -0.1499  0.7843  0.2732  -0.9877   0.0000   0.0000   0.0000   0.5352
  -0.500   0.5768   0.01860   0.01066  -0.1538  0.7708  0.2915  -1.0425   0.0000   0.0000   0.0000   0.5148
  -0.250   0.6135   0.01825   0.01031  -0.1546  0.7525  0.3069  -1.0867   0.0000   0.0000   0.0000   0.4997
   0.000   0.6534   0.01791   0.00995  -0.1560  0.7341  0.3233  -1.1341   0.0000   0.0000   0.0000   0.4860
   0.250   0.6926   0.01765   0.00964  -0.1574  0.7152  0.3413  -1.1815   0.0000   0.0000   0.0000   0.4739
   0.500   0.7263   0.01752   0.00945  -0.1577  0.6951  0.3610  -1.2248   0.0000   0.0000   0.0000   0.4634
   0.750   0.7556   0.01748   0.00936  -0.1572  0.6744  0.3815  -1.2663   0.0000   0.0000   0.0000   0.4539
   1.000   0.7831   0.01748   0.00935  -0.1565  0.6539  0.4035  -1.3094   0.0000   0.0000   0.0000   0.4451
   1.250   0.8096   0.01751   0.00939  -0.1555  0.6338  0.4283  -1.3519   0.0000   0.0000   0.0000   0.4370
   1.500   0.8359   0.01759   0.00944  -0.1545  0.6143  0.4586  -1.3945   0.0000   0.0000   0.0000   0.4294
   1.750   0.8620   0.01769   0.00954  -0.1535  0.5956  0.4927  -1.4374   0.0000   0.0000   0.0000   0.4222
   2.000   0.8842   0.01781   0.00972  -0.1517  0.5768  0.5298  -1.4785   0.0000   0.0000   0.0000   0.4153
   2.250   0.9064   0.01794   0.00990  -0.1500  0.5590  0.5735  -1.5232   0.0000   0.0000   0.0000   0.4088
   2.500   0.9291   0.01806   0.01008  -0.1482  0.5423  0.6253  -1.5687   0.0000   0.0000   0.0000   0.4025
   2.750   0.9489   0.01817   0.01031  -0.1459  0.5259  0.6874  -1.6114   0.0000   0.0000   0.0000   0.3964
   3.000   0.9666   0.01821   0.01050  -0.1430  0.5110  0.7710  -1.6525   0.0000   0.0000   0.0000   0.3902
   3.250   0.9878   0.01804   0.01046  -0.1407  0.4964  1.0000  -1.6972   0.0000   0.0000   0.0000   0.3842
   3.500   1.0125   0.01847   0.01069  -0.1399  0.4809  1.0000  -1.7448   0.0000   0.0000   0.0000   0.3796
   3.750   1.0379   0.01891   0.01091  -0.1391  0.4667  1.0000  -1.7937   0.0000   0.0000   0.0000   0.3751
   4.000   1.0633   0.01936   0.01116  -0.1383  0.4534  1.0000  -1.8430   0.0000   0.0000   0.0000   0.3708
   4.250   1.0855   0.01982   0.01151  -0.1369  0.4401  1.0000  -1.8889   0.0000   0.0000   0.0000   0.3665
   4.500   1.1082   0.02029   0.01185  -0.1356  0.4274  1.0000  -1.9356   0.0000   0.0000   0.0000   0.3623
   4.750   1.1309   0.02077   0.01221  -0.1343  0.4153  1.0000  -1.9826   0.0000   0.0000   0.0000   0.3584
   5.000   1.1536   0.02128   0.01259  -0.1330  0.4039  1.0000  -2.0298   0.0000   0.0000   0.0000   0.3546
   5.250   1.1762   0.02179   0.01300  -0.1317  0.3929  1.0000  -2.0769   0.0000   0.0000   0.0000   0.3509
   5.500   1.1982   0.02232   0.01345  -0.1303  0.3824  1.0000  -2.1279   0.0000   0.0000   0.0000   0.3473
   5.750   1.2200   0.02285   0.01389  -0.1289  0.3725  1.0000  -2.1821   0.0000   0.0000   0.0000   0.3438
   6.000   1.2420   0.02340   0.01433  -0.1276  0.3629  1.0000  -2.2368   0.0000   0.0000   0.0000   0.3405
   6.250   1.2643   0.02395   0.01477  -0.1263  0.3537  1.0000  -2.2926   0.0000   0.0000   0.0000   0.3372
   6.500   1.2860   0.02450   0.01522  -0.1249  0.3448  1.0000  -2.3479   0.0000   0.0000   0.0000   0.3341
   6.750   1.3029   0.02508   0.01580  -0.1227  0.3361  1.0000  -2.3964   0.0000   0.0000   0.0000   0.3307
   7.000   1.3228   0.02571   0.01640  -0.1210  0.3281  1.0000  -2.4488   0.0000   0.0000   0.0000   0.3277
   7.250   1.3470   0.02636   0.01695  -0.1202  0.3208  1.0000  -2.5075   0.0000   0.0000   0.0000   0.3250
   7.500   1.3667   0.02702   0.01763  -0.1185  0.3135  1.0000  -2.5599   0.0000   0.0000   0.0000   0.3221
   7.750   1.3850   0.02774   0.01837  -0.1167  0.3065  1.0000  -2.6108   0.0000   0.0000   0.0000   0.3193
   8.000   1.4122   0.02843   0.01892  -0.1164  0.3002  1.0000  -2.6795   0.0000   0.0000   0.0000   0.3170
   8.250   1.4248   0.02919   0.01977  -0.1136  0.2936  1.0000  -2.7257   0.0000   0.0000   0.0000   0.3140
   8.500   1.4469   0.02994   0.02046  -0.1125  0.2876  1.0000  -2.7871   0.0000   0.0000   0.0000   0.3115
   8.750   1.4630   0.03068   0.02121  -0.1104  0.2814  1.0000  -2.8399   0.0000   0.0000   0.0000   0.3088
   9.000   1.4804   0.03150   0.02204  -0.1085  0.2756  1.0000  -2.8942   0.0000   0.0000   0.0000   0.3063
   9.250   1.4986   0.03225   0.02277  -0.1068  0.2700  1.0000  -2.9520   0.0000   0.0000   0.0000   0.3038
   9.500   1.5135   0.03316   0.02372  -0.1047  0.2647  1.0000  -3.0073   0.0000   0.0000   0.0000   0.3013
   9.750   1.5299   0.03397   0.02453  -0.1028  0.2595  1.0000  -3.0665   0.0000   0.0000   0.0000   0.2989
  10.000   1.5457   0.03491   0.02550  -0.1009  0.2545  1.0000  -3.1238   0.0000   0.0000   0.0000   0.2965
  10.250   1.5569   0.03587   0.02657  -0.0983  0.2497  1.0000  -3.1739   0.0000   0.0000   0.0000   0.2940
  10.500   1.5820   0.03676   0.02737  -0.0979  0.2453  1.0000  -3.2476   0.0000   0.0000   0.0000   0.2922
  10.750   1.5833   0.03804   0.02885  -0.0941  0.2411  1.0000  -3.2789   0.0000   0.0000   0.0000   0.2894
  11.000   1.6055   0.03892   0.02968  -0.0932  0.2370  1.0000  -3.3484   0.0000   0.0000   0.0000   0.2875
  11.250   1.6155   0.04022   0.03108  -0.0908  0.2332  1.0000  -3.3943   0.0000   0.0000   0.0000   0.2853
  11.500   1.6173   0.04162   0.03264  -0.0875  0.2294  1.0000  -3.4264   0.0000   0.0000   0.0000   0.2827
  11.750   1.6445   0.04238   0.03328  -0.0873  0.2254  1.0000  -3.5068   0.0000   0.0000   0.0000   0.2812
  12.000   1.6406   0.04411   0.03521  -0.0836  0.2221  1.0000  -3.5274   0.0000   0.0000   0.0000   0.2786
  12.250   1.6378   0.04582   0.03709  -0.0802  0.2187  1.0000  -3.5502   0.0000   0.0000   0.0000   0.2761
  12.500   1.6583   0.04678   0.03804  -0.0793  0.2153  1.0000  -3.6178   0.0000   0.0000   0.0000   0.2745
  12.750   1.6644   0.04850   0.03986  -0.0771  0.2124  1.0000  -3.6555   0.0000   0.0000   0.0000   0.2725
  13.000   1.6475   0.05111   0.04275  -0.0731  0.2098  1.0000  -3.6556   0.0000   0.0000   0.0000   0.2701
  13.250   1.6456   0.05314   0.04491  -0.0707  0.2069  1.0000  -3.6950   0.0000   0.0000   0.0000   0.2681
  13.500   1.6871   0.05306   0.04457  -0.0714  0.2029  1.0000  -3.8376   0.0000   0.0000   0.0000   0.2670
  13.750   1.6509   0.05696   0.04888  -0.0670  0.2011  1.0000  -3.7955   0.0000   0.0000   0.0000   0.2647
  14.000   1.6219   0.06102   0.05324  -0.0640  0.1988  1.0000  -3.7675   0.0000   0.0000   0.0000   0.2630
  14.250   1.6129   0.06389   0.05624  -0.0623  0.1959  1.0000  -3.7882   0.0000   0.0000   0.0000   0.2616
  14.500   1.6556   0.06289   0.05499  -0.0622  0.1918  1.0000  -3.9412   0.0000   0.0000   0.0000   0.2601
  14.750   1.6042   0.06941   0.06194  -0.0601  0.1905  1.0000  -3.8501   0.0000   0.0000   0.0000   0.2593
  15.000   1.5320   0.07936   0.07236  -0.0601  0.1897  1.0000  -3.6941   0.0000   0.0000   0.0000   0.2606
  17.500   0.7834   0.20899   0.20450  -0.1204  0.1736  1.0000  -1.1020   0.0000   0.0000   0.0000   0.3813
  18.000   0.7886   0.21483   0.21039  -0.1231  0.1659  1.0000  -1.0747   0.0000   0.0000   0.0000   0.3830
  18.500   1.0768   0.23019   0.22465  -0.1401  0.1711  1.0000  -1.8017   0.0000   0.0000   0.0000   0.3499
  19.000   1.0726   0.23537   0.22986  -0.1466  0.1619  1.0000  -1.7153   0.0000   0.0000   0.0000   0.3555
  19.500   1.0792   0.24197   0.23648  -0.1517  0.1562  1.0000  -1.6572   0.0000   0.0000   0.0000   0.3585
  20.000   1.1047   0.24668   0.24122  -0.1529  0.1506  1.0000  -1.7102   0.0000   0.0000   0.0000   0.3549


