xflr5 v6.61

 Calculated polar for: E63_15_00

 1 1 Reynolds number fixed          Mach number fixed         

 xtrf =   1.000 (top)        1.000 (bottom)
 Mach =   0.200     Re =     0.025 e 6     Ncrit =   9.000

  alpha     CL        CD       CDp       Cm    Top Xtr Bot Xtr   Cpmin    Chinge    XCp    
 ------- -------- --------- --------- -------- ------- ------- -------- --------- ---------
 -20.000  -0.4823   0.25355   0.24068  -0.0090  1.0000  0.1729  -1.3115   0.0000   0.0000   0.0000   0.1968
 -19.500  -0.4623   0.24531   0.23251  -0.0106  1.0000  0.1778  -1.2876   0.0000   0.0000   0.0000   0.1925
 -19.000  -0.4513   0.24262   0.22990  -0.0130  1.0000  0.1836  -1.3000   0.0000   0.0000   0.0000   0.1873
 -18.500  -0.4324   0.23523   0.22259  -0.0145  1.0000  0.1900  -1.2791   0.0000   0.0000   0.0000   0.1826
 -18.000  -0.4203   0.23120   0.21861  -0.0164  1.0000  0.1970  -1.2837   0.0000   0.0000   0.0000   0.1776
 -17.500  -0.4101   0.22827   0.21578  -0.0182  1.0000  0.2059  -1.2908   0.0000   0.0000   0.0000   0.1729
 -17.000  -0.3917   0.22104   0.20863  -0.0192  1.0000  0.2154  -1.2697   0.0000   0.0000   0.0000   0.1681
 -16.500  -0.3760   0.21492   0.20262  -0.0204  1.0000  0.2231  -1.2592   0.0000   0.0000   0.0000   0.1631
 -16.000  -0.3641   0.21008   0.19789  -0.0216  1.0000  0.2310  -1.2604   0.0000   0.0000   0.0000   0.1583
 -15.500  -0.3547   0.20604   0.19398  -0.0227  1.0000  0.2400  -1.2671   0.0000   0.0000   0.0000   0.1542
 -15.000  -0.3429   0.20094   0.18899  -0.0234  1.0000  0.2507  -1.2721   0.0000   0.0000   0.0000   0.1503
 -14.500  -0.3255   0.19404   0.18218  -0.0235  1.0000  0.2668  -1.2728   0.0000   0.0000   0.0000   0.1461
 -14.000  -0.3157   0.18936   0.17756  -0.0238  1.0000  0.2806  -1.2913   0.0000   0.0000   0.0000   0.1433
 -13.500  -0.3060   0.18447   0.17279  -0.0239  1.0000  0.2923  -1.3058   0.0000   0.0000   0.0000   0.1409
 -13.000  -0.2984   0.18003   0.16845  -0.0239  1.0000  0.3042  -1.3167   0.0000   0.0000   0.0000   0.1397
 -12.500  -0.2894   0.17502   0.16357  -0.0236  1.0000  0.3162  -1.3164   0.0000   0.0000   0.0000   0.1386
 -12.000  -0.2725   0.16822   0.15686  -0.0230  1.0000  0.3313  -1.2885   0.0000   0.0000   0.0000   0.1354
 -11.500  -0.2699   0.16488   0.15366  -0.0220  1.0000  0.3482  -1.2845   0.0000   0.0000   0.0000   0.1395
 -11.000  -0.2538   0.15830   0.14720  -0.0210  1.0000  0.3648  -1.2452   0.0000   0.0000   0.0000   0.1378
 -10.500  -0.2511   0.15462   0.14366  -0.0196  1.0000  0.3807  -1.2302   0.0000   0.0000   0.0000   0.1439
 -10.000  -0.2382   0.14873   0.13791  -0.0182  1.0000  0.3969  -1.1886   0.0000   0.0000   0.0000   0.1455
  -9.500  -0.2405   0.14575   0.13505  -0.0160  1.0000  0.4145  -1.1735   0.0000   0.0000   0.0000   0.1574
  -9.000  -0.2281   0.14006   0.12951  -0.0141  1.0000  0.4349  -1.1238   0.0000   0.0000   0.0000   0.1625
  -8.500  -0.2269   0.13629   0.12593  -0.0111  1.0000  0.4582  -1.0922   0.0000   0.0000   0.0000   0.1766
  -8.000  -0.2119   0.13043   0.12024  -0.0086  1.0000  0.4874  -1.0305   0.0000   0.0000   0.0000   0.1850
  -7.500  -0.2070   0.12606   0.11606  -0.0053  1.0000  0.5164  -0.9866   0.0000   0.0000   0.0000   0.2011
  -7.000  -0.2050   0.12211   0.11232  -0.0015  1.0000  0.5474  -0.9546   0.0000   0.0000   0.0000   0.2210
  -6.500  -0.1936   0.11702   0.10740   0.0018  1.0000  0.5840  -0.9468   0.0000   0.0000   0.0000   0.2379
  -6.000  -0.1844   0.11235   0.10293   0.0056  1.0000  0.6282  -0.9400   0.0000   0.0000   0.0000   0.2596
  -5.500  -0.1675   0.10722   0.09793   0.0094  1.0000  0.6985  -0.9231   0.0000   0.0000   0.0000   0.2856
  -5.000   0.0726   0.08404   0.07409  -0.0281  1.0000  1.0000  -0.7578   0.0000   0.0000   0.0000   0.6832
  -4.500   0.0746   0.08144   0.07171  -0.0259  1.0000  1.0000  -0.7749   0.0000   0.0000   0.0000   0.6371
  -4.000   0.0742   0.07919   0.06965  -0.0235  1.0000  1.0000  -0.7907   0.0000   0.0000   0.0000   0.6017
  -3.500   0.0713   0.07729   0.06796  -0.0209  1.0000  1.0000  -0.8051   0.0000   0.0000   0.0000   0.5744
  -3.000   0.0638   0.07581   0.06672  -0.0177  1.0000  0.9992  -0.8190   0.0000   0.0000   0.0000   0.5566
  -2.500  -0.0722   0.08078   0.07232   0.0121  1.0000  0.9241  -0.9034   0.0000   0.0000   0.0000   0.3952
  -2.000  -0.2023   0.08453   0.07660   0.0331  1.0000  0.8168  -1.0031   0.0000   0.0000   0.0000   0.4067
  -1.000  -0.3187   0.07643   0.06841   0.0009  1.0000  0.4459  -1.3322   0.0000   0.0000   0.0000   0.2487
  -0.500  -0.2625   0.07102   0.06275  -0.0129  1.0000  0.4402  -1.3277   0.0000   0.0000   0.0000   0.1966
   0.000  -0.1969   0.06701   0.05841  -0.0270  1.0000  0.4447  -1.2940   0.0000   0.0000   0.0000   0.1085
   0.500  -0.1433   0.06499   0.05615  -0.0356  1.0000  0.4630  -1.2362   0.0000   0.0000   0.0000  -0.0026
   1.000  -0.0879   0.06416   0.05509  -0.0440  1.0000  0.4856  -1.1636   0.0000   0.0000   0.0000  -0.2543
   1.500  -0.0359   0.06451   0.05521  -0.0509  1.0000  0.5158  -1.0815   0.0000   0.0000   0.0000  -1.1676
   2.000   0.0141   0.06569   0.05618  -0.0572  1.0000  0.5482  -0.9957   0.0000   0.0000   0.0000   4.2796
   2.500   0.0561   0.06757   0.05796  -0.0610  1.0000  0.5925  -0.9099   0.0000   0.0000   0.0000   1.3271
   3.000   0.0929   0.06984   0.06027  -0.0632  1.0000  0.6504  -0.8265   0.0000   0.0000   0.0000   0.9210
   3.500   0.1276   0.07227   0.06287  -0.0648  1.0000  0.7279  -0.7469   0.0000   0.0000   0.0000   0.7480
   4.000   0.1468   0.07296   0.06426  -0.0628  1.0000  0.8892  -0.6930   0.0000   0.0000   0.0000   0.6674
   4.500   0.2271   0.07895   0.06913  -0.0833  0.9984  1.0000  -0.6927   0.0000   0.0000   0.0000   0.6082
   5.000   0.2915   0.08728   0.07660  -0.0938  0.9821  1.0000  -0.7381   0.0000   0.0000   0.0000   0.5632
   5.500   0.3418   0.09482   0.08368  -0.1008  0.9621  1.0000  -0.7722   0.0000   0.0000   0.0000   0.5358
   6.000   0.3839   0.10172   0.09028  -0.1060  0.9396  1.0000  -0.7969   0.0000   0.0000   0.0000   0.5166
   6.500   0.4226   0.10830   0.09664  -0.1103  0.9133  1.0000  -0.8173   0.0000   0.0000   0.0000   0.5012
   7.000   0.4624   0.11546   0.10361  -0.1146  0.8878  1.0000  -0.8434   0.0000   0.0000   0.0000   0.4875
   7.500   0.4963   0.12177   0.10979  -0.1176  0.8596  1.0000  -0.8684   0.0000   0.0000   0.0000   0.4762
   8.000   0.5299   0.12844   0.11634  -0.1205  0.8334  1.0000  -0.8926   0.0000   0.0000   0.0000   0.4662
   8.500   0.5612   0.13471   0.12252  -0.1229  0.8059  1.0000  -0.9124   0.0000   0.0000   0.0000   0.4572
   9.000   0.5928   0.14135   0.12907  -0.1253  0.7798  1.0000  -0.9353   0.0000   0.0000   0.0000   0.4490
   9.500   0.6190   0.14708   0.13475  -0.1269  0.7541  1.0000  -0.9549   0.0000   0.0000   0.0000   0.4421
  10.000   0.6529   0.15425   0.14185  -0.1294  0.7281  1.0000  -0.9807   0.0000   0.0000   0.0000   0.4347
  10.500   0.6786   0.16019   0.14776  -0.1310  0.7042  1.0000  -1.0023   0.0000   0.0000   0.0000   0.4289
  11.000   0.7018   0.16556   0.15309  -0.1323  0.6801  1.0000  -1.0224   0.0000   0.0000   0.0000   0.4237
  11.500   0.7278   0.17176   0.15927  -0.1341  0.6592  1.0000  -1.0431   0.0000   0.0000   0.0000   0.4188
  12.000   0.7519   0.17732   0.16481  -0.1357  0.6354  1.0000  -1.0599   0.0000   0.0000   0.0000   0.4142
  12.500   0.7777   0.18368   0.17119  -0.1376  0.6157  1.0000  -1.0859   0.0000   0.0000   0.0000   0.4100
  13.000   0.8031   0.18991   0.17742  -0.1394  0.5947  1.0000  -1.1128   0.0000   0.0000   0.0000   0.4059
  13.500   0.8298   0.19658   0.18408  -0.1413  0.5739  1.0000  -1.1389   0.0000   0.0000   0.0000   0.4019
  14.000   0.8465   0.20072   0.18824  -0.1430  0.5560  1.0000  -1.1600   0.0000   0.0000   0.0000   0.3996
  14.500   0.8683   0.20634   0.19387  -0.1449  0.5374  1.0000  -1.1881   0.0000   0.0000   0.0000   0.3967
  15.500   0.9110   0.21758   0.20525  -0.1492  0.5029  1.0000  -1.2485   0.0000   0.0000   0.0000   0.3918
  16.000   0.9374   0.22516   0.21287  -0.1514  0.4860  1.0000  -1.2896   0.0000   0.0000   0.0000   0.3887
  16.500   0.9538   0.22900   0.21675  -0.1536  0.4681  1.0000  -1.3105   0.0000   0.0000   0.0000   0.3873
  17.000   0.9789   0.23672   0.22453  -0.1561  0.4542  1.0000  -1.3428   0.0000   0.0000   0.0000   0.3847
  17.500   0.9937   0.24059   0.22842  -0.1587  0.4406  1.0000  -1.3527   0.0000   0.0000   0.0000   0.3840
  18.000   1.0137   0.24596   0.23385  -0.1612  0.4234  1.0000  -1.3709   0.0000   0.0000   0.0000   0.3822
  18.500   1.0375   0.25377   0.24173  -0.1638  0.4102  1.0000  -1.3919   0.0000   0.0000   0.0000   0.3800
  19.000   1.0553   0.25919   0.24729  -0.1667  0.3987  1.0000  -1.3974   0.0000   0.0000   0.0000   0.3791
  19.500   1.0697   0.26280   0.25095  -0.1698  0.3864  1.0000  -1.3935   0.0000   0.0000   0.0000   0.3787
  20.000   1.0856   0.26683   0.25505  -0.1728  0.3718  1.0000  -1.4407   0.0000   0.0000   0.0000   0.3779


