xflr5 v6.61

 Calculated polar for: E63_8_00

 1 1 Reynolds number fixed          Mach number fixed         

 xtrf =   1.000 (top)        1.000 (bottom)
 Mach =   0.200     Re =     0.090 e 6     Ncrit =   7.000

  alpha     CL        CD       CDp       Cm    Top Xtr Bot Xtr   Cpmin    Chinge    XCp    
 ------- -------- --------- --------- -------- ------- ------- -------- --------- ---------
 -29.000  -0.8450   0.34088   0.33458   0.0707  1.0000  0.0169  -1.7179   0.0000   0.0000   0.0000   0.3082
 -28.500  -0.8323   0.33577   0.32945   0.0668  1.0000  0.0177  -1.6564   0.0000   0.0000   0.0000   0.3058
 -28.000  -0.8190   0.33088   0.32454   0.0628  1.0000  0.0185  -1.6150   0.0000   0.0000   0.0000   0.3030
 -27.500  -0.8054   0.32590   0.31954   0.0588  1.0000  0.0193  -1.5781   0.0000   0.0000   0.0000   0.3002
 -27.000  -0.7915   0.32085   0.31448   0.0548  1.0000  0.0202  -1.5572   0.0000   0.0000   0.0000   0.2972
 -26.500  -0.7773   0.31577   0.30937   0.0508  1.0000  0.0210  -1.5574   0.0000   0.0000   0.0000   0.2941
 -26.000  -0.7628   0.31081   0.30440   0.0467  1.0000  0.0216  -1.5637   0.0000   0.0000   0.0000   0.2907
 -25.500  -0.7482   0.30621   0.29979   0.0426  1.0000  0.0219  -1.5770   0.0000   0.0000   0.0000   0.2871
 -25.000  -0.7341   0.30270   0.29627   0.0381  1.0000  0.0221  -1.6040   0.0000   0.0000   0.0000   0.2828
 -24.500  -0.7200   0.29772   0.29132   0.0342  1.0000  0.0223  -1.6010   0.0000   0.0000   0.0000   0.2790
 -24.000  -0.7046   0.28965   0.28324   0.0318  1.0000  0.0229  -1.5031   0.0000   0.0000   0.0000   0.2773
 -23.500  -0.6898   0.28413   0.27769   0.0286  1.0000  0.0236  -1.4496   0.0000   0.0000   0.0000   0.2743
 -23.000  -0.6748   0.27879   0.27235   0.0253  1.0000  0.0244  -1.4355   0.0000   0.0000   0.0000   0.2709
 -22.500  -0.6596   0.27347   0.26703   0.0220  1.0000  0.0252  -1.4258   0.0000   0.0000   0.0000   0.2673
 -22.000  -0.6444   0.26815   0.26171   0.0188  1.0000  0.0262  -1.4191   0.0000   0.0000   0.0000   0.2636
 -21.500  -0.6290   0.26299   0.25656   0.0154  1.0000  0.0271  -1.4192   0.0000   0.0000   0.0000   0.2595
 -21.000  -0.6141   0.25871   0.25228   0.0118  1.0000  0.0278  -1.4381   0.0000   0.0000   0.0000   0.2546
 -20.500  -0.6009   0.25596   0.24953   0.0078  1.0000  0.0281  -1.4736   0.0000   0.0000   0.0000   0.2489
 -20.000  -0.5899   0.25414   0.24774   0.0038  1.0000  0.0283  -1.5111   0.0000   0.0000   0.0000   0.2430
 -19.500  -0.5706   0.24276   0.23638   0.0025  1.0000  0.0288  -1.4209   0.0000   0.0000   0.0000   0.2412
 -19.000  -0.5540   0.23526   0.22889   0.0011  1.0000  0.0299  -1.3408   0.0000   0.0000   0.0000   0.2391
 -18.500  -0.5388   0.22959   0.22324  -0.0011  1.0000  0.0313  -1.3168   0.0000   0.0000   0.0000   0.2354
 -18.000  -0.5239   0.22405   0.21772  -0.0035  1.0000  0.0327  -1.3129   0.0000   0.0000   0.0000   0.2313
 -17.500  -0.5093   0.21850   0.21217  -0.0058  1.0000  0.0340  -1.3184   0.0000   0.0000   0.0000   0.2269
 -17.000  -0.4950   0.21304   0.20672  -0.0081  1.0000  0.0354  -1.3324   0.0000   0.0000   0.0000   0.2221
 -16.500  -0.4815   0.20803   0.20175  -0.0107  1.0000  0.0366  -1.3663   0.0000   0.0000   0.0000   0.2166
 -16.000  -0.4703   0.20399   0.19775  -0.0136  1.0000  0.0371  -1.4214   0.0000   0.0000   0.0000   0.2103
 -15.500  -0.4617   0.20064   0.19445  -0.0165  1.0000  0.0373  -1.4826   0.0000   0.0000   0.0000   0.2039
 -15.000  -0.4452   0.19223   0.18609  -0.0174  1.0000  0.0378  -1.4382   0.0000   0.0000   0.0000   0.2008
 -14.500  -0.4287   0.18472   0.17861  -0.0176  1.0000  0.0390  -1.3507   0.0000   0.0000   0.0000   0.1989
 -14.000  -0.4156   0.17897   0.17290  -0.0187  1.0000  0.0405  -1.3134   0.0000   0.0000   0.0000   0.1952
 -13.500  -0.4035   0.17341   0.16735  -0.0199  1.0000  0.0422  -1.2933   0.0000   0.0000   0.0000   0.1911
 -13.000  -0.3928   0.16804   0.16203  -0.0213  1.0000  0.0442  -1.2916   0.0000   0.0000   0.0000   0.1864
 -12.500  -0.3864   0.16402   0.15808  -0.0236  1.0000  0.0456  -1.3405   0.0000   0.0000   0.0000   0.1801
 -12.000  -0.3864   0.16130   0.15545  -0.0260  1.0000  0.0460  -1.4184   0.0000   0.0000   0.0000   0.1743
 -11.500  -0.3663   0.15156   0.14576  -0.0248  1.0000  0.0472  -1.3312   0.0000   0.0000   0.0000   0.1739
 -11.000  -0.3539   0.14553   0.13979  -0.0243  1.0000  0.0499  -1.2857   0.0000   0.0000   0.0000   0.1730
 -10.500  -0.3463   0.14042   0.13475  -0.0248  1.0000  0.0534  -1.3062   0.0000   0.0000   0.0000   0.1704
 -10.000  -0.3499   0.13757   0.13201  -0.0269  1.0000  0.0555  -1.4297   0.0000   0.0000   0.0000   0.1659
  -9.500  -0.3415   0.13085   0.12539  -0.0264  1.0000  0.0566  -1.4382   0.0000   0.0000   0.0000   0.1657
  -9.000  -0.3291   0.12456   0.11917  -0.0247  1.0000  0.0593  -1.3807   0.0000   0.0000   0.0000   0.1681
  -8.500  -0.3254   0.11977   0.11443  -0.0240  1.0000  0.0624  -1.3985   0.0000   0.0000   0.0000   0.1697
  -8.000  -0.3334   0.11656   0.11136  -0.0243  1.0000  0.0652  -1.4972   0.0000   0.0000   0.0000   0.1714
  -7.500  -0.3558   0.11493   0.10992  -0.0239  1.0000  0.0658  -1.6439   0.0000   0.0000   0.0000   0.1780
  -7.000  -0.3321   0.10635   0.10140  -0.0201  1.0000  0.0685  -1.5058   0.0000   0.0000   0.0000   0.1845
  -6.500  -0.3387   0.10255   0.09773  -0.0171  1.0000  0.0715  -1.5156   0.0000   0.0000   0.0000   0.1950
  -6.000  -0.3583   0.09989   0.09525  -0.0148  1.0000  0.0745  -1.5938   0.0000   0.0000   0.0000   0.2052
  -5.500  -0.3645   0.09549   0.09102  -0.0219  1.0000  0.0760  -1.7591   0.0000   0.0000   0.0000   0.1868
  -5.000  -0.3574   0.08962   0.08523  -0.0148  1.0000  0.0785  -1.6299   0.0000   0.0000   0.0000   0.2054
  -4.500  -0.3462   0.08422   0.07992  -0.0176  1.0000  0.0834  -1.6272   0.0000   0.0000   0.0000   0.1964
  -3.000  -0.0633   0.04375   0.03829  -0.0916  0.9877  0.0536  -2.0739   0.0000   0.0000   0.0000  -1.2120
  -2.500   0.0857   0.03021   0.02277  -0.1175  0.9885  0.0507  -2.2667   0.0000   0.0000   0.0000   1.6338
  -2.000   0.1848   0.02618   0.01767  -0.1264  0.9825  0.0610  -2.0976   0.0000   0.0000   0.0000   0.9386
  -1.500   0.2725   0.02470   0.01588  -0.1326  0.9728  0.0940  -1.7575   0.0000   0.0000   0.0000   0.7388
  -1.000   0.3576   0.02425   0.01555  -0.1386  0.9599  0.1682  -1.3357   0.0000   0.0000   0.0000   0.6386
  -0.500   0.4396   0.02366   0.01525  -0.1438  0.9441  0.2831  -0.9804   0.0000   0.0000   0.0000   0.5772
   0.000   0.5221   0.02287   0.01497  -0.1486  0.9282  0.4513  -0.6320   0.0000   0.0000   0.0000   0.5340
   0.500   0.5849   0.02114   0.01431  -0.1479  0.9093  1.0000  -0.6986   0.0000   0.0000   0.0000   0.5016
   1.000   0.6659   0.02074   0.01353  -0.1517  0.8891  1.0000  -0.7837   0.0000   0.0000   0.0000   0.4759
   1.500   0.7425   0.02010   0.01269  -0.1541  0.8660  1.0000  -0.8753   0.0000   0.0000   0.0000   0.4551
   2.000   0.8184   0.01920   0.01169  -0.1559  0.8409  1.0000  -0.9824   0.0000   0.0000   0.0000   0.4375
   2.500   0.9013   0.01808   0.01054  -0.1586  0.8142  1.0000  -1.1076   0.0000   0.0000   0.0000   0.4225
   3.000   0.9805   0.01728   0.00970  -0.1608  0.7738  1.0000  -1.2425   0.0000   0.0000   0.0000   0.4100
   3.500   1.0648   0.01679   0.00909  -0.1641  0.7174  1.0000  -1.4002   0.0000   0.0000   0.0000   0.3995
   4.000   1.1335   0.01704   0.00910  -0.1647  0.6451  1.0000  -1.5505   0.0000   0.0000   0.0000   0.3901
   4.500   1.1881   0.01786   0.00956  -0.1630  0.5676  1.0000  -1.7261   0.0000   0.0000   0.0000   0.3813
   5.000   1.2343   0.01904   0.01043  -0.1600  0.4956  1.0000  -1.9031   0.0000   0.0000   0.0000   0.3731
   5.500   1.2766   0.02041   0.01149  -0.1566  0.4322  1.0000  -2.0767   0.0000   0.0000   0.0000   0.3655
   6.000   1.3172   0.02192   0.01276  -0.1531  0.3773  1.0000  -2.2571   0.0000   0.0000   0.0000   0.3584
   6.500   1.3565   0.02353   0.01422  -0.1495  0.3289  1.0000  -2.5401   0.0000   0.0000   0.0000   0.3518
   7.000   1.3945   0.02528   0.01597  -0.1458  0.2875  1.0000  -2.8286   0.0000   0.0000   0.0000   0.3454
   7.500   1.4272   0.02704   0.01766  -0.1414  0.2476  1.0000  -3.1208   0.0000   0.0000   0.0000   0.3392
   8.000   1.4556   0.02885   0.01946  -0.1365  0.2118  1.0000  -3.4428   0.0000   0.0000   0.0000   0.3331
   8.500   1.4807   0.03077   0.02142  -0.1312  0.1816  1.0000  -3.7614   0.0000   0.0000   0.0000   0.3272
   9.000   1.5066   0.03293   0.02377  -0.1262  0.1570  1.0000  -4.0843   0.0000   0.0000   0.0000   0.3216
   9.500   1.5296   0.03548   0.02650  -0.1210  0.1379  1.0000  -4.3963   0.0000   0.0000   0.0000   0.3162
  10.000   1.5466   0.03838   0.02972  -0.1155  0.1185  1.0000  -4.6830   0.0000   0.0000   0.0000   0.3110
  10.500   1.5579   0.04185   0.03351  -0.1098  0.0996  1.0000  -4.9352   0.0000   0.0000   0.0000   0.3059
  11.000   1.5622   0.04617   0.03811  -0.1042  0.0835  1.0000  -5.1415   0.0000   0.0000   0.0000   0.3013
  11.500   1.5610   0.05142   0.04369  -0.0992  0.0706  1.0000  -5.2987   0.0000   0.0000   0.0000   0.2972
  12.000   1.5558   0.05772   0.05032  -0.0950  0.0616  1.0000  -5.4111   0.0000   0.0000   0.0000   0.2938
  12.500   1.5486   0.06476   0.05763  -0.0920  0.0558  1.0000  -5.5102   0.0000   0.0000   0.0000   0.2912
  13.000   1.5373   0.07321   0.06668  -0.0902  0.0517  1.0000  -5.5432   0.0000   0.0000   0.0000   0.2896
  13.500   1.5237   0.08194   0.07574  -0.0901  0.0487  1.0000  -5.6013   0.0000   0.0000   0.0000   0.2891
  14.000   1.5033   0.09242   0.08661  -0.0921  0.0467  1.0000  -5.6080   0.0000   0.0000   0.0000   0.2903
  14.500   1.4676   0.10655   0.10136  -0.0982  0.0458  1.0000  -5.4819   0.0000   0.0000   0.0000   0.2950
  15.000   1.4254   0.12376   0.11908  -0.1086  0.0457  1.0000  -5.2512   0.0000   0.0000   0.0000   0.3034
  15.500   1.3760   0.14522   0.14093  -0.1237  0.0465  1.0000  -4.8556   0.0000   0.0000   0.0000   0.3166
  16.500   1.2579   0.21216   0.20780  -0.1705  0.0511  1.0000  -2.8794   0.0000   0.0000   0.0000   0.3633
  17.000   1.2773   0.21586   0.21156  -0.1721  0.0470  1.0000  -3.1178   0.0000   0.0000   0.0000   0.3612
  17.500   1.2778   0.23025   0.22591  -0.1818  0.0464  1.0000  -2.8501   0.0000   0.0000   0.0000   0.3682
  18.000   1.2891   0.24013   0.23580  -0.1875  0.0469  1.0000  -2.7843   0.0000   0.0000   0.0000   0.3706


