xflr5 v6.61

 Calculated polar for: E63_10_00

 1 1 Reynolds number fixed          Mach number fixed         

 xtrf =   1.000 (top)        1.000 (bottom)
 Mach =   0.200     Re =     0.050 e 6     Ncrit =   9.000

  alpha     CL        CD       CDp       Cm    Top Xtr Bot Xtr   Cpmin    Chinge    XCp    
 ------- -------- --------- --------- -------- ------- ------- -------- --------- ---------
 -20.000  -0.5549   0.24804   0.23930   0.0005  1.0000  0.0675  -1.3441   0.0000   0.0000   0.0000   0.2323
 -19.500  -0.5385   0.24213   0.23341  -0.0017  1.0000  0.0705  -1.3074   0.0000   0.0000   0.0000   0.2287
 -19.000  -0.5240   0.23738   0.22869  -0.0044  1.0000  0.0737  -1.2981   0.0000   0.0000   0.0000   0.2239
 -18.500  -0.5142   0.23561   0.22698  -0.0081  1.0000  0.0755  -1.3315   0.0000   0.0000   0.0000   0.2172
 -18.000  -0.4972   0.22774   0.21917  -0.0098  1.0000  0.0768  -1.2929   0.0000   0.0000   0.0000   0.2135
 -17.500  -0.4796   0.22076   0.21217  -0.0111  1.0000  0.0797  -1.2450   0.0000   0.0000   0.0000   0.2103
 -17.000  -0.4652   0.21549   0.20694  -0.0131  1.0000  0.0831  -1.2485   0.0000   0.0000   0.0000   0.2056
 -16.500  -0.4551   0.21219   0.20371  -0.0159  1.0000  0.0858  -1.2917   0.0000   0.0000   0.0000   0.1993
 -16.000  -0.4426   0.20659   0.19819  -0.0179  1.0000  0.0872  -1.3092   0.0000   0.0000   0.0000   0.1942
 -15.500  -0.4242   0.19905   0.19069  -0.0185  1.0000  0.0908  -1.2684   0.0000   0.0000   0.0000   0.1912
 -15.000  -0.4122   0.19414   0.18583  -0.0202  1.0000  0.0950  -1.2791   0.0000   0.0000   0.0000   0.1862
 -14.500  -0.4103   0.19278   0.18457  -0.0231  1.0000  0.0970  -1.3524   0.0000   0.0000   0.0000   0.1796
 -14.000  -0.3875   0.18283   0.17468  -0.0227  1.0000  0.1005  -1.2846   0.0000   0.0000   0.0000   0.1771
 -13.500  -0.3765   0.17780   0.16968  -0.0238  1.0000  0.1055  -1.2870   0.0000   0.0000   0.0000   0.1728
 -13.000  -0.3717   0.17382   0.16581  -0.0256  1.0000  0.1085  -1.3255   0.0000   0.0000   0.0000   0.1678
 -12.500  -0.3549   0.16678   0.15883  -0.0253  1.0000  0.1156  -1.2787   0.0000   0.0000   0.0000   0.1654
 -12.000  -0.3534   0.16325   0.15543  -0.0269  1.0000  0.1193  -1.3224   0.0000   0.0000   0.0000   0.1614
 -11.500  -0.3364   0.15601   0.14825  -0.0262  1.0000  0.1259  -1.2724   0.0000   0.0000   0.0000   0.1596
 -11.000  -0.3440   0.15434   0.14674  -0.0279  1.0000  0.1296  -1.3442   0.0000   0.0000   0.0000   0.1573
  -9.750  -0.3132   0.13769   0.13032  -0.0261  1.0000  0.1441  -1.2633   0.0000   0.0000   0.0000   0.1558
  -9.500  -0.3108   0.13533   0.12803  -0.0258  1.0000  0.1481  -1.2586   0.0000   0.0000   0.0000   0.1564
  -9.250  -0.3190   0.13479   0.12758  -0.0262  1.0000  0.1508  -1.2980   0.0000   0.0000   0.0000   0.1579
  -9.000  -0.3109   0.13079   0.12359  -0.0254  1.0000  0.1531  -1.2777   0.0000   0.0000   0.0000   0.1584
  -8.750  -0.3047   0.12776   0.12061  -0.0245  1.0000  0.1573  -1.2661   0.0000   0.0000   0.0000   0.1598
  -8.500  -0.3105   0.12657   0.11950  -0.0243  1.0000  0.1611  -1.2971   0.0000   0.0000   0.0000   0.1624
  -8.000  -0.3032   0.12073   0.11380  -0.0225  1.0000  0.1673  -1.2916   0.0000   0.0000   0.0000   0.1669
  -7.250  -0.3066   0.11419   0.10750  -0.0196  1.0000  0.1783  -1.3161   0.0000   0.0000   0.0000   0.1783
  -7.000  -0.3161   0.11312   0.10655  -0.0185  1.0000  0.1828  -1.3428   0.0000   0.0000   0.0000   0.1844
  -6.500  -0.3170   0.10827   0.10186  -0.0154  1.0000  0.1901  -1.3424   0.0000   0.0000   0.0000   0.1949
  -6.250  -0.3339   0.10780   0.10152  -0.0134  1.0000  0.1941  -1.3785   0.0000   0.0000   0.0000   0.2040
  -6.000  -0.3424   0.10596   0.09980  -0.0116  1.0000  0.1964  -1.3956   0.0000   0.0000   0.0000   0.2109
  -5.750  -0.3382   0.10316   0.09706  -0.0095  1.0000  0.2020  -1.3767   0.0000   0.0000   0.0000   0.2166
  -5.500  -0.3575   0.10285   0.09688  -0.0100  1.0000  0.2059  -1.4331   0.0000   0.0000   0.0000   0.2173
  -5.250  -0.3478   0.09910   0.09319  -0.0071  1.0000  0.2107  -1.3961   0.0000   0.0000   0.0000   0.2250
  -5.000  -0.3591   0.09799   0.09218  -0.0087  1.0000  0.2167  -1.4389   0.0000   0.0000   0.0000   0.2216
  -4.750  -0.3528   0.09467   0.08892  -0.0058  1.0000  0.2214  -1.4108   0.0000   0.0000   0.0000   0.2294
  -4.500  -0.3579   0.09284   0.08719  -0.0087  1.0000  0.2285  -1.4470   0.0000   0.0000   0.0000   0.2219
  -4.250  -0.3524   0.08990   0.08430  -0.0058  1.0000  0.2351  -1.4195   0.0000   0.0000   0.0000   0.2300
  -4.000  -0.3502   0.08725   0.08172  -0.0065  1.0000  0.2422  -1.4259   0.0000   0.0000   0.0000   0.2278
  -3.750  -0.3455   0.08458   0.07911  -0.0085  1.0000  0.2516  -1.4345   0.0000   0.0000   0.0000   0.2219
  -3.500  -0.3381   0.08179   0.07636  -0.0101  1.0000  0.2622  -1.4348   0.0000   0.0000   0.0000   0.2169
  -3.250  -0.3305   0.07900   0.07361  -0.0098  1.0000  0.2744  -1.4239   0.0000   0.0000   0.0000   0.2171
  -2.250  -0.1170   0.05108   0.04433  -0.0708  1.0000  0.2059  -1.7108   0.0000   0.0000   0.0000  -0.3623
  -2.000  -0.0678   0.04675   0.03963  -0.0789  1.0000  0.2038  -1.6910   0.0000   0.0000   0.0000  -0.9272
  -1.750  -0.0080   0.04230   0.03457  -0.0890  1.0000  0.2007  -1.6564   0.0000   0.0000   0.0000  -10.9948
  -1.500   0.0457   0.03918   0.03075  -0.0966  1.0000  0.2037  -1.5938   0.0000   0.0000   0.0000   2.3797
  -1.250   0.0845   0.03779   0.02891  -0.1004  1.0000  0.2172  -1.5027   0.0000   0.0000   0.0000   1.4453
  -1.000   0.1114   0.03719   0.02825  -0.1014  1.0000  0.2310  -1.4025   0.0000   0.0000   0.0000   1.1650
  -0.750   0.1422   0.03665   0.02744  -0.1033  1.0000  0.2505  -1.3043   0.0000   0.0000   0.0000   0.9790
  -0.500   0.1682   0.03650   0.02724  -0.1042  1.0000  0.2729  -1.2019   0.0000   0.0000   0.0000   0.8709
  -0.250   0.1921   0.03658   0.02735  -0.1047  1.0000  0.2979  -1.0992   0.0000   0.0000   0.0000   0.7957
   0.000   0.2184   0.03675   0.02743  -0.1058  1.0000  0.3270  -0.9973   0.0000   0.0000   0.0000   0.7343
   0.250   0.2416   0.03716   0.02789  -0.1063  1.0000  0.3582  -0.9289   0.0000   0.0000   0.0000   0.6896
   0.500   0.3032   0.03792   0.02868  -0.1128  0.9838  0.4201  -0.8174   0.0000   0.0000   0.0000   0.6211
   0.750   0.3579   0.03833   0.02924  -0.1180  0.9671  0.4942  -0.7271   0.0000   0.0000   0.0000   0.5781
   1.000   0.4098   0.03836   0.02963  -0.1221  0.9512  0.5985  -0.6637   0.0000   0.0000   0.0000   0.5460
   1.250   0.4380   0.03743   0.02957  -0.1211  0.9345  0.7880  -0.6943   0.0000   0.0000   0.0000   0.5241
   1.500   0.4908   0.03757   0.02919  -0.1268  0.9128  1.0000  -0.7399   0.0000   0.0000   0.0000   0.5058
   1.750   0.5397   0.03815   0.02942  -0.1309  0.8929  1.0000  -0.7878   0.0000   0.0000   0.0000   0.4896
   2.000   0.5870   0.03855   0.02960  -0.1343  0.8728  1.0000  -0.8367   0.0000   0.0000   0.0000   0.4755
   2.250   0.6339   0.03875   0.02964  -0.1372  0.8528  1.0000  -0.8917   0.0000   0.0000   0.0000   0.4629
   2.500   0.6824   0.03871   0.02948  -0.1399  0.8333  1.0000  -0.9497   0.0000   0.0000   0.0000   0.4513
   2.750   0.7335   0.03836   0.02904  -0.1426  0.8144  1.0000  -1.0132   0.0000   0.0000   0.0000   0.4403
   3.000   0.7767   0.03806   0.02870  -0.1440  0.7939  1.0000  -1.0720   0.0000   0.0000   0.0000   0.4310
   3.250   0.8211   0.03753   0.02814  -0.1451  0.7737  1.0000  -1.1354   0.0000   0.0000   0.0000   0.4221
   3.500   0.8691   0.03658   0.02718  -0.1463  0.7545  1.0000  -1.2063   0.0000   0.0000   0.0000   0.4134
   3.750   0.9355   0.03446   0.02509  -0.1491  0.7384  1.0000  -1.3048   0.0000   0.0000   0.0000   0.4042
   4.000   0.9918   0.03297   0.02360  -0.1510  0.7173  1.0000  -1.3936   0.0000   0.0000   0.0000   0.3967
   4.250   1.0557   0.03125   0.02186  -0.1538  0.6944  1.0000  -1.4970   0.0000   0.0000   0.0000   0.3898
   4.500   1.0977   0.03071   0.02133  -0.1540  0.6666  1.0000  -1.5751   0.0000   0.0000   0.0000   0.3842
   4.750   1.1491   0.02996   0.02047  -0.1556  0.6384  1.0000  -1.6687   0.0000   0.0000   0.0000   0.3789
   5.000   1.1876   0.02995   0.02035  -0.1556  0.6089  1.0000  -1.7499   0.0000   0.0000   0.0000   0.3742
   5.250   1.2189   0.03037   0.02067  -0.1548  0.5801  1.0000  -1.8208   0.0000   0.0000   0.0000   0.3698
   5.500   1.2551   0.03073   0.02090  -0.1547  0.5524  1.0000  -1.8999   0.0000   0.0000   0.0000   0.3658
   5.750   1.2776   0.03164   0.02176  -0.1530  0.5261  1.0000  -1.9580   0.0000   0.0000   0.0000   0.3619
   6.000   1.3039   0.03252   0.02254  -0.1518  0.5015  1.0000  -2.0425   0.0000   0.0000   0.0000   0.3582
   6.250   1.3295   0.03349   0.02342  -0.1506  0.4785  1.0000  -2.1307   0.0000   0.0000   0.0000   0.3547
   6.500   1.3528   0.03462   0.02450  -0.1491  0.4572  1.0000  -2.2146   0.0000   0.0000   0.0000   0.3514
   6.750   1.3748   0.03583   0.02568  -0.1476  0.4370  1.0000  -2.2964   0.0000   0.0000   0.0000   0.3481
   7.000   1.3987   0.03707   0.02687  -0.1463  0.4185  1.0000  -2.3824   0.0000   0.0000   0.0000   0.3450
   7.250   1.4207   0.03840   0.02832  -0.1448  0.4008  1.0000  -2.4647   0.0000   0.0000   0.0000   0.3420
   7.500   1.4388   0.03996   0.02995  -0.1429  0.3848  1.0000  -2.5381   0.0000   0.0000   0.0000   0.3390
   7.750   1.4576   0.04154   0.03159  -0.1411  0.3696  1.0000  -2.6130   0.0000   0.0000   0.0000   0.3362
   8.000   1.4830   0.04295   0.03294  -0.1402  0.3551  1.0000  -2.7035   0.0000   0.0000   0.0000   0.3335
   8.250   1.4947   0.04494   0.03512  -0.1375  0.3425  1.0000  -2.7613   0.0000   0.0000   0.0000   0.3307
   8.500   1.5070   0.04694   0.03729  -0.1351  0.3304  1.0000  -2.8211   0.0000   0.0000   0.0000   0.3279
   8.750   1.5192   0.04903   0.03954  -0.1327  0.3192  1.0000  -2.9221   0.0000   0.0000   0.0000   0.3253
   9.000   1.5313   0.05124   0.04189  -0.1303  0.3089  1.0000  -3.0228   0.0000   0.0000   0.0000   0.3227
   9.250   1.5430   0.05343   0.04423  -0.1280  0.2988  1.0000  -3.1240   0.0000   0.0000   0.0000   0.3202
   9.500   1.5572   0.05562   0.04652  -0.1260  0.2891  1.0000  -3.2341   0.0000   0.0000   0.0000   0.3178
   9.750   1.5363   0.05952   0.05087  -0.1206  0.2838  1.0000  -3.2220   0.0000   0.0000   0.0000   0.3151
  10.000   1.5398   0.06243   0.05394  -0.1178  0.2766  1.0000  -3.2939   0.0000   0.0000   0.0000   0.3127
  10.250   1.5071   0.06698   0.05883  -0.1121  0.2733  1.0000  -3.2422   0.0000   0.0000   0.0000   0.3104
  10.500   1.5084   0.06985   0.06180  -0.1094  0.2664  1.0000  -3.3088   0.0000   0.0000   0.0000   0.3081
  10.750   1.4535   0.07627   0.06850  -0.1038  0.2664  1.0000  -3.1761   0.0000   0.0000   0.0000   0.3068
  11.000   1.3872   0.08554   0.07797  -0.1014  0.2675  1.0000  -2.9875   0.0000   0.0000   0.0000   0.3083
  14.750   1.1006   0.20671   0.19952  -0.1642  0.3042  1.0000  -1.7247   0.0000   0.0000   0.0000   0.3810
  15.000   1.1074   0.21012   0.20296  -0.1657  0.2966  1.0000  -1.7477   0.0000   0.0000   0.0000   0.3810
  15.500   1.1221   0.21697   0.20989  -0.1688  0.2838  1.0000  -1.7917   0.0000   0.0000   0.0000   0.3810
  16.000   1.1375   0.22390   0.21689  -0.1721  0.2721  1.0000  -1.8314   0.0000   0.0000   0.0000   0.3809
  16.500   1.1533   0.23082   0.22390  -0.1754  0.2606  1.0000  -1.8643   0.0000   0.0000   0.0000   0.3808
  17.000   1.1770   0.23937   0.23255  -0.1774  0.2458  1.0000  -1.9436   0.0000   0.0000   0.0000   0.3785
  17.500   1.1887   0.24563   0.23889  -0.1816  0.2345  1.0000  -1.9566   0.0000   0.0000   0.0000   0.3796
  18.000   1.1982   0.25091   0.24431  -0.1862  0.2198  1.0000  -1.9444   0.0000   0.0000   0.0000   0.3813
  18.500   1.2144   0.25718   0.25064  -0.1894  0.1987  1.0000  -1.9545   0.0000   0.0000   0.0000   0.3808
  19.000   1.2307   0.26405   0.25756  -0.1931  0.1846  1.0000  -1.9442   0.0000   0.0000   0.0000   0.3807
  19.500   1.2444   0.27079   0.26433  -0.1977  0.1753  1.0000  -1.9135   0.0000   0.0000   0.0000   0.3816
  20.000   1.2599   0.27790   0.27146  -0.2020  0.1680  1.0000  -1.8956   0.0000   0.0000   0.0000   0.3820


