xflr5 v6.61

 Calculated polar for: NACA4412_7_00

 1 1 Reynolds number fixed          Mach number fixed         

 xtrf =   1.000 (top)        1.000 (bottom)
 Mach =   0.200     Re =     0.100 e 6     Ncrit =   9.000

  alpha     CL        CD       CDp       Cm    Top Xtr Bot Xtr   Cpmin    Chinge    XCp    
 ------- -------- --------- --------- -------- ------- ------- -------- --------- ---------
 -13.000  -0.4372   0.15908   0.15351  -0.0137  1.0000  0.0430  -1.4261   0.0000   0.0000   0.0000   0.2124
 -12.500  -0.4254   0.15308   0.14755  -0.0165  1.0000  0.0455  -1.4663   0.0000   0.0000   0.0000   0.2052
 -12.000  -0.4154   0.14692   0.14144  -0.0194  1.0000  0.0467  -1.5195   0.0000   0.0000   0.0000   0.1977
 -11.500  -0.4008   0.13999   0.13453  -0.0206  1.0000  0.0495  -1.4766   0.0000   0.0000   0.0000   0.1930
 -11.000  -0.3953   0.13506   0.12967  -0.0242  1.0000  0.0518  -1.5669   0.0000   0.0000   0.0000   0.1836
 -10.500  -0.3798   0.12753   0.12217  -0.0246  1.0000  0.0549  -1.4966   0.0000   0.0000   0.0000   0.1801
 -10.000  -0.3781   0.12315   0.11788  -0.0283  1.0000  0.0580  -1.5977   0.0000   0.0000   0.0000   0.1703
  -9.750  -0.3672   0.11857   0.11332  -0.0275  1.0000  0.0596  -1.5218   0.0000   0.0000   0.0000   0.1703
  -9.500  -0.3617   0.11557   0.11034  -0.0279  1.0000  0.0617  -1.5045   0.0000   0.0000   0.0000   0.1680
  -9.250  -0.3603   0.11312   0.10795  -0.0293  1.0000  0.0636  -1.5357   0.0000   0.0000   0.0000   0.1642
  -9.000  -0.3651   0.11162   0.10653  -0.0316  1.0000  0.0644  -1.6213   0.0000   0.0000   0.0000   0.1593
  -8.750  -0.3534   0.10703   0.10196  -0.0302  1.0000  0.0660  -1.5335   0.0000   0.0000   0.0000   0.1603
  -8.500  -0.3491   0.10419   0.09916  -0.0302  1.0000  0.0682  -1.5119   0.0000   0.0000   0.0000   0.1594
  -8.250  -0.3506   0.10203   0.09707  -0.0310  1.0000  0.0703  -1.5448   0.0000   0.0000   0.0000   0.1575
  -8.000  -0.3603   0.10083   0.09598  -0.0324  1.0000  0.0710  -1.6307   0.0000   0.0000   0.0000   0.1566
  -7.750  -0.3498   0.09661   0.09179  -0.0307  1.0000  0.0727  -1.5442   0.0000   0.0000   0.0000   0.1587
  -7.500  -0.3493   0.09416   0.08939  -0.0298  1.0000  0.0749  -1.5371   0.0000   0.0000   0.0000   0.1613
  -7.250  -0.3573   0.09251   0.08784  -0.0289  1.0000  0.0768  -1.5761   0.0000   0.0000   0.0000   0.1659
  -7.000  -0.3706   0.09133   0.08681  -0.0294  1.0000  0.0778  -1.6553   0.0000   0.0000   0.0000   0.1680
  -6.750  -0.3713   0.08841   0.08394  -0.0284  1.0000  0.0789  -1.6605   0.0000   0.0000   0.0000   0.1709
  -6.500  -0.3690   0.08570   0.08128  -0.0262  1.0000  0.0812  -1.6246   0.0000   0.0000   0.0000   0.1764
  -6.250  -0.3722   0.08352   0.07916  -0.0267  1.0000  0.0838  -1.6541   0.0000   0.0000   0.0000   0.1761
  -5.750  -0.3731   0.07823   0.07399  -0.0273  1.0000  0.0876  -1.6904   0.0000   0.0000   0.0000   0.1749
  -5.500  -0.3699   0.07564   0.07141  -0.0293  1.0000  0.0919  -1.7155   0.0000   0.0000   0.0000   0.1691
  -5.250  -0.3513   0.06324   0.05953  -0.0193  1.0000  0.0973  -1.5022   0.0000   0.0000   0.0000   0.1943
  -4.750  -0.3507   0.06674   0.06254  -0.0318  1.0000  0.1043  -1.7024   0.0000   0.0000   0.0000   0.1577
  -4.500  -0.3360   0.06323   0.05896  -0.0358  1.0000  0.1104  -1.7237   0.0000   0.0000   0.0000   0.1418
  -4.250  -0.3173   0.05981   0.05543  -0.0399  1.0000  0.1180  -1.7338   0.0000   0.0000   0.0000   0.1227
  -4.000  -0.3064   0.05711   0.05273  -0.0390  1.0000  0.1238  -1.6733   0.0000   0.0000   0.0000   0.1213
  -3.250  -0.2436   0.04773   0.04301  -0.0463  1.0000  0.1557  -1.5619   0.0000   0.0000   0.0000   0.0583
  -2.750  -0.1260   0.03513   0.02886  -0.0640  0.9944  0.1090  -1.7868   0.0000   0.0000   0.0000  -0.2614
  -2.500  -0.0939   0.03512   0.02925  -0.0666  0.9866  0.1654  -1.4893   0.0000   0.0000   0.0000  -0.4631
  -2.250  -0.0240   0.02576   0.01785  -0.0725  0.9873  0.0818  -1.9068   0.0000   0.0000   0.0000  -2.7949
  -2.000   0.0223   0.02369   0.01518  -0.0757  0.9814  0.0873  -1.8071   0.0000   0.0000   0.0000   3.6660
  -1.750   0.0669   0.02228   0.01346  -0.0787  0.9745  0.0972  -1.6509   0.0000   0.0000   0.0000   1.4330
  -1.500   0.1104   0.02123   0.01224  -0.0816  0.9671  0.1144  -1.5089   0.0000   0.0000   0.0000   0.9925
  -1.250   0.1530   0.02038   0.01141  -0.0844  0.9591  0.1428  -1.3438   0.0000   0.0000   0.0000   0.8036
  -1.000   0.1951   0.01959   0.01082  -0.0871  0.9508  0.1932  -1.1714   0.0000   0.0000   0.0000   0.6979
  -0.750   0.2364   0.01867   0.01041  -0.0898  0.9427  0.2993  -1.0113   0.0000   0.0000   0.0000   0.6306
  -0.500   0.2805   0.01651   0.00994  -0.0922  0.9367  1.0000  -0.8317   0.0000   0.0000   0.0000   0.5791
  -0.250   0.3230   0.01663   0.00971  -0.0949  0.9262  1.0000  -0.6670   0.0000   0.0000   0.0000   0.5439
   0.250   0.4055   0.01673   0.00940  -0.0997  0.9047  1.0000  -0.5553   0.0000   0.0000   0.0000   0.4954
   0.500   0.4463   0.01672   0.00926  -0.1020  0.8940  1.0000  -0.5814   0.0000   0.0000   0.0000   0.4777
   0.750   0.4861   0.01667   0.00911  -0.1039  0.8832  1.0000  -0.6079   0.0000   0.0000   0.0000   0.4627
   1.000   0.5242   0.01659   0.00895  -0.1054  0.8722  1.0000  -0.6341   0.0000   0.0000   0.0000   0.4498
   1.250   0.5615   0.01648   0.00879  -0.1066  0.8611  1.0000  -0.6608   0.0000   0.0000   0.0000   0.4384
   1.500   0.5981   0.01635   0.00863  -0.1076  0.8502  1.0000  -0.6881   0.0000   0.0000   0.0000   0.4283
   1.750   0.6347   0.01618   0.00844  -0.1085  0.8394  1.0000  -0.7166   0.0000   0.0000   0.0000   0.4191
   2.000   0.6684   0.01607   0.00832  -0.1088  0.8275  1.0000  -0.7442   0.0000   0.0000   0.0000   0.4109
   2.250   0.6994   0.01603   0.00829  -0.1087  0.8144  1.0000  -0.7711   0.0000   0.0000   0.0000   0.4033
   2.500   0.7295   0.01604   0.00832  -0.1085  0.8011  1.0000  -0.7989   0.0000   0.0000   0.0000   0.3963
   2.750   0.7589   0.01608   0.00838  -0.1081  0.7876  1.0000  -0.8277   0.0000   0.0000   0.0000   0.3899
   3.000   0.7877   0.01616   0.00849  -0.1076  0.7739  1.0000  -0.9257   0.0000   0.0000   0.0000   0.3839
   3.250   0.8159   0.01629   0.00868  -0.1071  0.7602  1.0000  -1.0559   0.0000   0.0000   0.0000   0.3783
   3.500   0.8436   0.01646   0.00890  -0.1065  0.7463  1.0000  -1.2023   0.0000   0.0000   0.0000   0.3730
   3.750   0.8710   0.01667   0.00917  -0.1059  0.7325  1.0000  -1.3564   0.0000   0.0000   0.0000   0.3681
   4.000   0.8981   0.01690   0.00949  -0.1052  0.7186  1.0000  -1.5344   0.0000   0.0000   0.0000   0.3634
   4.250   0.9249   0.01716   0.00987  -0.1044  0.7046  1.0000  -1.7276   0.0000   0.0000   0.0000   0.3590
   4.500   0.9516   0.01743   0.01026  -0.1036  0.6903  1.0000  -1.9422   0.0000   0.0000   0.0000   0.3547
   4.750   0.9784   0.01767   0.01061  -0.1027  0.6753  1.0000  -2.1648   0.0000   0.0000   0.0000   0.3506
   5.000   1.0031   0.01736   0.01034  -0.1003  0.6465  1.0000  -2.3947   0.0000   0.0000   0.0000   0.3453
   5.250   1.0237   0.01688   0.00976  -0.0968  0.6034  1.0000  -2.6287   0.0000   0.0000   0.0000   0.3396
   5.500   1.0439   0.01684   0.00973  -0.0941  0.5647  1.0000  -2.8754   0.0000   0.0000   0.0000   0.3348
   5.750   1.0619   0.01690   0.00978  -0.0910  0.5170  1.0000  -3.1090   0.0000   0.0000   0.0000   0.3301
   6.000   1.0716   0.01727   0.00993  -0.0865  0.4207  1.0000  -3.2802   0.0000   0.0000   0.0000   0.3248
   6.250   1.0559   0.02076   0.01143  -0.0797  0.1399  1.0000  -3.2823   0.0000   0.0000   0.0000   0.3192
   6.500   1.0601   0.02327   0.01351  -0.0759  0.0967  1.0000  -3.3505   0.0000   0.0000   0.0000   0.3152
   6.750   1.0693   0.02511   0.01528  -0.0728  0.0809  1.0000  -3.4586   0.0000   0.0000   0.0000   0.3114
   7.000   1.0808   0.02697   0.01704  -0.0700  0.0721  1.0000  -3.5732   0.0000   0.0000   0.0000   0.3078
   7.250   1.0986   0.02906   0.01897  -0.0682  0.0646  1.0000  -3.7108   0.0000   0.0000   0.0000   0.3048
   7.500   1.1252   0.03133   0.02120  -0.0675  0.0582  1.0000  -3.9101   0.0000   0.0000   0.0000   0.3024
   7.750   1.1557   0.03382   0.02394  -0.0669  0.0546  1.0000  -4.0833   0.0000   0.0000   0.0000   0.3000
   8.000   1.1834   0.03661   0.02688  -0.0664  0.0504  1.0000  -4.2718   0.0000   0.0000   0.0000   0.2980
   8.250   1.2090   0.03974   0.03042  -0.0652  0.0491  1.0000  -4.3883   0.0000   0.0000   0.0000   0.2955
   8.500   1.2301   0.04329   0.03446  -0.0636  0.0491  1.0000  -4.4598   0.0000   0.0000   0.0000   0.2930
   8.750   1.2453   0.04716   0.03884  -0.0613  0.0499  1.0000  -4.4899   0.0000   0.0000   0.0000   0.2903
   9.000   1.2553   0.05104   0.04320  -0.0588  0.0504  1.0000  -4.5108   0.0000   0.0000   0.0000   0.2876
   9.250   1.2598   0.05491   0.04753  -0.0560  0.0505  1.0000  -4.5175   0.0000   0.0000   0.0000   0.2850
   9.500   1.2611   0.05893   0.05195  -0.0532  0.0508  1.0000  -4.5153   0.0000   0.0000   0.0000   0.2825
   9.750   1.2717   0.06400   0.05717  -0.0520  0.0519  1.0000  -4.5659   0.0000   0.0000   0.0000   0.2809
  10.000   1.2413   0.06771   0.06169  -0.0463  0.0561  1.0000  -4.3262   0.0000   0.0000   0.0000   0.2772
  10.250   1.2229   0.07210   0.06646  -0.0428  0.0604  1.0000  -4.1966   0.0000   0.0000   0.0000   0.2746
  10.500   1.2163   0.08056   0.07532  -0.0413  0.0786  1.0000  -3.9459   0.0000   0.0000   0.0000   0.2735
  10.750   1.1811   0.08408   0.07910  -0.0393  0.0791  1.0000  -3.8378   0.0000   0.0000   0.0000   0.2725
  11.000   1.0499   0.07754   0.07272  -0.0292  0.0607  1.0000  -3.7810   0.0000   0.0000   0.0000   0.2669
  11.250   1.1042   0.09643   0.09184  -0.0442  0.0814  1.0000  -3.5274   0.0000   0.0000   0.0000   0.2787
  11.500   0.9995   0.08969   0.08515  -0.0315  0.0636  1.0000  -3.5927   0.0000   0.0000   0.0000   0.2702
  12.000   0.9400   0.10488   0.10058  -0.0383  0.0709  1.0000  -3.2482   0.0000   0.0000   0.0000   0.2791
  12.500   0.7911   0.14385   0.13957  -0.0689  0.1566  1.0000  -1.7463   0.0000   0.0000   0.0000   0.3270
  13.000   0.7936   0.15081   0.14655  -0.0700  0.1453  1.0000  -1.7508   0.0000   0.0000   0.0000   0.3276
  13.500   0.7919   0.15802   0.15378  -0.0722  0.1358  1.0000  -1.7205   0.0000   0.0000   0.0000   0.3302
  14.000   0.7899   0.16510   0.16086  -0.0748  0.1268  1.0000  -1.6804   0.0000   0.0000   0.0000   0.3333
  14.500   0.7883   0.17196   0.16773  -0.0776  0.1181  1.0000  -1.6360   0.0000   0.0000   0.0000   0.3366
  14.750   0.7782   0.17517   0.17092  -0.0805  0.1149  1.0000  -1.5536   0.0000   0.0000   0.0000   0.3414
  15.000   0.7865   0.17864   0.17443  -0.0807  0.1099  1.0000  -1.5834   0.0000   0.0000   0.0000   0.3402
  15.500   0.7978   0.18638   0.18219  -0.0821  0.1007  1.0000  -1.6021   0.0000   0.0000   0.0000   0.3399
  16.000   0.7982   0.19302   0.18884  -0.0851  0.0928  1.0000  -1.5689   0.0000   0.0000   0.0000   0.3432
  16.500   0.7952   0.19911   0.19495  -0.0890  0.0861  1.0000  -1.5179   0.0000   0.0000   0.0000   0.3479
  17.000   0.7935   0.20590   0.20174  -0.0931  0.0807  1.0000  -1.4531   0.0000   0.0000   0.0000   0.3527
  17.500   0.7984   0.21311   0.20897  -0.0960  0.0760  1.0000  -1.4401   0.0000   0.0000   0.0000   0.3551
  18.000   0.8113   0.22102   0.21693  -0.0974  0.0709  1.0000  -1.5038   0.0000   0.0000   0.0000   0.3542
  18.500   0.8106   0.22737   0.22329  -0.1016  0.0660  1.0000  -1.4258   0.0000   0.0000   0.0000   0.3589
  19.000   0.8150   0.23471   0.23065  -0.1049  0.0618  1.0000  -1.3877   0.0000   0.0000   0.0000   0.3615
  19.500   0.8237   0.24231   0.23828  -0.1071  0.0575  1.0000  -1.4040   0.0000   0.0000   0.0000   0.3621
  20.000   0.8285   0.24944   0.24546  -0.1104  0.0533  1.0000  -1.3632   0.0000   0.0000   0.0000   0.3647


