xflr5 v6.61

 Calculated polar for: NACA4412_8_00

 1 1 Reynolds number fixed          Mach number fixed         

 xtrf =   1.000 (top)        1.000 (bottom)
 Mach =   0.200     Re =     0.125 e 6     Ncrit =   7.000

  alpha     CL        CD       CDp       Cm    Top Xtr Bot Xtr   Cpmin    Chinge    XCp    
 ------- -------- --------- --------- -------- ------- ------- -------- --------- ---------
 -20.500  -0.6513   0.25094   0.24572   0.0290  1.0000  0.0190  -1.5327   0.0000   0.0000   0.0000   0.2815
 -20.000  -0.6338   0.24473   0.23950   0.0252  1.0000  0.0198  -1.5081   0.0000   0.0000   0.0000   0.2773
 -19.500  -0.6163   0.23850   0.23328   0.0214  1.0000  0.0208  -1.5033   0.0000   0.0000   0.0000   0.2727
 -19.000  -0.5988   0.23230   0.22708   0.0175  1.0000  0.0218  -1.5185   0.0000   0.0000   0.0000   0.2675
 -18.500  -0.5821   0.22659   0.22137   0.0131  1.0000  0.0222  -1.5723   0.0000   0.0000   0.0000   0.2612
 -18.000  -0.5650   0.21965   0.21445   0.0099  1.0000  0.0226  -1.5354   0.0000   0.0000   0.0000   0.2566
 -17.500  -0.5479   0.21316   0.20796   0.0069  1.0000  0.0236  -1.4709   0.0000   0.0000   0.0000   0.2521
 -17.000  -0.5312   0.20684   0.20165   0.0036  1.0000  0.0248  -1.4431   0.0000   0.0000   0.0000   0.2465
 -16.500  -0.5157   0.20095   0.19577  -0.0004  1.0000  0.0262  -1.4804   0.0000   0.0000   0.0000   0.2392
 -16.000  -0.4995   0.19400   0.18884  -0.0031  1.0000  0.0270  -1.4495   0.0000   0.0000   0.0000   0.2340
 -15.500  -0.4835   0.18759   0.18244  -0.0058  1.0000  0.0285  -1.4335   0.0000   0.0000   0.0000   0.2285
 -15.000  -0.4686   0.18129   0.17616  -0.0089  1.0000  0.0301  -1.4699   0.0000   0.0000   0.0000   0.2217
 -14.500  -0.4577   0.17587   0.17076  -0.0131  1.0000  0.0308  -1.5922   0.0000   0.0000   0.0000   0.2124
 -14.000  -0.4406   0.16818   0.16309  -0.0144  1.0000  0.0319  -1.5142   0.0000   0.0000   0.0000   0.2085
 -13.500  -0.4266   0.16181   0.15674  -0.0167  1.0000  0.0336  -1.5026   0.0000   0.0000   0.0000   0.2023
 -13.000  -0.4156   0.15573   0.15069  -0.0199  1.0000  0.0353  -1.5650   0.0000   0.0000   0.0000   0.1939
 -12.500  -0.4049   0.14916   0.14416  -0.0224  1.0000  0.0360  -1.6000   0.0000   0.0000   0.0000   0.1866
 -12.000  -0.3905   0.14260   0.13762  -0.0236  1.0000  0.0385  -1.5277   0.0000   0.0000   0.0000   0.1817
 -11.500  -0.3867   0.13735   0.13244  -0.0276  1.0000  0.0407  -1.6519   0.0000   0.0000   0.0000   0.1712
 -11.000  -0.3704   0.12999   0.12511  -0.0276  1.0000  0.0427  -1.5411   0.0000   0.0000   0.0000   0.1680
 -10.500  -0.3621   0.12402   0.11919  -0.0296  1.0000  0.0453  -1.5558   0.0000   0.0000   0.0000   0.1610
 -10.000  -0.3639   0.11883   0.11411  -0.0334  1.0000  0.0463  -1.6916   0.0000   0.0000   0.0000   0.1515
  -9.500  -0.3465   0.11181   0.10711  -0.0321  1.0000  0.0487  -1.5823   0.0000   0.0000   0.0000   0.1507
  -9.000  -0.3460   0.10651   0.10191  -0.0342  1.0000  0.0515  -1.6726   0.0000   0.0000   0.0000   0.1452
  -8.500  -0.3445   0.10068   0.09620  -0.0346  1.0000  0.0527  -1.7182   0.0000   0.0000   0.0000   0.1439
  -8.000  -0.3407   0.09550   0.09111  -0.0334  1.0000  0.0555  -1.6882   0.0000   0.0000   0.0000   0.1468
  -7.500  -0.3635   0.09203   0.08785  -0.0322  1.0000  0.0577  -1.8273   0.0000   0.0000   0.0000   0.1570
  -7.000  -0.3743   0.08771   0.08368  -0.0277  1.0000  0.0596  -1.8071   0.0000   0.0000   0.0000   0.1722
  -6.500  -0.3874   0.08358   0.07969  -0.0263  1.0000  0.0632  -1.8434   0.0000   0.0000   0.0000   0.1790
  -5.500  -0.3535   0.06851   0.06458  -0.0428  0.9931  0.0715  -1.9958   0.0000   0.0000   0.0000   0.1260
  -4.500  -0.2011   0.03889   0.03369  -0.0764  0.9698  0.0470  -2.4800   0.0000   0.0000   0.0000  -0.1352
  -4.000  -0.1245   0.02810   0.02150  -0.0846  0.9593  0.0445  -2.6379   0.0000   0.0000   0.0000  -0.4388
  -3.500  -0.0488   0.02296   0.01514  -0.0890  0.9488  0.0506  -2.4337   0.0000   0.0000   0.0000  -1.5979
  -3.000   0.0261   0.02005   0.01165  -0.0924  0.9379  0.0606  -2.1146   0.0000   0.0000   0.0000   3.8294
  -2.500   0.1008   0.01806   0.00935  -0.0955  0.9266  0.0781  -1.7722   0.0000   0.0000   0.0000   1.2055
  -2.000   0.1751   0.01658   0.00799  -0.0988  0.9149  0.1127  -1.4324   0.0000   0.0000   0.0000   0.8175
  -1.500   0.2450   0.01535   0.00706  -0.1011  0.9011  0.1874  -1.1012   0.0000   0.0000   0.0000   0.6644
  -1.000   0.3077   0.01420   0.00646  -0.1021  0.8836  0.3469  -0.8237   0.0000   0.0000   0.0000   0.5824
  -0.500   0.3861   0.01222   0.00590  -0.1050  0.8693  1.0000  -0.5800   0.0000   0.0000   0.0000   0.5220
   0.000   0.4490   0.01209   0.00543  -0.1054  0.8479  1.0000  -0.6226   0.0000   0.0000   0.0000   0.4843
   0.500   0.5109   0.01198   0.00506  -0.1056  0.8250  1.0000  -0.6670   0.0000   0.0000   0.0000   0.4557
   1.000   0.5700   0.01196   0.00483  -0.1052  0.7995  1.0000  -0.7121   0.0000   0.0000   0.0000   0.4332
   1.500   0.6266   0.01206   0.00477  -0.1045  0.7716  1.0000  -0.7580   0.0000   0.0000   0.0000   0.4148
   2.000   0.6820   0.01226   0.00482  -0.1035  0.7428  1.0000  -0.8063   0.0000   0.0000   0.0000   0.3995
   2.500   0.7366   0.01255   0.00501  -0.1026  0.7142  1.0000  -0.8580   0.0000   0.0000   0.0000   0.3865
   3.000   0.7908   0.01292   0.00529  -0.1015  0.6866  1.0000  -0.9154   0.0000   0.0000   0.0000   0.3752
   3.500   0.8441   0.01337   0.00573  -0.1004  0.6598  1.0000  -1.1054   0.0000   0.0000   0.0000   0.3653
   4.000   0.8965   0.01389   0.00631  -0.0991  0.6334  1.0000  -1.3619   0.0000   0.0000   0.0000   0.3565
   4.500   0.9486   0.01445   0.00696  -0.0978  0.6078  1.0000  -1.6638   0.0000   0.0000   0.0000   0.3485
   5.000   0.9996   0.01501   0.00765  -0.0962  0.5793  1.0000  -1.9961   0.0000   0.0000   0.0000   0.3411
   5.500   1.0423   0.01534   0.00791  -0.0924  0.5213  1.0000  -2.3909   0.0000   0.0000   0.0000   0.3330
   6.000   1.0838   0.01592   0.00851  -0.0888  0.4605  1.0000  -2.7957   0.0000   0.0000   0.0000   0.3257
   6.500   1.1174   0.01691   0.00931  -0.0841  0.3526  1.0000  -3.1962   0.0000   0.0000   0.0000   0.3183
   7.000   1.1180   0.02115   0.01189  -0.0759  0.1049  1.0000  -3.4361   0.0000   0.0000   0.0000   0.3104
   7.500   1.1335   0.02442   0.01493  -0.0697  0.0648  1.0000  -3.7167   0.0000   0.0000   0.0000   0.3034
   8.000   1.1484   0.02727   0.01783  -0.0635  0.0516  1.0000  -4.0034   0.0000   0.0000   0.0000   0.2967
   9.000   1.1950   0.03383   0.02463  -0.0541  0.0377  1.0000  -4.6094   0.0000   0.0000   0.0000   0.2853
   9.500   1.2340   0.03781   0.02885  -0.0517  0.0324  1.0000  -5.0372   0.0000   0.0000   0.0000   0.2813
  10.000   1.2744   0.04316   0.03475  -0.0496  0.0293  1.0000  -5.3877   0.0000   0.0000   0.0000   0.2777
  10.500   1.2927   0.04918   0.04148  -0.0453  0.0279  1.0000  -5.5758   0.0000   0.0000   0.0000   0.2732
  11.000   1.3018   0.05508   0.04771  -0.0414  0.0263  1.0000  -5.8330   0.0000   0.0000   0.0000   0.2693
  11.500   1.2723   0.06175   0.05518  -0.0355  0.0257  1.0000  -5.7538   0.0000   0.0000   0.0000   0.2647
  12.000   1.2393   0.06998   0.06404  -0.0330  0.0253  1.0000  -5.6555   0.0000   0.0000   0.0000   0.2627
  12.500   1.2028   0.07993   0.07451  -0.0339  0.0253  1.0000  -5.5246   0.0000   0.0000   0.0000   0.2635
  13.000   1.1642   0.09183   0.08683  -0.0382  0.0255  1.0000  -5.3525   0.0000   0.0000   0.0000   0.2673
  13.500   1.1262   0.10563   0.10096  -0.0455  0.0258  1.0000  -5.1424   0.0000   0.0000   0.0000   0.2742
  14.000   1.0934   0.12082   0.11639  -0.0546  0.0262  1.0000  -4.9081   0.0000   0.0000   0.0000   0.2833
  17.000   0.7811   0.19772   0.19390  -0.0866  0.0619  1.0000  -1.5621   0.0000   0.0000   0.0000   0.3457
  17.500   0.7979   0.20474   0.20097  -0.0872  0.0580  1.0000  -1.6524   0.0000   0.0000   0.0000   0.3433
  18.000   0.7894   0.21234   0.20856  -0.0930  0.0547  1.0000  -1.4766   0.0000   0.0000   0.0000   0.3514
  18.500   0.8045   0.21965   0.21592  -0.0939  0.0519  1.0000  -1.5985   0.0000   0.0000   0.0000   0.3495
  19.000   0.7997   0.22715   0.22343  -0.0992  0.0489  1.0000  -1.4483   0.0000   0.0000   0.0000   0.3564
  19.500   0.8127   0.23451   0.23084  -0.1005  0.0461  1.0000  -1.5463   0.0000   0.0000   0.0000   0.3551
  20.000   0.8118   0.24190   0.23825  -0.1052  0.0424  1.0000  -1.4300   0.0000   0.0000   0.0000   0.3605


