xflr5 v6.61

 Calculated polar for: NACA4412_9_00

 1 1 Reynolds number fixed          Mach number fixed         

 xtrf =   1.000 (top)        1.000 (bottom)
 Mach =   0.200     Re =     0.080 e 6     Ncrit =   9.000

  alpha     CL        CD       CDp       Cm    Top Xtr Bot Xtr   Cpmin    Chinge    XCp    
 ------- -------- --------- --------- -------- ------- ------- -------- --------- ---------
 -19.000  -0.5773   0.23117   0.22464   0.0116  1.0000  0.0422  -1.4287   0.0000   0.0000   0.0000   0.2563
 -18.500  -0.5600   0.22502   0.21849   0.0082  1.0000  0.0444  -1.3952   0.0000   0.0000   0.0000   0.2511
 -18.000  -0.5449   0.22001   0.21350   0.0039  1.0000  0.0460  -1.4432   0.0000   0.0000   0.0000   0.2441
 -17.500  -0.5274   0.21281   0.20632   0.0011  1.0000  0.0472  -1.4307   0.0000   0.0000   0.0000   0.2392
 -17.000  -0.5103   0.20644   0.19995  -0.0019  1.0000  0.0497  -1.4183   0.0000   0.0000   0.0000   0.2339
 -16.500  -0.4968   0.20145   0.19498  -0.0060  1.0000  0.0518  -1.4760   0.0000   0.0000   0.0000   0.2259
 -16.000  -0.4791   0.19398   0.18754  -0.0082  1.0000  0.0538  -1.4404   0.0000   0.0000   0.0000   0.2212
 -15.500  -0.4648   0.18829   0.18186  -0.0114  1.0000  0.0574  -1.4547   0.0000   0.0000   0.0000   0.2141
 -15.000  -0.4503   0.18174   0.17535  -0.0141  1.0000  0.0592  -1.4569   0.0000   0.0000   0.0000   0.2076
 -14.500  -0.4351   0.17537   0.16900  -0.0164  1.0000  0.0626  -1.4367   0.0000   0.0000   0.0000   0.2014
 -14.000  -0.4299   0.17141   0.16511  -0.0206  1.0000  0.0645  -1.5241   0.0000   0.0000   0.0000   0.1916
 -13.500  -0.4087   0.16277   0.15647  -0.0211  1.0000  0.0680  -1.4260   0.0000   0.0000   0.0000   0.1878
 -13.000  -0.4041   0.15839   0.15215  -0.0249  1.0000  0.0710  -1.4930   0.0000   0.0000   0.0000   0.1785
 -12.500  -0.3854   0.15032   0.14410  -0.0254  1.0000  0.0744  -1.4100   0.0000   0.0000   0.0000   0.1741
 -12.000  -0.3859   0.14648   0.14034  -0.0292  1.0000  0.0781  -1.5149   0.0000   0.0000   0.0000   0.1649
 -11.500  -0.3664   0.13842   0.13230  -0.0292  1.0000  0.0838  -1.4504   0.0000   0.0000   0.0000   0.1608
 -11.000  -0.3579   0.13221   0.12617  -0.0308  1.0000  0.0874  -1.4699   0.0000   0.0000   0.0000   0.1548
 -10.500  -0.3551   0.12724   0.12129  -0.0330  1.0000  0.0925  -1.5164   0.0000   0.0000   0.0000   0.1486
 -10.000  -0.3421   0.12034   0.11444  -0.0329  1.0000  0.0968  -1.4817   0.0000   0.0000   0.0000   0.1453
  -9.750  -0.3433   0.11811   0.11227  -0.0340  1.0000  0.0998  -1.5133   0.0000   0.0000   0.0000   0.1429
  -9.250  -0.3354   0.11191   0.10617  -0.0340  1.0000  0.1043  -1.4968   0.0000   0.0000   0.0000   0.1411
  -9.000  -0.3382   0.10980   0.10413  -0.0346  1.0000  0.1078  -1.5237   0.0000   0.0000   0.0000   0.1403
  -8.750  -0.3541   0.10901   0.10347  -0.0364  1.0000  0.1090  -1.6215   0.0000   0.0000   0.0000   0.1405
  -8.500  -0.3338   0.10417   0.09862  -0.0339  1.0000  0.1145  -1.5024   0.0000   0.0000   0.0000   0.1416
  -8.250  -0.3478   0.10308   0.09765  -0.0347  1.0000  0.1170  -1.5743   0.0000   0.0000   0.0000   0.1442
  -8.000  -0.3375   0.09929   0.09389  -0.0329  1.0000  0.1206  -1.5099   0.0000   0.0000   0.0000   0.1464
  -7.750  -0.3448   0.09754   0.09224  -0.0320  1.0000  0.1244  -1.5283   0.0000   0.0000   0.0000   0.1513
  -7.500  -0.3683   0.09710   0.09196  -0.0308  1.0000  0.1257  -1.6061   0.0000   0.0000   0.0000   0.1613
  -7.250  -0.3589   0.09340   0.08829  -0.0286  1.0000  0.1287  -1.5420   0.0000   0.0000   0.0000   0.1653
  -7.000  -0.3684   0.09177   0.08676  -0.0262  1.0000  0.1318  -1.5511   0.0000   0.0000   0.0000   0.1742
  -6.750  -0.3888   0.09074   0.08586  -0.0261  1.0000  0.1343  -1.6188   0.0000   0.0000   0.0000   0.1790
  -6.500  -0.3930   0.08805   0.08325  -0.0247  1.0000  0.1363  -1.6255   0.0000   0.0000   0.0000   0.1835
  -6.250  -0.3929   0.08564   0.08089  -0.0224  1.0000  0.1401  -1.6032   0.0000   0.0000   0.0000   0.1895
  -5.750  -0.4032   0.08080   0.07616  -0.0222  1.0000  0.1471  -1.6397   0.0000   0.0000   0.0000   0.1919
  -5.500  -0.4083   0.07830   0.07365  -0.0281  1.0000  0.1538  -1.7251   0.0000   0.0000   0.0000   0.1783
  -5.250  -0.4041   0.07547   0.07089  -0.0229  1.0000  0.1566  -1.6536   0.0000   0.0000   0.0000   0.1906
  -5.000  -0.4008   0.07241   0.06780  -0.0267  1.0000  0.1642  -1.6887   0.0000   0.0000   0.0000   0.1807
  -4.750  -0.3931   0.06956   0.06489  -0.0295  1.0000  0.1736  -1.6956   0.0000   0.0000   0.0000   0.1726
  -4.500  -0.3891   0.06714   0.06255  -0.0250  1.0000  0.1795  -1.6231   0.0000   0.0000   0.0000   0.1835
  -4.250  -0.3798   0.06431   0.05970  -0.0261  1.0000  0.1903  -1.6018   0.0000   0.0000   0.0000   0.1790
  -3.000  -0.1894   0.03469   0.02729  -0.0599  0.9927  0.1071  -1.9714   0.0000   0.0000   0.0000  -0.0712
  -2.750  -0.1387   0.03117   0.02280  -0.0646  0.9865  0.1088  -1.9483   0.0000   0.0000   0.0000  -0.2229
  -2.500  -0.0930   0.02926   0.02053  -0.0683  0.9789  0.1155  -1.8351   0.0000   0.0000   0.0000  -0.4937
  -2.250  -0.0475   0.02776   0.01859  -0.0717  0.9707  0.1269  -1.7390   0.0000   0.0000   0.0000  -1.2779
  -2.000  -0.0037   0.02670   0.01735  -0.0748  0.9620  0.1417  -1.6112   0.0000   0.0000   0.0000  -20.3683
  -1.750   0.0399   0.02582   0.01630  -0.0777  0.9531  0.1627  -1.4766   0.0000   0.0000   0.0000   2.2149
  -1.500   0.0823   0.02508   0.01562  -0.0805  0.9437  0.1915  -1.3310   0.0000   0.0000   0.0000   1.2355
  -1.250   0.1255   0.02440   0.01507  -0.0834  0.9346  0.2349  -1.1948   0.0000   0.0000   0.0000   0.9185
  -1.000   0.1658   0.02370   0.01464  -0.0856  0.9250  0.2994  -1.0584   0.0000   0.0000   0.0000   0.7689
  -0.750   0.2054   0.02263   0.01421  -0.0879  0.9152  0.4270  -0.9232   0.0000   0.0000   0.0000   0.6792
  -0.500   0.2478   0.02100   0.01386  -0.0894  0.9059  1.0000  -0.7939   0.0000   0.0000   0.0000   0.6117
  -0.250   0.2880   0.02121   0.01371  -0.0916  0.8944  1.0000  -0.6659   0.0000   0.0000   0.0000   0.5684
   0.000   0.3272   0.02139   0.01363  -0.0936  0.8829  1.0000  -0.5655   0.0000   0.0000   0.0000   0.5360
   0.250   0.3658   0.02153   0.01357  -0.0955  0.8716  1.0000  -0.5901   0.0000   0.0000   0.0000   0.5105
   0.500   0.4050   0.02162   0.01350  -0.0973  0.8607  1.0000  -0.6159   0.0000   0.0000   0.0000   0.4895
   0.750   0.4550   0.02146   0.01320  -0.1009  0.8535  1.0000  -0.6498   0.0000   0.0000   0.0000   0.4705
   1.000   0.4888   0.02154   0.01318  -0.1016  0.8417  1.0000  -0.6741   0.0000   0.0000   0.0000   0.4565
   1.250   0.5215   0.02164   0.01321  -0.1022  0.8299  1.0000  -0.6983   0.0000   0.0000   0.0000   0.4442
   1.500   0.5538   0.02174   0.01324  -0.1026  0.8183  1.0000  -0.7234   0.0000   0.0000   0.0000   0.4333
   1.750   0.5864   0.02182   0.01327  -0.1030  0.8073  1.0000  -0.7495   0.0000   0.0000   0.0000   0.4235
   2.250   0.6583   0.02167   0.01307  -0.1045  0.7882  1.0000  -0.8100   0.0000   0.0000   0.0000   0.4062
   2.500   0.6859   0.02190   0.01329  -0.1041  0.7762  1.0000  -0.8358   0.0000   0.0000   0.0000   0.3990
   2.750   0.7141   0.02211   0.01352  -0.1038  0.7647  1.0000  -0.8632   0.0000   0.0000   0.0000   0.3923
   3.000   0.7449   0.02223   0.01364  -0.1037  0.7544  1.0000  -0.8943   0.0000   0.0000   0.0000   0.3860
   3.250   0.7812   0.02207   0.01350  -0.1043  0.7457  1.0000  -0.9327   0.0000   0.0000   0.0000   0.3800
   3.500   0.8058   0.02246   0.01394  -0.1034  0.7334  1.0000  -0.9641   0.0000   0.0000   0.0000   0.3746
   3.750   0.8312   0.02282   0.01436  -0.1027  0.7216  1.0000  -1.0260   0.0000   0.0000   0.0000   0.3696
   4.000   0.8590   0.02309   0.01468  -0.1021  0.7106  1.0000  -1.1187   0.0000   0.0000   0.0000   0.3647
   4.250   0.8942   0.02298   0.01464  -0.1024  0.7016  1.0000  -1.2441   0.0000   0.0000   0.0000   0.3601
   4.500   0.9190   0.02338   0.01511  -0.1015  0.6894  1.0000  -1.3560   0.0000   0.0000   0.0000   0.3557
   4.750   0.9430   0.02383   0.01566  -0.1004  0.6770  1.0000  -1.4780   0.0000   0.0000   0.0000   0.3516
   5.000   0.9683   0.02422   0.01615  -0.0995  0.6646  1.0000  -1.6068   0.0000   0.0000   0.0000   0.3476
   5.250   0.9951   0.02450   0.01656  -0.0987  0.6523  1.0000  -1.7507   0.0000   0.0000   0.0000   0.3437
   5.500   1.0231   0.02468   0.01685  -0.0978  0.6394  1.0000  -1.9088   0.0000   0.0000   0.0000   0.3399
   5.750   1.0506   0.02480   0.01708  -0.0968  0.6251  1.0000  -2.0703   0.0000   0.0000   0.0000   0.3361
   6.250   1.1099   0.02388   0.01627  -0.0937  0.5840  1.0000  -2.4425   0.0000   0.0000   0.0000   0.3278
   6.500   1.1369   0.02328   0.01565  -0.0916  0.5574  1.0000  -2.6638   0.0000   0.0000   0.0000   0.3235
   6.750   1.1579   0.02307   0.01551  -0.0890  0.5301  1.0000  -2.8626   0.0000   0.0000   0.0000   0.3195
   7.000   1.1780   0.02285   0.01537  -0.0862  0.5008  1.0000  -3.0618   0.0000   0.0000   0.0000   0.3155
   7.250   1.1930   0.02278   0.01538  -0.0828  0.4668  1.0000  -3.2398   0.0000   0.0000   0.0000   0.3114
   7.500   1.2027   0.02279   0.01546  -0.0786  0.4225  1.0000  -3.3934   0.0000   0.0000   0.0000   0.3069
   7.750   1.2021   0.02319   0.01570  -0.0730  0.3463  1.0000  -3.4954   0.0000   0.0000   0.0000   0.3019
   8.000   1.1859   0.02527   0.01685  -0.0661  0.2287  1.0000  -3.5246   0.0000   0.0000   0.0000   0.2965
   8.250   1.1719   0.02799   0.01889  -0.0603  0.1693  1.0000  -3.5461   0.0000   0.0000   0.0000   0.2920
   8.500   1.1668   0.03036   0.02093  -0.0559  0.1415  1.0000  -3.6030   0.0000   0.0000   0.0000   0.2881
   8.750   1.1691   0.03250   0.02290  -0.0525  0.1230  1.0000  -3.6911   0.0000   0.0000   0.0000   0.2847
   9.000   1.1796   0.03457   0.02475  -0.0500  0.1093  1.0000  -3.8144   0.0000   0.0000   0.0000   0.2819
   9.250   1.1997   0.03658   0.02673  -0.0485  0.0969  1.0000  -3.9666   0.0000   0.0000   0.0000   0.2796
   9.500   1.2359   0.03906   0.02907  -0.0490  0.0867  1.0000  -4.1735   0.0000   0.0000   0.0000   0.2785
   9.750   1.2780   0.04219   0.03213  -0.0508  0.0781  1.0000  -4.3996   0.0000   0.0000   0.0000   0.2783
  10.000   1.3014   0.04519   0.03561  -0.0497  0.0745  1.0000  -4.5000   0.0000   0.0000   0.0000   0.2764
  10.250   1.3270   0.04854   0.03909  -0.0495  0.0703  1.0000  -4.6602   0.0000   0.0000   0.0000   0.2751
  10.500   1.3314   0.05142   0.04245  -0.0466  0.0678  1.0000  -4.7269   0.0000   0.0000   0.0000   0.2725
  10.750   1.3411   0.05479   0.04615  -0.0446  0.0661  1.0000  -4.8186   0.0000   0.0000   0.0000   0.2704
  11.000   1.3501   0.05858   0.05023  -0.0428  0.0651  1.0000  -4.9016   0.0000   0.0000   0.0000   0.2686
  11.250   1.3536   0.06258   0.05449  -0.0407  0.0643  1.0000  -4.9609   0.0000   0.0000   0.0000   0.2666
  11.500   1.3384   0.06571   0.05800  -0.0366  0.0641  1.0000  -4.9386   0.0000   0.0000   0.0000   0.2637
  11.750   1.3211   0.06905   0.06168  -0.0332  0.0640  1.0000  -4.9083   0.0000   0.0000   0.0000   0.2611
  12.000   1.3024   0.07269   0.06562  -0.0305  0.0640  1.0000  -4.8709   0.0000   0.0000   0.0000   0.2590
  12.250   1.2828   0.07670   0.06990  -0.0287  0.0640  1.0000  -4.8270   0.0000   0.0000   0.0000   0.2576
  12.500   1.2629   0.08112   0.07456  -0.0277  0.0641  1.0000  -4.7776   0.0000   0.0000   0.0000   0.2569
  12.750   1.2432   0.08595   0.07961  -0.0276  0.0643  1.0000  -4.7240   0.0000   0.0000   0.0000   0.2567
  13.000   1.2244   0.09118   0.08503  -0.0282  0.0645  1.0000  -4.6684   0.0000   0.0000   0.0000   0.2572
  13.500   1.1294   0.10914   0.10360  -0.0384  0.0703  1.0000  -4.1256   0.0000   0.0000   0.0000   0.2676
  13.750   1.1140   0.11632   0.11085  -0.0418  0.0710  1.0000  -4.0401   0.0000   0.0000   0.0000   0.2708


