xflr5 v6.61

 Calculated polar for: NACA4412_9_00

 1 1 Reynolds number fixed          Mach number fixed         

 xtrf =   1.000 (top)        1.000 (bottom)
 Mach =   0.200     Re =     0.100 e 6     Ncrit =   9.000

  alpha     CL        CD       CDp       Cm    Top Xtr Bot Xtr   Cpmin    Chinge    XCp    
 ------- -------- --------- --------- -------- ------- ------- -------- --------- ---------
 -18.000  -0.5417   0.21785   0.21200   0.0044  1.0000  0.0372  -1.4069   0.0000   0.0000   0.0000   0.2450
 -17.500  -0.5249   0.21169   0.20584   0.0011  1.0000  0.0392  -1.4131   0.0000   0.0000   0.0000   0.2393
 -17.000  -0.5106   0.20649   0.20067  -0.0031  1.0000  0.0406  -1.4874   0.0000   0.0000   0.0000   0.2314
 -16.500  -0.4934   0.19918   0.19338  -0.0056  1.0000  0.0417  -1.4641   0.0000   0.0000   0.0000   0.2264
 -16.000  -0.4769   0.19279   0.18699  -0.0083  1.0000  0.0439  -1.4441   0.0000   0.0000   0.0000   0.2207
 -15.500  -0.4641   0.18733   0.18157  -0.0121  1.0000  0.0460  -1.5017   0.0000   0.0000   0.0000   0.2124
 -15.000  -0.4479   0.18022   0.17448  -0.0142  1.0000  0.0476  -1.4712   0.0000   0.0000   0.0000   0.2070
 -14.500  -0.4338   0.17417   0.16844  -0.0169  1.0000  0.0510  -1.4673   0.0000   0.0000   0.0000   0.2000
 -14.000  -0.4228   0.16809   0.16241  -0.0200  1.0000  0.0526  -1.5052   0.0000   0.0000   0.0000   0.1920
 -13.500  -0.4070   0.16132   0.15566  -0.0215  1.0000  0.0554  -1.4503   0.0000   0.0000   0.0000   0.1866
 -13.000  -0.4014   0.15647   0.15086  -0.0253  1.0000  0.0579  -1.5279   0.0000   0.0000   0.0000   0.1769
 -12.500  -0.3842   0.14873   0.14314  -0.0259  1.0000  0.0602  -1.4474   0.0000   0.0000   0.0000   0.1724
 -12.000  -0.3760   0.14309   0.13755  -0.0284  1.0000  0.0638  -1.4805   0.0000   0.0000   0.0000   0.1646
 -11.500  -0.3653   0.13641   0.13093  -0.0299  1.0000  0.0659  -1.4916   0.0000   0.0000   0.0000   0.1586
 -11.000  -0.3595   0.13104   0.12562  -0.0321  1.0000  0.0706  -1.5323   0.0000   0.0000   0.0000   0.1516
 -10.500  -0.3471   0.12434   0.11898  -0.0325  1.0000  0.0744  -1.5020   0.0000   0.0000   0.0000   0.1476
 -10.000  -0.3550   0.12036   0.11512  -0.0361  1.0000  0.0780  -1.6323   0.0000   0.0000   0.0000   0.1403
  -9.750  -0.3403   0.11567   0.11043  -0.0344  1.0000  0.0798  -1.5452   0.0000   0.0000   0.0000   0.1405
  -9.500  -0.3358   0.11282   0.10761  -0.0344  1.0000  0.0823  -1.5304   0.0000   0.0000   0.0000   0.1395
  -9.250  -0.3399   0.11068   0.10554  -0.0357  1.0000  0.0847  -1.5818   0.0000   0.0000   0.0000   0.1375
  -8.750  -0.3334   0.10460   0.09956  -0.0350  1.0000  0.0881  -1.5568   0.0000   0.0000   0.0000   0.1377
  -8.500  -0.3341   0.10220   0.09722  -0.0349  1.0000  0.0909  -1.5631   0.0000   0.0000   0.0000   0.1385
  -8.250  -0.3485   0.10086   0.09600  -0.0358  1.0000  0.0926  -1.6504   0.0000   0.0000   0.0000   0.1409
  -8.000  -0.3465   0.09769   0.09289  -0.0345  1.0000  0.0940  -1.6278   0.0000   0.0000   0.0000   0.1443
  -7.750  -0.3426   0.09511   0.09035  -0.0327  1.0000  0.0972  -1.5781   0.0000   0.0000   0.0000   0.1488
  -7.500  -0.3567   0.09375   0.08910  -0.0313  1.0000  0.0996  -1.6221   0.0000   0.0000   0.0000   0.1569
  -7.250  -0.3804   0.09305   0.08855  -0.0293  1.0000  0.1004  -1.6973   0.0000   0.0000   0.0000   0.1683
  -6.750  -0.3847   0.08824   0.08386  -0.0247  1.0000  0.1055  -1.6367   0.0000   0.0000   0.0000   0.1815
  -6.500  -0.3998   0.08647   0.08219  -0.0256  1.0000  0.1081  -1.7038   0.0000   0.0000   0.0000   0.1822
  -6.000  -0.4054   0.08152   0.07735  -0.0229  1.0000  0.1129  -1.6921   0.0000   0.0000   0.0000   0.1903
  -5.500  -0.4102   0.07588   0.07176  -0.0254  1.0000  0.1192  -1.7490   0.0000   0.0000   0.0000   0.1853
  -5.250  -0.4072   0.07332   0.06920  -0.0253  1.0000  0.1236  -1.7368   0.0000   0.0000   0.0000   0.1851
  -5.000  -0.4023   0.06984   0.06569  -0.0281  1.0000  0.1277  -1.7636   0.0000   0.0000   0.0000   0.1775
  -4.750  -0.3909   0.06627   0.06201  -0.0332  1.0000  0.1354  -1.8024   0.0000   0.0000   0.0000   0.1626
  -4.500  -0.3847   0.06387   0.05967  -0.0301  0.9998  0.1382  -1.7299   0.0000   0.0000   0.0000   0.1692
  -4.250  -0.2680   0.04356   0.03951  -0.0470  0.9666  0.1662  -1.4357   0.0000   0.0000   0.0000   0.0728
  -4.000  -0.2379   0.03932   0.03513  -0.0517  0.9589  0.1798  -1.3783   0.0000   0.0000   0.0000   0.0306
  -3.500  -0.1812   0.03313   0.02609  -0.0690  0.9776  0.0851  -2.1720   0.0000   0.0000   0.0000  -0.1370
  -3.250  -0.1386   0.03074   0.02340  -0.0726  0.9713  0.0896  -2.0564   0.0000   0.0000   0.0000  -0.2813
  -3.000  -0.0941   0.02776   0.01961  -0.0757  0.9653  0.0915  -2.0125   0.0000   0.0000   0.0000  -0.5662
  -2.750  -0.0529   0.02619   0.01764  -0.0783  0.9578  0.0997  -1.8971   0.0000   0.0000   0.0000  -1.2475
  -2.500  -0.0114   0.02483   0.01591  -0.0806  0.9502  0.1091  -1.7940   0.0000   0.0000   0.0000  -6.8907
  -2.250   0.0300   0.02378   0.01484  -0.0832  0.9428  0.1221  -1.6495   0.0000   0.0000   0.0000   3.0466
  -2.000   0.0738   0.02288   0.01387  -0.0860  0.9357  0.1418  -1.4975   0.0000   0.0000   0.0000   1.4257
  -1.750   0.1116   0.02214   0.01319  -0.0878  0.9264  0.1666  -1.3513   0.0000   0.0000   0.0000   1.0424
  -1.500   0.1491   0.02148   0.01263  -0.0894  0.9171  0.2023  -1.2193   0.0000   0.0000   0.0000   0.8538
  -1.250   0.1867   0.02079   0.01219  -0.0912  0.9080  0.2541  -1.0810   0.0000   0.0000   0.0000   0.7407
  -1.000   0.2324   0.01979   0.01164  -0.0943  0.9022  0.3509  -0.9235   0.0000   0.0000   0.0000   0.6572
  -0.750   0.2756   0.01765   0.01136  -0.0961  0.8946  1.0000  -0.7859   0.0000   0.0000   0.0000   0.5997
  -0.500   0.3169   0.01763   0.01097  -0.0983  0.8849  1.0000  -0.6563   0.0000   0.0000   0.0000   0.5605
  -0.250   0.3668   0.01742   0.01050  -0.1019  0.8787  1.0000  -0.5932   0.0000   0.0000   0.0000   0.5278
   0.000   0.4021   0.01737   0.01027  -0.1029  0.8676  1.0000  -0.6169   0.0000   0.0000   0.0000   0.5055
   0.250   0.4371   0.01730   0.01005  -0.1037  0.8566  1.0000  -0.6408   0.0000   0.0000   0.0000   0.4866
   0.500   0.4717   0.01722   0.00985  -0.1045  0.8457  1.0000  -0.6653   0.0000   0.0000   0.0000   0.4705
   0.750   0.5072   0.01710   0.00962  -0.1053  0.8354  1.0000  -0.6911   0.0000   0.0000   0.0000   0.4563
   1.000   0.5479   0.01682   0.00924  -0.1069  0.8276  1.0000  -0.7212   0.0000   0.0000   0.0000   0.4435
   1.250   0.5783   0.01679   0.00914  -0.1067  0.8153  1.0000  -0.7452   0.0000   0.0000   0.0000   0.4328
   1.500   0.6083   0.01679   0.00909  -0.1066  0.8031  1.0000  -0.7698   0.0000   0.0000   0.0000   0.4232
   1.750   0.6380   0.01681   0.00905  -0.1063  0.7910  1.0000  -0.7951   0.0000   0.0000   0.0000   0.4145
   2.000   0.6676   0.01685   0.00904  -0.1061  0.7790  1.0000  -0.8211   0.0000   0.0000   0.0000   0.4065
   2.250   0.6975   0.01689   0.00905  -0.1059  0.7674  1.0000  -0.8483   0.0000   0.0000   0.0000   0.3992
   2.500   0.7284   0.01691   0.00904  -0.1058  0.7565  1.0000  -0.8776   0.0000   0.0000   0.0000   0.3924
   2.750   0.7591   0.01695   0.00904  -0.1057  0.7455  1.0000  -0.9083   0.0000   0.0000   0.0000   0.3861
   3.000   0.7853   0.01718   0.00926  -0.1050  0.7328  1.0000  -0.9370   0.0000   0.0000   0.0000   0.3804
   3.250   0.8115   0.01743   0.00953  -0.1043  0.7205  1.0000  -0.9681   0.0000   0.0000   0.0000   0.3750
   3.500   0.8381   0.01768   0.00980  -0.1037  0.7085  1.0000  -1.0141   0.0000   0.0000   0.0000   0.3699
   3.750   0.8657   0.01791   0.01004  -0.1031  0.6972  1.0000  -1.1037   0.0000   0.0000   0.0000   0.3651
   4.000   0.8953   0.01807   0.01020  -0.1029  0.6866  1.0000  -1.2128   0.0000   0.0000   0.0000   0.3606
   4.250   0.9216   0.01836   0.01055  -0.1022  0.6747  1.0000  -1.3276   0.0000   0.0000   0.0000   0.3563
   4.500   0.9463   0.01872   0.01098  -0.1013  0.6623  1.0000  -1.4502   0.0000   0.0000   0.0000   0.3522
   4.750   0.9717   0.01907   0.01139  -0.1004  0.6499  1.0000  -1.5792   0.0000   0.0000   0.0000   0.3483
   5.000   0.9977   0.01938   0.01179  -0.0996  0.6376  1.0000  -1.7182   0.0000   0.0000   0.0000   0.3445
   5.250   1.0241   0.01966   0.01213  -0.0987  0.6248  1.0000  -1.8712   0.0000   0.0000   0.0000   0.3408
   5.500   1.0500   0.01988   0.01243  -0.0977  0.6105  1.0000  -2.0273   0.0000   0.0000   0.0000   0.3372
   5.750   1.0750   0.01992   0.01250  -0.0962  0.5918  1.0000  -2.1870   0.0000   0.0000   0.0000   0.3334
   6.000   1.1006   0.01972   0.01228  -0.0945  0.5693  1.0000  -2.3567   0.0000   0.0000   0.0000   0.3294
   6.250   1.1227   0.01967   0.01225  -0.0924  0.5451  1.0000  -2.5439   0.0000   0.0000   0.0000   0.3255
   6.500   1.1434   0.01972   0.01236  -0.0902  0.5208  1.0000  -2.7378   0.0000   0.0000   0.0000   0.3218
   6.750   1.1635   0.01977   0.01245  -0.0879  0.4948  1.0000  -2.9333   0.0000   0.0000   0.0000   0.3181
   7.000   1.1808   0.01986   0.01263  -0.0852  0.4647  1.0000  -3.1192   0.0000   0.0000   0.0000   0.3143
   7.250   1.1949   0.02001   0.01280  -0.0820  0.4272  1.0000  -3.2929   0.0000   0.0000   0.0000   0.3104
   7.500   1.2026   0.02036   0.01314  -0.0778  0.3675  1.0000  -3.4342   0.0000   0.0000   0.0000   0.3062
   7.750   1.1945   0.02189   0.01392  -0.0718  0.2462  1.0000  -3.5055   0.0000   0.0000   0.0000   0.3012
   8.000   1.1803   0.02468   0.01585  -0.0658  0.1574  1.0000  -3.5349   0.0000   0.0000   0.0000   0.2966
   8.250   1.1737   0.02688   0.01771  -0.0609  0.1269  1.0000  -3.5945   0.0000   0.0000   0.0000   0.2924
   8.500   1.1728   0.02883   0.01952  -0.0569  0.1100  1.0000  -3.6783   0.0000   0.0000   0.0000   0.2887
   8.750   1.1765   0.03069   0.02131  -0.0536  0.0978  1.0000  -3.7812   0.0000   0.0000   0.0000   0.2854
   9.000   1.1850   0.03253   0.02308  -0.0509  0.0882  1.0000  -3.9046   0.0000   0.0000   0.0000   0.2825
   9.250   1.2014   0.03444   0.02490  -0.0492  0.0804  1.0000  -4.0545   0.0000   0.0000   0.0000   0.2801
   9.500   1.2232   0.03641   0.02682  -0.0481  0.0729  1.0000  -4.2295   0.0000   0.0000   0.0000   0.2782
   9.750   1.2575   0.03888   0.02938  -0.0485  0.0671  1.0000  -4.4233   0.0000   0.0000   0.0000   0.2771
  10.000   1.2897   0.04172   0.03236  -0.0489  0.0624  1.0000  -4.6020   0.0000   0.0000   0.0000   0.2761
  10.250   1.3221   0.04484   0.03550  -0.0497  0.0578  1.0000  -4.8242   0.0000   0.0000   0.0000   0.2754
  10.500   1.3334   0.04784   0.03903  -0.0474  0.0564  1.0000  -4.9059   0.0000   0.0000   0.0000   0.2730
  10.750   1.3396   0.05085   0.04244  -0.0447  0.0550  1.0000  -4.9797   0.0000   0.0000   0.0000   0.2705
  11.000   1.3646   0.05448   0.04604  -0.0451  0.0520  1.0000  -5.2008   0.0000   0.0000   0.0000   0.2699
  11.250   1.3519   0.05711   0.04915  -0.0405  0.0514  1.0000  -5.1888   0.0000   0.0000   0.0000   0.2665
  11.500   1.3387   0.06010   0.05254  -0.0366  0.0510  1.0000  -5.1752   0.0000   0.0000   0.0000   0.2635
  11.750   1.3254   0.06347   0.05626  -0.0334  0.0509  1.0000  -5.1587   0.0000   0.0000   0.0000   0.2610
  12.000   1.3111   0.06716   0.06026  -0.0308  0.0509  1.0000  -5.1350   0.0000   0.0000   0.0000   0.2590
  12.250   1.2952   0.07114   0.06453  -0.0289  0.0511  1.0000  -5.1031   0.0000   0.0000   0.0000   0.2575
  12.500   1.2783   0.07544   0.06909  -0.0277  0.0512  1.0000  -5.0646   0.0000   0.0000   0.0000   0.2564
  12.750   1.2611   0.08007   0.07395  -0.0272  0.0515  1.0000  -5.0220   0.0000   0.0000   0.0000   0.2560
  13.000   1.2445   0.08504   0.07912  -0.0274  0.0517  1.0000  -4.9791   0.0000   0.0000   0.0000   0.2560
  13.250   1.2306   0.09028   0.08453  -0.0281  0.0520  1.0000  -4.9441   0.0000   0.0000   0.0000   0.2565
  13.500   1.1672   0.09948   0.09422  -0.0338  0.0537  1.0000  -4.5793   0.0000   0.0000   0.0000   0.2623
  13.750   1.1279   0.10925   0.10422  -0.0401  0.0550  1.0000  -4.3334   0.0000   0.0000   0.0000   0.2685
  14.000   1.0991   0.11892   0.11401  -0.0462  0.0564  1.0000  -4.1315   0.0000   0.0000   0.0000   0.2748
  14.250   1.0812   0.12751   0.12267  -0.0512  0.0574  1.0000  -3.9903   0.0000   0.0000   0.0000   0.2799
  14.500   1.0717   0.13495   0.13015  -0.0549  0.0582  1.0000  -3.8984   0.0000   0.0000   0.0000   0.2835
  16.500   0.7616   0.18879   0.18440  -0.0773  0.1181  1.0000  -1.4961   0.0000   0.0000   0.0000   0.3367
  17.000   0.7760   0.19645   0.19211  -0.0785  0.1089  1.0000  -1.5518   0.0000   0.0000   0.0000   0.3356
  17.500   0.7684   0.20207   0.19774  -0.0829  0.1016  1.0000  -1.4615   0.0000   0.0000   0.0000   0.3419
  18.000   0.7671   0.20883   0.20451  -0.0868  0.0955  1.0000  -1.3923   0.0000   0.0000   0.0000   0.3466
  18.500   0.7718   0.21594   0.21165  -0.0897  0.0904  1.0000  -1.3610   0.0000   0.0000   0.0000   0.3491
  19.000   0.7839   0.22336   0.21912  -0.0913  0.0850  1.0000  -1.3894   0.0000   0.0000   0.0000   0.3486
  19.500   0.7956   0.23089   0.22669  -0.0931  0.0781  1.0000  -1.4151   0.0000   0.0000   0.0000   0.3484
  20.000   0.7901   0.23686   0.23268  -0.0981  0.0731  1.0000  -1.3026   0.0000   0.0000   0.0000   0.3549


