xflr5 v6.61

 Calculated polar for: NACA4412_6_80

 1 1 Reynolds number fixed          Mach number fixed         

 xtrf =   1.000 (top)        1.000 (bottom)
 Mach =   0.200     Re =     0.125 e 6     Ncrit =   7.000

  alpha     CL        CD       CDp       Cm    Top Xtr Bot Xtr   Cpmin    Chinge    XCp    
 ------- -------- --------- --------- -------- ------- ------- -------- --------- ---------
 -25.000  -0.5522   0.26494   0.26083   0.0389  1.0000  0.0125  -0.9384   0.0000   0.0000   0.0000   0.3131
 -24.500  -0.5423   0.25901   0.25486   0.0357  1.0000  0.0130  -0.9435   0.0000   0.0000   0.0000   0.3089
 -24.000  -0.5323   0.25316   0.24897   0.0325  1.0000  0.0136  -0.9558   0.0000   0.0000   0.0000   0.3045
 -23.500  -0.5220   0.24736   0.24314   0.0293  1.0000  0.0142  -0.9722   0.0000   0.0000   0.0000   0.3000
 -23.000  -0.5116   0.24167   0.23742   0.0261  1.0000  0.0147  -0.9964   0.0000   0.0000   0.0000   0.2952
 -22.500  -0.5013   0.23628   0.23199   0.0227  1.0000  0.0149  -1.0323   0.0000   0.0000   0.0000   0.2899
 -22.000  -0.4910   0.23076   0.22646   0.0196  1.0000  0.0151  -1.0491   0.0000   0.0000   0.0000   0.2847
 -21.500  -0.4799   0.22473   0.22040   0.0168  1.0000  0.0156  -0.9979   0.0000   0.0000   0.0000   0.2803
 -21.000  -0.4689   0.21929   0.21493   0.0139  1.0000  0.0164  -0.9766   0.0000   0.0000   0.0000   0.2751
 -20.500  -0.4580   0.21395   0.20957   0.0109  1.0000  0.0174  -0.9650   0.0000   0.0000   0.0000   0.2696
 -20.000  -0.4473   0.20894   0.20453   0.0078  1.0000  0.0183  -0.9848   0.0000   0.0000   0.0000   0.2634
 -19.500  -0.4371   0.20396   0.19954   0.0047  1.0000  0.0186  -1.0358   0.0000   0.0000   0.0000   0.2569
 -19.000  -0.4252   0.19818   0.19374   0.0023  1.0000  0.0193  -1.0006   0.0000   0.0000   0.0000   0.2519
 -18.500  -0.4141   0.19310   0.18864  -0.0003  1.0000  0.0203  -1.0080   0.0000   0.0000   0.0000   0.2458
 -18.000  -0.4032   0.18815   0.18366  -0.0030  1.0000  0.0214  -1.0300   0.0000   0.0000   0.0000   0.2391
 -17.500  -0.3931   0.18359   0.17909  -0.0059  1.0000  0.0221  -1.0782   0.0000   0.0000   0.0000   0.2317
 -17.000  -0.3844   0.17946   0.17496  -0.0089  1.0000  0.0223  -1.1353   0.0000   0.0000   0.0000   0.2236
 -16.500  -0.3717   0.17356   0.16905  -0.0106  1.0000  0.0232  -1.0608   0.0000   0.0000   0.0000   0.2184
 -16.000  -0.3613   0.16889   0.16435  -0.0129  1.0000  0.0244  -1.0445   0.0000   0.0000   0.0000   0.2114
 -15.500  -0.3518   0.16442   0.15987  -0.0152  1.0000  0.0256  -1.0495   0.0000   0.0000   0.0000   0.2038
 -15.000  -0.3459   0.16103   0.15649  -0.0180  1.0000  0.0263  -1.1133   0.0000   0.0000   0.0000   0.1948
 -14.500  -0.3345   0.15551   0.15097  -0.0193  1.0000  0.0276  -1.0392   0.0000   0.0000   0.0000   0.1893
 -14.000  -0.3272   0.15144   0.14688  -0.0210  1.0000  0.0295  -1.0662   0.0000   0.0000   0.0000   0.1826
 -13.500  -0.3244   0.14824   0.14368  -0.0231  1.0000  0.0307  -1.1609   0.0000   0.0000   0.0000   0.1754
 -13.000  -0.3169   0.14304   0.13850  -0.0247  1.0000  0.0313  -1.1953   0.0000   0.0000   0.0000   0.1687
 -12.500  -0.3071   0.13759   0.13305  -0.0258  1.0000  0.0330  -1.1788   0.0000   0.0000   0.0000   0.1626
 -12.000  -0.3005   0.13238   0.12786  -0.0276  1.0000  0.0349  -1.2281   0.0000   0.0000   0.0000   0.1549
 -11.500  -0.3004   0.12786   0.12339  -0.0303  1.0000  0.0356  -1.3610   0.0000   0.0000   0.0000   0.1460
 -11.000  -0.2867   0.12075   0.11629  -0.0300  1.0000  0.0373  -1.2762   0.0000   0.0000   0.0000   0.1420
 -10.500  -0.2811   0.11494   0.11052  -0.0312  1.0000  0.0396  -1.3007   0.0000   0.0000   0.0000   0.1360
 -10.000  -0.2845   0.10979   0.10544  -0.0335  1.0000  0.0407  -1.4315   0.0000   0.0000   0.0000   0.1293
  -9.500  -0.2726   0.10281   0.09851  -0.0325  1.0000  0.0434  -1.3340   0.0000   0.0000   0.0000   0.1280
  -9.000  -0.2773   0.09749   0.09328  -0.0340  1.0000  0.0460  -1.4379   0.0000   0.0000   0.0000   0.1248
  -8.500  -0.2707   0.09089   0.08675  -0.0327  1.0000  0.0484  -1.3771   0.0000   0.0000   0.0000   0.1267
  -8.000  -0.2754   0.08548   0.08145  -0.0323  1.0000  0.0511  -1.4201   0.0000   0.0000   0.0000   0.1304
  -7.500  -0.2975   0.08158   0.07771  -0.0317  1.0000  0.0519  -1.5715   0.0000   0.0000   0.0000   0.1416
  -7.000  -0.2965   0.07562   0.07186  -0.0273  1.0000  0.0539  -1.4669   0.0000   0.0000   0.0000   0.1566
  -6.500  -0.3202   0.07233   0.06873  -0.0222  1.0000  0.0555  -1.5001   0.0000   0.0000   0.0000   0.1794
  -6.000  -0.3437   0.06871   0.06524  -0.0208  1.0000  0.0573  -1.5941   0.0000   0.0000   0.0000   0.1885
  -5.500  -0.3134   0.05923   0.05574  -0.0300  0.9920  0.0609  -1.5985   0.0000   0.0000   0.0000   0.1533
  -5.000  -0.2618   0.04817   0.04455  -0.0453  0.9808  0.0677  -1.6409   0.0000   0.0000   0.0000   0.0758
  -3.500  -0.0793   0.02856   0.02231  -0.0828  0.9681  0.0424  -2.4521   0.0000   0.0000   0.0000  -0.8040
  -3.000   0.0018   0.02212   0.01441  -0.0881  0.9589  0.0448  -2.3376   0.0000   0.0000   0.0000  50.0905
  -2.500   0.0786   0.01900   0.01059  -0.0917  0.9485  0.0543  -2.0206   0.0000   0.0000   0.0000   1.4258
  -2.000   0.1542   0.01705   0.00845  -0.0952  0.9372  0.0745  -1.6434   0.0000   0.0000   0.0000   0.8706
  -1.500   0.2303   0.01555   0.00706  -0.0989  0.9254  0.1256  -1.2717   0.0000   0.0000   0.0000   0.6810
  -1.000   0.2992   0.01425   0.00635  -0.1013  0.9104  0.2761  -0.9412   0.0000   0.0000   0.0000   0.5894
  -0.500   0.3725   0.01210   0.00579  -0.1037  0.8964  1.0000  -0.6123   0.0000   0.0000   0.0000   0.5285
   0.000   0.4425   0.01191   0.00523  -0.1056  0.8787  1.0000  -0.5777   0.0000   0.0000   0.0000   0.4881
   0.500   0.5041   0.01182   0.00491  -0.1058  0.8555  1.0000  -0.6202   0.0000   0.0000   0.0000   0.4590
   1.000   0.5643   0.01176   0.00468  -0.1056  0.8303  1.0000  -0.6642   0.0000   0.0000   0.0000   0.4360
   1.500   0.6229   0.01177   0.00456  -0.1052  0.8029  1.0000  -0.7100   0.0000   0.0000   0.0000   0.4172
   2.000   0.6801   0.01187   0.00455  -0.1045  0.7737  1.0000  -0.7581   0.0000   0.0000   0.0000   0.4016
   2.500   0.7350   0.01211   0.00474  -0.1035  0.7423  1.0000  -0.8086   0.0000   0.0000   0.0000   0.3883
   3.000   0.7892   0.01245   0.00506  -0.1024  0.7111  1.0000  -0.9798   0.0000   0.0000   0.0000   0.3769
   3.500   0.8429   0.01287   0.00552  -0.1012  0.6809  1.0000  -1.2663   0.0000   0.0000   0.0000   0.3668
   4.000   0.8961   0.01338   0.00613  -0.1000  0.6516  1.0000  -1.5987   0.0000   0.0000   0.0000   0.3579
   4.500   0.9485   0.01393   0.00683  -0.0986  0.6215  1.0000  -2.0403   0.0000   0.0000   0.0000   0.3497
   5.000   0.9905   0.01425   0.00697  -0.0942  0.5429  1.0000  -2.5299   0.0000   0.0000   0.0000   0.3404
   5.500   1.0296   0.01501   0.00758  -0.0900  0.4451  1.0000  -3.0167   0.0000   0.0000   0.0000   0.3321
   6.000   1.0364   0.01924   0.00975  -0.0823  0.0977  1.0000  -3.2932   0.0000   0.0000   0.0000   0.3236
   6.500   1.0612   0.02250   0.01282  -0.0772  0.0533  1.0000  -3.5933   0.0000   0.0000   0.0000   0.3164
   7.000   1.0866   0.02548   0.01587  -0.0723  0.0414  1.0000  -3.9385   0.0000   0.0000   0.0000   0.3096
   7.500   1.1185   0.02891   0.01943  -0.0682  0.0340  1.0000  -4.3215   0.0000   0.0000   0.0000   0.3035
   8.000   1.1647   0.03328   0.02405  -0.0660  0.0291  1.0000  -4.7076   0.0000   0.0000   0.0000   0.2986
   8.500   1.2106   0.03861   0.02983  -0.0641  0.0259  1.0000  -5.0621   0.0000   0.0000   0.0000   0.2943
   9.000   1.2384   0.04478   0.03697  -0.0598  0.0240  1.0000  -5.1913   0.0000   0.0000   0.0000   0.2890
   9.500   1.2473   0.05207   0.04516  -0.0542  0.0240  1.0000  -5.1867   0.0000   0.0000   0.0000   0.2837
  10.000   1.2345   0.05943   0.05329  -0.0475  0.0245  1.0000  -5.0987   0.0000   0.0000   0.0000   0.2782
  10.500   1.2066   0.06664   0.06103  -0.0415  0.0250  1.0000  -5.0091   0.0000   0.0000   0.0000   0.2736
  11.000   1.1736   0.07493   0.06977  -0.0391  0.0255  1.0000  -4.9288   0.0000   0.0000   0.0000   0.2719
  11.500   1.1397   0.08481   0.08000  -0.0406  0.0259  1.0000  -4.8296   0.0000   0.0000   0.0000   0.2736
  12.000   1.1103   0.09606   0.09149  -0.0449  0.0262  1.0000  -4.7417   0.0000   0.0000   0.0000   0.2778
  12.500   1.0455   0.11779   0.11366  -0.0610  0.0280  1.0000  -4.0168   0.0000   0.0000   0.0000   0.2954
  13.000   1.0187   0.13768   0.13358  -0.0732  0.0300  1.0000  -3.5520   0.0000   0.0000   0.0000   0.3087


