xflr5 v6.61

 Calculated polar for: NACA4412_9_00

 1 1 Reynolds number fixed          Mach number fixed         

 xtrf =   1.000 (top)        1.000 (bottom)
 Mach =   0.200     Re =     0.050 e 6     Ncrit =   7.000

  alpha     CL        CD       CDp       Cm    Top Xtr Bot Xtr   Cpmin    Chinge    XCp    
 ------- -------- --------- --------- -------- ------- ------- -------- --------- ---------
 -21.500  -0.6674   0.26296   0.25472   0.0312  1.0000  0.0479  -1.5054   0.0000   0.0000   0.0000   0.2806
 -21.000  -0.6499   0.25707   0.24882   0.0273  1.0000  0.0501  -1.4900   0.0000   0.0000   0.0000   0.2763
 -20.500  -0.6337   0.25234   0.24410   0.0227  1.0000  0.0517  -1.5070   0.0000   0.0000   0.0000   0.2707
 -20.000  -0.6159   0.24537   0.23714   0.0193  1.0000  0.0531  -1.4754   0.0000   0.0000   0.0000   0.2666
 -19.500  -0.5981   0.23906   0.23083   0.0158  1.0000  0.0556  -1.4401   0.0000   0.0000   0.0000   0.2622
 -19.000  -0.5824   0.23415   0.22593   0.0115  1.0000  0.0577  -1.4451   0.0000   0.0000   0.0000   0.2561
 -18.500  -0.5645   0.22712   0.21892   0.0084  1.0000  0.0597  -1.4181   0.0000   0.0000   0.0000   0.2516
 -18.000  -0.5479   0.22136   0.21316   0.0049  1.0000  0.0633  -1.4247   0.0000   0.0000   0.0000   0.2460
 -17.500  -0.5323   0.21552   0.20736   0.0014  1.0000  0.0653  -1.4456   0.0000   0.0000   0.0000   0.2400
 -17.000  -0.5147   0.20889   0.20074  -0.0014  1.0000  0.0688  -1.4276   0.0000   0.0000   0.0000   0.2349
 -16.500  -0.5031   0.20482   0.19670  -0.0056  1.0000  0.0711  -1.4814   0.0000   0.0000   0.0000   0.2270
 -16.000  -0.4832   0.19655   0.18844  -0.0075  1.0000  0.0742  -1.4329   0.0000   0.0000   0.0000   0.2228
 -15.500  -0.4710   0.19163   0.18356  -0.0110  1.0000  0.0777  -1.4612   0.0000   0.0000   0.0000   0.2153
 -15.000  -0.4540   0.18435   0.17632  -0.0132  1.0000  0.0805  -1.4340   0.0000   0.0000   0.0000   0.2099
 -14.500  -0.4433   0.17947   0.17147  -0.0164  1.0000  0.0850  -1.4554   0.0000   0.0000   0.0000   0.2023
 -14.000  -0.4263   0.17211   0.16415  -0.0181  1.0000  0.0897  -1.4132   0.0000   0.0000   0.0000   0.1970
 -13.500  -0.4182   0.16712   0.15924  -0.0211  1.0000  0.0935  -1.4403   0.0000   0.0000   0.0000   0.1893
 -13.000  -0.4030   0.16028   0.15242  -0.0227  1.0000  0.0993  -1.4000   0.0000   0.0000   0.0000   0.1837
 -12.500  -0.3917   0.15396   0.14615  -0.0247  1.0000  0.1029  -1.4161   0.0000   0.0000   0.0000   0.1773
 -12.000  -0.3854   0.14897   0.14123  -0.0270  1.0000  0.1085  -1.4528   0.0000   0.0000   0.0000   0.1705
 -11.500  -0.3702   0.14171   0.13403  -0.0279  1.0000  0.1138  -1.4319   0.0000   0.0000   0.0000   0.1655
 -11.000  -0.3624   0.13586   0.12826  -0.0294  1.0000  0.1199  -1.4467   0.0000   0.0000   0.0000   0.1599
 -10.000  -0.3574   0.12595   0.11856  -0.0326  1.0000  0.1348  -1.5003   0.0000   0.0000   0.0000   0.1510
  -9.500  -0.3450   0.11914   0.11184  -0.0323  1.0000  0.1428  -1.4660   0.0000   0.0000   0.0000   0.1486
  -9.000  -0.3379   0.11313   0.10595  -0.0322  1.0000  0.1497  -1.4503   0.0000   0.0000   0.0000   0.1475
  -8.500  -0.3377   0.10794   0.10092  -0.0320  1.0000  0.1569  -1.4553   0.0000   0.0000   0.0000   0.1485
  -8.000  -0.3427   0.10330   0.09648  -0.0312  1.0000  0.1654  -1.4661   0.0000   0.0000   0.0000   0.1530
  -7.500  -0.3692   0.10100   0.09446  -0.0292  1.0000  0.1733  -1.5397   0.0000   0.0000   0.0000   0.1660
  -7.000  -0.3820   0.09679   0.09047  -0.0265  1.0000  0.1835  -1.5629   0.0000   0.0000   0.0000   0.1763
  -6.500  -0.3812   0.09111   0.08493  -0.0228  1.0000  0.1956  -1.5383   0.0000   0.0000   0.0000   0.1863
  -6.000  -0.3900   0.08645   0.08044  -0.0206  1.0000  0.2067  -1.5499   0.0000   0.0000   0.0000   0.1937
  -5.500  -0.3947   0.08150   0.07562  -0.0188  1.0000  0.2188  -1.5520   0.0000   0.0000   0.0000   0.1992
  -4.500  -0.3506   0.06010   0.05359  -0.0418  1.0000  0.1165  -1.9808   0.0000   0.0000   0.0000   0.1276
  -4.000  -0.3104   0.05106   0.04402  -0.0477  1.0000  0.1070  -2.0359   0.0000   0.0000   0.0000   0.0932
  -3.500  -0.2567   0.04228   0.03425  -0.0536  1.0000  0.1022  -2.0970   0.0000   0.0000   0.0000   0.0371
  -3.000  -0.2019   0.03656   0.02742  -0.0567  1.0000  0.1086  -2.0535   0.0000   0.0000   0.0000  -0.0355
  -2.500  -0.1452   0.03302   0.02319  -0.0588  0.9976  0.1206  -1.8914   0.0000   0.0000   0.0000  -0.1608
  -2.000  -0.0533   0.03013   0.01948  -0.0662  0.9812  0.1476  -1.6802   0.0000   0.0000   0.0000  -1.0066
  -1.500   0.0320   0.02852   0.01755  -0.0721  0.9625  0.1969  -1.4080   0.0000   0.0000   0.0000   2.5211
  -1.000   0.1165   0.02733   0.01643  -0.0777  0.9430  0.2989  -1.1418   0.0000   0.0000   0.0000   0.9205
  -0.500   0.1960   0.02446   0.01564  -0.0812  0.9243  1.0000  -0.8839   0.0000   0.0000   0.0000   0.6657
   0.000   0.2708   0.02529   0.01558  -0.0852  0.8994  1.0000  -0.6443   0.0000   0.0000   0.0000   0.5648
   0.500   0.3431   0.02605   0.01582  -0.0886  0.8752  1.0000  -0.5763   0.0000   0.0000   0.0000   0.5075
   1.000   0.4179   0.02667   0.01611  -0.0921  0.8528  1.0000  -0.6259   0.0000   0.0000   0.0000   0.4691
   1.500   0.4833   0.02735   0.01657  -0.0939  0.8289  1.0000  -0.6728   0.0000   0.0000   0.0000   0.4424
   2.000   0.5439   0.02812   0.01722  -0.0948  0.8050  1.0000  -0.7195   0.0000   0.0000   0.0000   0.4219
   2.500   0.6074   0.02878   0.01783  -0.0958  0.7834  1.0000  -0.7725   0.0000   0.0000   0.0000   0.4049
   3.000   0.6679   0.02948   0.01856  -0.0962  0.7618  1.0000  -0.8283   0.0000   0.0000   0.0000   0.3908
   3.500   0.7205   0.03048   0.01963  -0.0955  0.7390  1.0000  -0.8842   0.0000   0.0000   0.0000   0.3789
   4.000   0.7815   0.03111   0.02042  -0.0956  0.7187  1.0000  -0.9706   0.0000   0.0000   0.0000   0.3681
   4.500   0.8284   0.03241   0.02190  -0.0940  0.6952  1.0000  -1.1321   0.0000   0.0000   0.0000   0.3588
   5.000   0.8904   0.03290   0.02267  -0.0936  0.6747  1.0000  -1.3741   0.0000   0.0000   0.0000   0.3500
   5.500   0.9343   0.03432   0.02439  -0.0914  0.6494  1.0000  -1.6074   0.0000   0.0000   0.0000   0.3422
   6.000   0.9865   0.03516   0.02562  -0.0895  0.6240  1.0000  -1.8960   0.0000   0.0000   0.0000   0.3345
   6.500   1.0433   0.03535   0.02627  -0.0872  0.5949  1.0000  -2.2246   0.0000   0.0000   0.0000   0.3268
   7.000   1.1116   0.03321   0.02454  -0.0835  0.5493  1.0000  -2.6792   0.0000   0.0000   0.0000   0.3176
   7.500   1.1615   0.03074   0.02228  -0.0765  0.4791  1.0000  -3.1262   0.0000   0.0000   0.0000   0.3077
   8.000   1.1754   0.03065   0.02231  -0.0672  0.3923  1.0000  -3.4066   0.0000   0.0000   0.0000   0.2981
   8.500   1.1582   0.03307   0.02392  -0.0557  0.2528  1.0000  -3.5272   0.0000   0.0000   0.0000   0.2883
   9.000   1.1373   0.03874   0.02862  -0.0478  0.1692  1.0000  -3.5984   0.0000   0.0000   0.0000   0.2815
   9.500   1.1392   0.04402   0.03355  -0.0427  0.1303  1.0000  -3.7495   0.0000   0.0000   0.0000   0.2763
  10.000   1.1737   0.04837   0.03784  -0.0393  0.1037  1.0000  -4.0255   0.0000   0.0000   0.0000   0.2717
  10.500   1.2425   0.05357   0.04319  -0.0386  0.0847  1.0000  -4.4075   0.0000   0.0000   0.0000   0.2686
  11.000   1.2679   0.06008   0.05037  -0.0359  0.0762  1.0000  -4.5817   0.0000   0.0000   0.0000   0.2652
  11.500   1.2751   0.06728   0.05817  -0.0326  0.0721  1.0000  -4.7089   0.0000   0.0000   0.0000   0.2618
  12.000   1.2595   0.07538   0.06688  -0.0295  0.0707  1.0000  -4.7225   0.0000   0.0000   0.0000   0.2590
  12.500   1.2207   0.08471   0.07681  -0.0285  0.0705  1.0000  -4.6125   0.0000   0.0000   0.0000   0.2582
  13.000   1.1781   0.09595   0.08850  -0.0310  0.0708  1.0000  -4.4586   0.0000   0.0000   0.0000   0.2605
  14.000   1.0441   0.13572   0.12887  -0.0560  0.0774  1.0000  -3.5117   0.0000   0.0000   0.0000   0.2871
  15.000   1.0007   0.17351   0.16648  -0.0780  0.0850  1.0000  -2.7713   0.0000   0.0000   0.0000   0.3111
  15.500   0.9971   0.18823   0.18114  -0.0863  0.0922  1.0000  -2.5367   0.0000   0.0000   0.0000   0.3193
  16.500   0.7488   0.19280   0.18650  -0.0775  0.1738  1.0000  -1.4044   0.0000   0.0000   0.0000   0.3391
  17.000   0.7448   0.19874   0.19246  -0.0810  0.1700  1.0000  -1.3413   0.0000   0.0000   0.0000   0.3439
  17.500   0.7558   0.20622   0.20002  -0.0828  0.1627  1.0000  -1.3597   0.0000   0.0000   0.0000   0.3440
  18.000   0.7613   0.21271   0.20655  -0.0852  0.1530  1.0000  -1.3511   0.0000   0.0000   0.0000   0.3457
  18.500   0.7711   0.22003   0.21393  -0.0871  0.1443  1.0000  -1.3600   0.0000   0.0000   0.0000   0.3461
  19.000   0.7686   0.22528   0.21921  -0.0907  0.1377  1.0000  -1.2954   0.0000   0.0000   0.0000   0.3506


