xflr5 v6.61

 Calculated polar for: NACA4412_7_70

 1 1 Reynolds number fixed          Mach number fixed         

 xtrf =   1.000 (top)        1.000 (bottom)
 Mach =   0.200     Re =     0.070 e 6     Ncrit =   7.000

  alpha     CL        CD       CDp       Cm    Top Xtr Bot Xtr   Cpmin    Chinge    XCp    
 ------- -------- --------- --------- -------- ------- ------- -------- --------- ---------
 -22.500  -0.7323   0.27760   0.27074   0.0479  1.0000  0.0271  -1.5619   0.0000   0.0000   0.0000   0.3011
 -22.000  -0.7149   0.27145   0.26458   0.0438  1.0000  0.0282  -1.5183   0.0000   0.0000   0.0000   0.2976
 -21.500  -0.6974   0.26552   0.25863   0.0396  1.0000  0.0295  -1.4913   0.0000   0.0000   0.0000   0.2937
 -21.000  -0.6800   0.25997   0.25308   0.0352  1.0000  0.0305  -1.5048   0.0000   0.0000   0.0000   0.2891
 -20.500  -0.6631   0.25458   0.24771   0.0306  1.0000  0.0310  -1.5455   0.0000   0.0000   0.0000   0.2840
 -20.000  -0.6450   0.24715   0.24026   0.0275  1.0000  0.0322  -1.4914   0.0000   0.0000   0.0000   0.2809
 -19.500  -0.6274   0.24100   0.23410   0.0237  1.0000  0.0338  -1.4813   0.0000   0.0000   0.0000   0.2765
 -19.000  -0.6104   0.23530   0.22842   0.0195  1.0000  0.0352  -1.5002   0.0000   0.0000   0.0000   0.2711
 -18.500  -0.5935   0.22908   0.22221   0.0157  1.0000  0.0361  -1.5018   0.0000   0.0000   0.0000   0.2660
 -18.000  -0.5758   0.22238   0.21551   0.0126  1.0000  0.0383  -1.4520   0.0000   0.0000   0.0000   0.2618
 -17.500  -0.5594   0.21667   0.20981   0.0088  1.0000  0.0403  -1.4574   0.0000   0.0000   0.0000   0.2559
 -17.000  -0.5440   0.21092   0.20409   0.0049  1.0000  0.0410  -1.4702   0.0000   0.0000   0.0000   0.2496
 -16.500  -0.5259   0.20358   0.19675   0.0024  1.0000  0.0430  -1.3985   0.0000   0.0000   0.0000   0.2455
 -16.000  -0.5103   0.19758   0.19076  -0.0009  1.0000  0.0453  -1.3916   0.0000   0.0000   0.0000   0.2394
 -15.500  -0.4981   0.19280   0.18603  -0.0051  1.0000  0.0463  -1.4726   0.0000   0.0000   0.0000   0.2313
 -15.000  -0.4792   0.18465   0.17787  -0.0067  1.0000  0.0486  -1.4157   0.0000   0.0000   0.0000   0.2277
 -14.500  -0.4655   0.17880   0.17205  -0.0099  1.0000  0.0513  -1.4487   0.0000   0.0000   0.0000   0.2207
 -14.000  -0.4516   0.17225   0.16555  -0.0125  1.0000  0.0531  -1.4643   0.0000   0.0000   0.0000   0.2144
 -13.500  -0.4379   0.16608   0.15940  -0.0150  1.0000  0.0570  -1.4642   0.0000   0.0000   0.0000   0.2082
 -13.000  -0.4261   0.15981   0.15319  -0.0176  1.0000  0.0590  -1.4897   0.0000   0.0000   0.0000   0.2013
 -12.500  -0.4124   0.15334   0.14673  -0.0195  1.0000  0.0626  -1.4741   0.0000   0.0000   0.0000   0.1955
 -12.000  -0.4086   0.14889   0.14237  -0.0233  1.0000  0.0645  -1.5643   0.0000   0.0000   0.0000   0.1862
 -11.500  -0.3898   0.14073   0.13423  -0.0236  1.0000  0.0684  -1.4833   0.0000   0.0000   0.0000   0.1826
 -11.000  -0.3880   0.13633   0.12991  -0.0272  1.0000  0.0711  -1.5687   0.0000   0.0000   0.0000   0.1735
 -10.500  -0.3703   0.12847   0.12209  -0.0273  1.0000  0.0751  -1.4883   0.0000   0.0000   0.0000   0.1701
  -9.500  -0.2716   0.10704   0.10138  -0.0343  1.0000  0.0921  -1.2689   0.0000   0.0000   0.0000   0.1200
  -9.000  -0.2674   0.10076   0.09520  -0.0337  1.0000  0.0958  -1.2767   0.0000   0.0000   0.0000   0.1203
  -8.500  -0.2783   0.09622   0.09081  -0.0342  1.0000  0.1005  -1.3543   0.0000   0.0000   0.0000   0.1240
  -8.000  -0.2726   0.08973   0.08441  -0.0321  1.0000  0.1055  -1.3267   0.0000   0.0000   0.0000   0.1295
  -7.500  -0.2993   0.08649   0.08139  -0.0311  1.0000  0.1089  -1.4376   0.0000   0.0000   0.0000   0.1440
  -7.000  -0.2971   0.08042   0.07544  -0.0271  1.0000  0.1148  -1.3910   0.0000   0.0000   0.0000   0.1569
  -6.500  -0.3360   0.07821   0.07347  -0.0240  1.0000  0.1172  -1.5046   0.0000   0.0000   0.0000   0.1771
  -6.000  -0.3413   0.07288   0.06828  -0.0203  1.0000  0.1243  -1.4759   0.0000   0.0000   0.0000   0.1893
  -5.000  -0.3684   0.07149   0.06649  -0.0290  1.0000  0.1383  -1.6991   0.0000   0.0000   0.0000   0.1691
  -4.500  -0.3467   0.06519   0.06008  -0.0354  1.0000  0.1542  -1.7100   0.0000   0.0000   0.0000   0.1461
  -3.500  -0.2313   0.04170   0.03521  -0.0550  1.0000  0.0751  -2.1152   0.0000   0.0000   0.0000   0.0091
  -3.000  -0.1387   0.03224   0.02420  -0.0655  0.9925  0.0729  -2.1688   0.0000   0.0000   0.0000  -0.2279
  -2.500  -0.0483   0.02733   0.01803  -0.0728  0.9807  0.0836  -1.9695   0.0000   0.0000   0.0000  -1.2715
  -2.000   0.0359   0.02463   0.01471  -0.0783  0.9660  0.1061  -1.7021   0.0000   0.0000   0.0000   2.4466
  -1.500   0.1161   0.02284   0.01279  -0.0829  0.9496  0.1498  -1.4028   0.0000   0.0000   0.0000   0.9676
  -1.000   0.1965   0.02146   0.01170  -0.0875  0.9327  0.2620  -1.0897   0.0000   0.0000   0.0000   0.6967
   0.000   0.3510   0.01912   0.01059  -0.0946  0.8942  1.0000  -0.5455   0.0000   0.0000   0.0000   0.5192
   0.500   0.4262   0.01928   0.01037  -0.0979  0.8725  1.0000  -0.5939   0.0000   0.0000   0.0000   0.4787
   1.000   0.5013   0.01928   0.01014  -0.1007  0.8519  1.0000  -0.6456   0.0000   0.0000   0.0000   0.4496
   1.500   0.5688   0.01932   0.01005  -0.1020  0.8288  1.0000  -0.6957   0.0000   0.0000   0.0000   0.4276
   2.000   0.6313   0.01945   0.01013  -0.1023  0.8042  1.0000  -0.7463   0.0000   0.0000   0.0000   0.4099
   2.500   0.6925   0.01963   0.01032  -0.1023  0.7796  1.0000  -0.8001   0.0000   0.0000   0.0000   0.3952
   3.000   0.7541   0.01980   0.01054  -0.1022  0.7561  1.0000  -0.8607   0.0000   0.0000   0.0000   0.3826
   3.500   0.8136   0.02007   0.01094  -0.1018  0.7320  1.0000  -1.0328   0.0000   0.0000   0.0000   0.3717
   4.000   0.8676   0.02062   0.01165  -0.1006  0.7060  1.0000  -1.2860   0.0000   0.0000   0.0000   0.3621
   4.500   0.9215   0.02123   0.01251  -0.0993  0.6802  1.0000  -1.5870   0.0000   0.0000   0.0000   0.3534
   5.000   0.9757   0.02183   0.01338  -0.0978  0.6539  1.0000  -1.9286   0.0000   0.0000   0.0000   0.3454
   5.500   1.0279   0.02233   0.01424  -0.0956  0.6223  1.0000  -2.3464   0.0000   0.0000   0.0000   0.3377
   6.000   1.0721   0.02140   0.01334  -0.0895  0.5495  1.0000  -2.7943   0.0000   0.0000   0.0000   0.3275
   6.500   1.1044   0.02155   0.01353  -0.0830  0.4619  1.0000  -3.2217   0.0000   0.0000   0.0000   0.3185
   7.000   1.1046   0.02413   0.01485  -0.0729  0.2129  1.0000  -3.4553   0.0000   0.0000   0.0000   0.3087
   7.500   1.1005   0.02956   0.01920  -0.0651  0.1033  1.0000  -3.5894   0.0000   0.0000   0.0000   0.3013
   8.000   1.1119   0.03339   0.02297  -0.0588  0.0801  1.0000  -3.7993   0.0000   0.0000   0.0000   0.2944
   8.500   1.1447   0.03730   0.02680  -0.0550  0.0649  1.0000  -4.0907   0.0000   0.0000   0.0000   0.2889
   9.000   1.2086   0.04257   0.03235  -0.0549  0.0537  1.0000  -4.5078   0.0000   0.0000   0.0000   0.2857
   9.500   1.2541   0.04920   0.03969  -0.0530  0.0489  1.0000  -4.7778   0.0000   0.0000   0.0000   0.2819
  10.000   1.2723   0.05581   0.04699  -0.0490  0.0452  1.0000  -4.9629   0.0000   0.0000   0.0000   0.2776
  10.500   1.2616   0.06254   0.05457  -0.0426  0.0438  1.0000  -4.9658   0.0000   0.0000   0.0000   0.2723
  11.000   1.2361   0.06973   0.06242  -0.0370  0.0438  1.0000  -4.9075   0.0000   0.0000   0.0000   0.2679
  11.500   1.2009   0.07807   0.07131  -0.0343  0.0441  1.0000  -4.8013   0.0000   0.0000   0.0000   0.2659
  12.000   1.1609   0.08820   0.08190  -0.0355  0.0446  1.0000  -4.6541   0.0000   0.0000   0.0000   0.2673
  12.500   1.1203   0.10045   0.09449  -0.0406  0.0453  1.0000  -4.4686   0.0000   0.0000   0.0000   0.2723
  13.000   1.0858   0.11434   0.10860  -0.0482  0.0460  1.0000  -4.2659   0.0000   0.0000   0.0000   0.2798
  16.500   0.7718   0.19581   0.19069  -0.0849  0.1138  1.0000  -1.4579   0.0000   0.0000   0.0000   0.3459
  17.000   0.7832   0.20343   0.19835  -0.0866  0.1085  1.0000  -1.4660   0.0000   0.0000   0.0000   0.3458
  17.500   0.7856   0.20988   0.20485  -0.0896  0.1018  1.0000  -1.4193   0.0000   0.0000   0.0000   0.3488
  18.000   0.7863   0.21659   0.21157  -0.0932  0.0966  1.0000  -1.3561   0.0000   0.0000   0.0000   0.3527
  18.500   0.7923   0.22362   0.21863  -0.0959  0.0906  1.0000  -1.3611   0.0000   0.0000   0.0000   0.3545
  19.000   0.7999   0.23084   0.22589  -0.0983  0.0844  1.0000  -1.3783   0.0000   0.0000   0.0000   0.3557
  19.500   0.8097   0.23836   0.23346  -0.1004  0.0784  1.0000  -1.4122   0.0000   0.0000   0.0000   0.3560
  20.000   0.8097   0.24503   0.24016  -0.1044  0.0747  1.0000  -1.3388   0.0000   0.0000   0.0000   0.3603


