xflr5 v6.61

 Calculated polar for: NACA4412_7_20

 1 1 Reynolds number fixed          Mach number fixed         

 xtrf =   1.000 (top)        1.000 (bottom)
 Mach =   0.200     Re =     0.080 e 6     Ncrit =   7.000

  alpha     CL        CD       CDp       Cm    Top Xtr Bot Xtr   Cpmin    Chinge    XCp    
 ------- -------- --------- --------- -------- ------- ------- -------- --------- ---------
 -19.500  -0.6396   0.24202   0.23561   0.0268  1.0000  0.0273  -1.4880   0.0000   0.0000   0.0000   0.2817
 -19.000  -0.6221   0.23571   0.22929   0.0231  1.0000  0.0286  -1.4745   0.0000   0.0000   0.0000   0.2774
 -18.500  -0.6047   0.22958   0.22316   0.0193  1.0000  0.0300  -1.4841   0.0000   0.0000   0.0000   0.2724
 -18.000  -0.5883   0.22422   0.21782   0.0149  1.0000  0.0308  -1.5301   0.0000   0.0000   0.0000   0.2664
 -17.500  -0.5709   0.21699   0.21061   0.0119  1.0000  0.0316  -1.4920   0.0000   0.0000   0.0000   0.2622
 -17.000  -0.5537   0.21055   0.20417   0.0088  1.0000  0.0336  -1.4557   0.0000   0.0000   0.0000   0.2574
 -16.500  -0.5381   0.20495   0.19858   0.0048  1.0000  0.0354  -1.4809   0.0000   0.0000   0.0000   0.2509
 -16.000  -0.5217   0.19805   0.19170   0.0019  1.0000  0.0364  -1.4507   0.0000   0.0000   0.0000   0.2458
 -15.500  -0.5053   0.19148   0.18514  -0.0009  1.0000  0.0384  -1.4059   0.0000   0.0000   0.0000   0.2407
 -15.000  -0.4909   0.18563   0.17931  -0.0044  1.0000  0.0403  -1.4126   0.0000   0.0000   0.0000   0.2338
 -14.500  -0.4769   0.17929   0.17301  -0.0075  1.0000  0.0412  -1.4439   0.0000   0.0000   0.0000   0.2272
 -14.000  -0.4608   0.17230   0.16603  -0.0095  1.0000  0.0435  -1.4168   0.0000   0.0000   0.0000   0.2225
 -13.500  -0.4485   0.16650   0.16026  -0.0127  1.0000  0.0457  -1.4661   0.0000   0.0000   0.0000   0.2151
 -13.000  -0.4358   0.15991   0.15371  -0.0152  1.0000  0.0469  -1.4921   0.0000   0.0000   0.0000   0.2086
 -12.500  -0.4215   0.15324   0.14705  -0.0171  1.0000  0.0498  -1.4712   0.0000   0.0000   0.0000   0.2032
 -12.000  -0.4162   0.14873   0.14261  -0.0210  1.0000  0.0520  -1.5756   0.0000   0.0000   0.0000   0.1936
 -11.500  -0.3984   0.14071   0.13462  -0.0215  1.0000  0.0559  -1.4926   0.0000   0.0000   0.0000   0.1902
 -11.000  -0.3959   0.13634   0.13033  -0.0254  1.0000  0.0580  -1.5991   0.0000   0.0000   0.0000   0.1804
 -10.500  -0.3777   0.12829   0.12230  -0.0253  1.0000  0.0614  -1.5088   0.0000   0.0000   0.0000   0.1774
 -10.000  -0.3753   0.12356   0.11767  -0.0286  1.0000  0.0643  -1.5902   0.0000   0.0000   0.0000   0.1686
  -9.500  -0.3605   0.11628   0.11045  -0.0286  1.0000  0.0674  -1.5217   0.0000   0.0000   0.0000   0.1655
  -9.000  -0.3607   0.11170   0.10599  -0.0314  1.0000  0.0709  -1.5939   0.0000   0.0000   0.0000   0.1585
  -8.500  -0.3489   0.10496   0.09934  -0.0308  1.0000  0.0742  -1.5278   0.0000   0.0000   0.0000   0.1574
  -8.000  -0.3568   0.10104   0.09560  -0.0323  1.0000  0.0779  -1.6186   0.0000   0.0000   0.0000   0.1556
  -7.500  -0.3507   0.09514   0.08983  -0.0302  1.0000  0.0829  -1.5875   0.0000   0.0000   0.0000   0.1602
  -7.000  -0.3742   0.09238   0.08733  -0.0313  1.0000  0.0854  -1.7309   0.0000   0.0000   0.0000   0.1635
  -6.500  -0.3713   0.08681   0.08186  -0.0285  1.0000  0.0921  -1.6922   0.0000   0.0000   0.0000   0.1706
  -6.000  -0.3717   0.08150   0.07668  -0.0273  1.0000  0.0964  -1.6941   0.0000   0.0000   0.0000   0.1744
  -5.500  -0.3691   0.07592   0.07118  -0.0305  1.0000  0.1021  -1.7545   0.0000   0.0000   0.0000   0.1654
  -5.000  -0.3557   0.06981   0.06507  -0.0340  1.0000  0.1099  -1.7780   0.0000   0.0000   0.0000   0.1526
  -4.500  -0.3351   0.06352   0.05873  -0.0364  1.0000  0.1190  -1.7522   0.0000   0.0000   0.0000   0.1398
  -3.500  -0.2070   0.04134   0.03527  -0.0585  0.9959  0.0692  -2.0845   0.0000   0.0000   0.0000  -0.0356
  -3.000  -0.1078   0.03073   0.02300  -0.0702  0.9876  0.0637  -2.2243   0.0000   0.0000   0.0000  -0.4073
  -2.500  -0.0203   0.02555   0.01651  -0.0767  0.9765  0.0715  -2.0625   0.0000   0.0000   0.0000  -3.5576
  -2.000   0.0645   0.02277   0.01318  -0.0821  0.9641  0.0906  -1.7394   0.0000   0.0000   0.0000   1.5316
  -1.500   0.1422   0.02092   0.01124  -0.0862  0.9482  0.1301  -1.4178   0.0000   0.0000   0.0000   0.8588
  -1.000   0.2195   0.01951   0.01016  -0.0902  0.9318  0.2403  -1.0944   0.0000   0.0000   0.0000   0.6623
  -0.500   0.2981   0.01695   0.00942  -0.0939  0.9165  1.0000  -0.7651   0.0000   0.0000   0.0000   0.5652
   0.000   0.3748   0.01707   0.00898  -0.0975  0.8960  1.0000  -0.5453   0.0000   0.0000   0.0000   0.5098
   0.500   0.4519   0.01704   0.00862  -0.1009  0.8766  1.0000  -0.5950   0.0000   0.0000   0.0000   0.4724
   1.000   0.5222   0.01699   0.00837  -0.1028  0.8546  1.0000  -0.6439   0.0000   0.0000   0.0000   0.4456
   1.500   0.5870   0.01699   0.00826  -0.1035  0.8303  1.0000  -0.6925   0.0000   0.0000   0.0000   0.4247
   2.000   0.6496   0.01701   0.00825  -0.1038  0.8051  1.0000  -0.7432   0.0000   0.0000   0.0000   0.4077
   2.500   0.7102   0.01711   0.00837  -0.1036  0.7792  1.0000  -0.7969   0.0000   0.0000   0.0000   0.3934
   3.000   0.7689   0.01732   0.00862  -0.1030  0.7528  1.0000  -0.8766   0.0000   0.0000   0.0000   0.3811
   3.500   0.8261   0.01764   0.00907  -0.1022  0.7263  1.0000  -1.1267   0.0000   0.0000   0.0000   0.3705
   4.000   0.8824   0.01806   0.00963  -0.1012  0.7000  1.0000  -1.4319   0.0000   0.0000   0.0000   0.3610
   4.500   0.9378   0.01857   0.01037  -0.1001  0.6733  1.0000  -1.7967   0.0000   0.0000   0.0000   0.3525
   5.000   0.9906   0.01918   0.01130  -0.0984  0.6442  1.0000  -2.2274   0.0000   0.0000   0.0000   0.3446
   5.500   1.0332   0.01888   0.01105  -0.0929  0.5749  1.0000  -2.6747   0.0000   0.0000   0.0000   0.3346
   6.000   1.0673   0.01911   0.01123  -0.0867  0.4786  1.0000  -3.1272   0.0000   0.0000   0.0000   0.3253
   6.500   1.0703   0.02230   0.01275  -0.0773  0.1724  1.0000  -3.3749   0.0000   0.0000   0.0000   0.3157
   7.000   1.0783   0.02719   0.01683  -0.0705  0.0820  1.0000  -3.5568   0.0000   0.0000   0.0000   0.3083
   7.500   1.0970   0.03079   0.02042  -0.0649  0.0639  1.0000  -3.8027   0.0000   0.0000   0.0000   0.3015
   8.000   1.1345   0.03472   0.02434  -0.0614  0.0526  1.0000  -4.1366   0.0000   0.0000   0.0000   0.2959
   8.500   1.1927   0.04010   0.03002  -0.0606  0.0450  1.0000  -4.5339   0.0000   0.0000   0.0000   0.2920
   9.000   1.2335   0.04604   0.03662  -0.0582  0.0397  1.0000  -4.8338   0.0000   0.0000   0.0000   0.2878
   9.500   1.2537   0.05320   0.04478  -0.0536  0.0387  1.0000  -4.9157   0.0000   0.0000   0.0000   0.2828
  10.000   1.2517   0.06066   0.05311  -0.0478  0.0387  1.0000  -4.9083   0.0000   0.0000   0.0000   0.2777
  10.500   1.2291   0.06772   0.06083  -0.0415  0.0389  1.0000  -4.8484   0.0000   0.0000   0.0000   0.2727
  11.000   1.1955   0.07543   0.06906  -0.0375  0.0391  1.0000  -4.7529   0.0000   0.0000   0.0000   0.2697
  11.500   1.1578   0.08478   0.07885  -0.0374  0.0396  1.0000  -4.6249   0.0000   0.0000   0.0000   0.2701
  12.000   1.1208   0.09604   0.09044  -0.0412  0.0402  1.0000  -4.4740   0.0000   0.0000   0.0000   0.2739
  12.500   1.0909   0.10863   0.10323  -0.0473  0.0407  1.0000  -4.3256   0.0000   0.0000   0.0000   0.2799


