xflr5 v6.61

 Calculated polar for: NACA4412_6_80

 1 1 Reynolds number fixed          Mach number fixed         

 xtrf =   1.000 (top)        1.000 (bottom)
 Mach =   0.200     Re =     0.025 e 6     Ncrit =   7.000

  alpha     CL        CD       CDp       Cm    Top Xtr Bot Xtr   Cpmin    Chinge    XCp    
 ------- -------- --------- --------- -------- ------- ------- -------- --------- ---------
 -30.000  -0.9999   0.36778   0.35725   0.1250  1.0000  0.0465  -1.7122   0.0000   0.0000   0.0000   0.3514
 -29.500  -0.9859   0.36090   0.35030   0.1204  1.0000  0.0482  -1.6717   0.0000   0.0000   0.0000   0.3494
 -29.000  -0.9716   0.35591   0.34525   0.1153  1.0000  0.0501  -1.6482   0.0000   0.0000   0.0000   0.3470
 -28.500  -0.9571   0.35207   0.34136   0.1099  1.0000  0.0515  -1.6363   0.0000   0.0000   0.0000   0.3441
 -28.000  -0.9424   0.34734   0.33661   0.1047  1.0000  0.0524  -1.6434   0.0000   0.0000   0.0000   0.3413
 -27.500  -0.9270   0.34043   0.32963   0.1002  1.0000  0.0543  -1.6220   0.0000   0.0000   0.0000   0.3391
 -27.000  -0.9117   0.33532   0.32447   0.0953  1.0000  0.0563  -1.6196   0.0000   0.0000   0.0000   0.3364
 -26.500  -0.8964   0.33151   0.32063   0.0900  1.0000  0.0577  -1.6324   0.0000   0.0000   0.0000   0.3332
 -26.000  -0.8805   0.32528   0.31438   0.0854  1.0000  0.0590  -1.6232   0.0000   0.0000   0.0000   0.3304
 -25.500  -0.8641   0.31891   0.30796   0.0809  1.0000  0.0614  -1.6031   0.0000   0.0000   0.0000   0.3278
 -25.000  -0.8481   0.31431   0.30332   0.0760  1.0000  0.0636  -1.6032   0.0000   0.0000   0.0000   0.3246
 -24.500  -0.8322   0.30971   0.29872   0.0711  1.0000  0.0649  -1.6058   0.0000   0.0000   0.0000   0.3211
 -24.000  -0.8149   0.30230   0.29126   0.0671  1.0000  0.0679  -1.5710   0.0000   0.0000   0.0000   0.3186
 -23.500  -0.7989   0.29820   0.28714   0.0622  1.0000  0.0706  -1.5701   0.0000   0.0000   0.0000   0.3148
 -23.000  -0.7816   0.29143   0.28036   0.0580  1.0000  0.0728  -1.5445   0.0000   0.0000   0.0000   0.3117
 -22.500  -0.7646   0.28567   0.27457   0.0538  1.0000  0.0764  -1.5204   0.0000   0.0000   0.0000   0.3084
 -22.000  -0.7493   0.28263   0.27157   0.0488  1.0000  0.0782  -1.5246   0.0000   0.0000   0.0000   0.3038
 -21.500  -0.7303   0.27373   0.26261   0.0454  1.0000  0.0818  -1.4693   0.0000   0.0000   0.0000   0.3013
 -21.000  -0.7144   0.26964   0.25852   0.0409  1.0000  0.0849  -1.4665   0.0000   0.0000   0.0000   0.2969
 -20.500  -0.6961   0.26215   0.25103   0.0372  1.0000  0.0879  -1.4539   0.0000   0.0000   0.0000   0.2936
 -20.000  -0.6796   0.25710   0.24597   0.0331  1.0000  0.0920  -1.4593   0.0000   0.0000   0.0000   0.2893
 -19.500  -0.6621   0.25041   0.23930   0.0294  1.0000  0.0951  -1.4525   0.0000   0.0000   0.0000   0.2854
 -19.000  -0.6461   0.24554   0.23443   0.0255  1.0000  0.1001  -1.4557   0.0000   0.0000   0.0000   0.2809
 -18.500  -0.6279   0.23820   0.22710   0.0222  1.0000  0.1046  -1.4362   0.0000   0.0000   0.0000   0.2771
 -18.000  -0.6150   0.23521   0.22414   0.0180  1.0000  0.1089  -1.4564   0.0000   0.0000   0.0000   0.2714
 -17.500  -0.5952   0.22659   0.21553   0.0153  1.0000  0.1153  -1.4185   0.0000   0.0000   0.0000   0.2681
 -17.000  -0.5790   0.22044   0.20941   0.0120  1.0000  0.1197  -1.4068   0.0000   0.0000   0.0000   0.2634
 -16.500  -0.5654   0.21596   0.20495   0.0085  1.0000  0.1256  -1.4046   0.0000   0.0000   0.0000   0.2581
 -16.000  -0.5469   0.20807   0.19708   0.0059  1.0000  0.1319  -1.3672   0.0000   0.0000   0.0000   0.2542
 -15.500  -0.5322   0.20214   0.19121   0.0029  1.0000  0.1374  -1.3504   0.0000   0.0000   0.0000   0.2491
 -15.000  -0.5222   0.19844   0.18756  -0.0003  1.0000  0.1441  -1.3624   0.0000   0.0000   0.0000   0.2434
 -14.500  -0.5060   0.19126   0.18041  -0.0025  1.0000  0.1530  -1.3606   0.0000   0.0000   0.0000   0.2391
 -14.000  -0.4913   0.18466   0.17385  -0.0048  1.0000  0.1623  -1.3634   0.0000   0.0000   0.0000   0.2346
 -13.500  -0.4778   0.17828   0.16754  -0.0069  1.0000  0.1720  -1.3683   0.0000   0.0000   0.0000   0.2301
 -13.000  -0.4650   0.17203   0.16132  -0.0088  1.0000  0.1821  -1.3733   0.0000   0.0000   0.0000   0.2256
 -12.500  -0.4529   0.16581   0.15517  -0.0106  1.0000  0.1925  -1.3780   0.0000   0.0000   0.0000   0.2213
 -12.000  -0.4423   0.15987   0.14931  -0.0123  1.0000  0.2035  -1.3839   0.0000   0.0000   0.0000   0.2171
 -11.500  -0.4341   0.15440   0.14394  -0.0139  1.0000  0.2151  -1.3934   0.0000   0.0000   0.0000   0.2132
 -11.000  -0.4171   0.14637   0.13599  -0.0146  1.0000  0.2303  -1.3694   0.0000   0.0000   0.0000   0.2101
 -10.500  -0.4105   0.14115   0.13085  -0.0155  1.0000  0.2481  -1.3711   0.0000   0.0000   0.0000   0.2076
 -10.000  -0.3965   0.13396   0.12376  -0.0158  1.0000  0.2683  -1.3463   0.0000   0.0000   0.0000   0.2057
  -9.500  -0.3876   0.12784   0.11777  -0.0159  1.0000  0.2894  -1.3323   0.0000   0.0000   0.0000   0.2047
  -9.000  -0.3801   0.12199   0.11206  -0.0155  1.0000  0.3129  -1.3165   0.0000   0.0000   0.0000   0.2049
  -8.500  -0.3690   0.11551   0.10568  -0.0145  1.0000  0.3419  -1.3101   0.0000   0.0000   0.0000   0.2065
  -8.000  -0.3611   0.10947   0.09981  -0.0126  1.0000  0.3789  -1.3103   0.0000   0.0000   0.0000   0.2111
  -7.500  -0.3603   0.10463   0.09517  -0.0090  1.0000  0.4288  -1.3113   0.0000   0.0000   0.0000   0.2212
  -7.000  -0.3348   0.09619   0.08681  -0.0043  1.0000  0.5114  -1.2653   0.0000   0.0000   0.0000   0.2331
  -6.500  -0.0687   0.06186   0.05139  -0.0326  1.0000  1.0000  -0.9331   0.0000   0.0000   0.0000  -0.2471
  -6.000  -0.0725   0.05949   0.04920  -0.0285  1.0000  0.9874  -0.9505   0.0000   0.0000   0.0000  -0.1643
  -5.500  -0.1655   0.06491   0.05528  -0.0060  1.0000  0.8798  -1.0270   0.0000   0.0000   0.0000   0.2063
  -5.000  -0.2553   0.06894   0.06000   0.0068  1.0000  0.7343  -1.1450   0.0000   0.0000   0.0000   0.2727
  -4.000  -0.2935   0.06385   0.05497  -0.0395  1.0000  0.2143  -1.7031   0.0000   0.0000   0.0000   0.1136
  -3.500  -0.2371   0.05530   0.04583  -0.0493  1.0000  0.1814  -1.7432   0.0000   0.0000   0.0000   0.0401
  -3.000  -0.1794   0.04811   0.03794  -0.0558  1.0000  0.1769  -1.7163   0.0000   0.0000   0.0000  -0.0638
  -2.500  -0.1158   0.04193   0.03078  -0.0613  1.0000  0.1813  -1.6795   0.0000   0.0000   0.0000  -0.2834
  -2.000  -0.0538   0.03727   0.02506  -0.0643  1.0000  0.1994  -1.5673   0.0000   0.0000   0.0000  -0.9518
  -1.500   0.0097   0.03387   0.02052  -0.0663  1.0000  0.2374  -1.4340   0.0000   0.0000   0.0000   7.1353
  -1.000   0.0690   0.03106   0.01727  -0.0669  1.0000  0.3154  -1.2685   0.0000   0.0000   0.0000   1.2234
  -0.500   0.1181   0.02616   0.01476  -0.0641  1.0000  0.6887  -1.1312   0.0000   0.0000   0.0000   0.7945
   0.000   0.1611   0.02678   0.01349  -0.0632  1.0000  1.0000  -0.9643   0.0000   0.0000   0.0000   0.6426
   0.500   0.2023   0.02804   0.01385  -0.0627  1.0000  1.0000  -0.7463   0.0000   0.0000   0.0000   0.5594
   1.000   0.2408   0.02954   0.01475  -0.0623  1.0000  1.0000  -0.5507   0.0000   0.0000   0.0000   0.5076
   1.500   0.2776   0.03129   0.01605  -0.0621  1.0000  1.0000  -0.4720   0.0000   0.0000   0.0000   0.4721
   2.000   0.3128   0.03329   0.01776  -0.0621  1.0000  1.0000  -0.4908   0.0000   0.0000   0.0000   0.4464
   2.500   0.3467   0.03554   0.01981  -0.0622  1.0000  1.0000  -0.5099   0.0000   0.0000   0.0000   0.4270
   3.000   0.4226   0.03893   0.02310  -0.0704  0.9738  1.0000  -0.5570   0.0000   0.0000   0.0000   0.4135
   3.500   0.4946   0.04223   0.02647  -0.0773  0.9432  1.0000  -0.6072   0.0000   0.0000   0.0000   0.4030
   4.000   0.5628   0.04551   0.02994  -0.0831  0.9136  1.0000  -0.6626   0.0000   0.0000   0.0000   0.3940
   4.500   0.6171   0.04868   0.03344  -0.0864  0.8833  1.0000  -0.7605   0.0000   0.0000   0.0000   0.3859
   5.500   0.7231   0.05554   0.04125  -0.0918  0.8219  1.0000  -1.2134   0.0000   0.0000   0.0000   0.3719
   6.000   0.7775   0.05919   0.04559  -0.0941  0.7884  1.0000  -1.5053   0.0000   0.0000   0.0000   0.3655
   6.500   0.8199   0.06297   0.05006  -0.0944  0.7507  1.0000  -1.8212   0.0000   0.0000   0.0000   0.3592
   7.000   0.8828   0.06619   0.05438  -0.0952  0.7018  1.0000  -2.2580   0.0000   0.0000   0.0000   0.3515
   7.500   1.0531   0.04173   0.03026  -0.0581  0.2580  1.0000  -3.4533   0.0000   0.0000   0.0000   0.2979
   8.000   1.0726   0.04847   0.03593  -0.0529  0.1806  1.0000  -3.5454   0.0000   0.0000   0.0000   0.2914
   8.500   1.1218   0.05596   0.04356  -0.0509  0.1436  1.0000  -3.7599   0.0000   0.0000   0.0000   0.2869
   9.000   1.1649   0.06449   0.05292  -0.0494  0.1262  1.0000  -3.9345   0.0000   0.0000   0.0000   0.2834
   9.500   1.1648   0.07346   0.06297  -0.0463  0.1219  1.0000  -3.9118   0.0000   0.0000   0.0000   0.2804
  10.000   1.1477   0.08265   0.07281  -0.0439  0.1197  1.0000  -3.8504   0.0000   0.0000   0.0000   0.2785
  10.500   1.1067   0.09337   0.08400  -0.0444  0.1221  1.0000  -3.6704   0.0000   0.0000   0.0000   0.2800
  11.000   1.0700   0.10629   0.09716  -0.0493  0.1249  1.0000  -3.4700   0.0000   0.0000   0.0000   0.2855
  11.500   1.0229   0.12380   0.11470  -0.0608  0.1326  1.0000  -3.1096   0.0000   0.0000   0.0000   0.2986
  12.000   1.0109   0.13802   0.12886  -0.0678  0.1350  1.0000  -2.9391   0.0000   0.0000   0.0000   0.3058
  12.500   0.9918   0.15327   0.14392  -0.0774  0.1424  1.0000  -2.6807   0.0000   0.0000   0.0000   0.3166
  13.000   0.9853   0.16606   0.15661  -0.0847  0.1493  1.0000  -2.5106   0.0000   0.0000   0.0000   0.3241
  13.500   0.9859   0.17792   0.16842  -0.0912  0.1587  1.0000  -2.3791   0.0000   0.0000   0.0000   0.3301
  14.000   0.9894   0.19025   0.18070  -0.0984  0.1807  1.0000  -2.2347   0.0000   0.0000   0.0000   0.3366
  14.500   0.9809   0.20817   0.19863  -0.1157  0.3217  1.0000  -1.9059   0.0000   0.0000   0.0000   0.3548
  15.000   0.9873   0.21459   0.20503  -0.1195  0.3166  1.0000  -1.8681   0.0000   0.0000   0.0000   0.3573
  15.500   1.0108   0.22579   0.21628  -0.1222  0.3098  1.0000  -1.8735   0.0000   0.0000   0.0000   0.3566
  16.000   1.0245   0.23320   0.22373  -0.1253  0.2977  1.0000  -1.8570   0.0000   0.0000   0.0000   0.3572
  16.500   1.0381   0.24028   0.23078  -0.1285  0.2845  1.0000  -1.8404   0.0000   0.0000   0.0000   0.3580


