xflr5 v6.61

 Calculated polar for: NACA4412_6_80

 1 1 Reynolds number fixed          Mach number fixed         

 xtrf =   1.000 (top)        1.000 (bottom)
 Mach =   0.200     Re =     0.070 e 6     Ncrit =   7.000

  alpha     CL        CD       CDp       Cm    Top Xtr Bot Xtr   Cpmin    Chinge    XCp    
 ------- -------- --------- --------- -------- ------- ------- -------- --------- ---------
 -20.500  -0.6853   0.25592   0.24912   0.0373  1.0000  0.0275  -1.4893   0.0000   0.0000   0.0000   0.2942
 -20.000  -0.6677   0.24968   0.24287   0.0334  1.0000  0.0288  -1.4492   0.0000   0.0000   0.0000   0.2902
 -19.500  -0.6501   0.24369   0.23687   0.0293  1.0000  0.0301  -1.4581   0.0000   0.0000   0.0000   0.2857
 -19.000  -0.6332   0.23853   0.23173   0.0247  1.0000  0.0308  -1.5128   0.0000   0.0000   0.0000   0.2801
 -18.500  -0.6154   0.23109   0.22429   0.0216  1.0000  0.0317  -1.4799   0.0000   0.0000   0.0000   0.2765
 -18.000  -0.5980   0.22466   0.21786   0.0182  1.0000  0.0333  -1.4626   0.0000   0.0000   0.0000   0.2721
 -17.500  -0.5811   0.21868   0.21189   0.0144  1.0000  0.0350  -1.4752   0.0000   0.0000   0.0000   0.2668
 -17.000  -0.5659   0.21362   0.20686   0.0100  1.0000  0.0357  -1.5241   0.0000   0.0000   0.0000   0.2602
 -16.500  -0.5475   0.20574   0.19897   0.0077  1.0000  0.0379  -1.4453   0.0000   0.0000   0.0000   0.2568
 -16.000  -0.5318   0.19988   0.19313   0.0041  1.0000  0.0402  -1.4497   0.0000   0.0000   0.0000   0.2508
 -15.500  -0.5171   0.19391   0.18720   0.0006  1.0000  0.0411  -1.4619   0.0000   0.0000   0.0000   0.2444
 -15.000  -0.5000   0.18669   0.17997  -0.0017  1.0000  0.0433  -1.3962   0.0000   0.0000   0.0000   0.2401
 -14.500  -0.4858   0.18081   0.17411  -0.0050  1.0000  0.0456  -1.3943   0.0000   0.0000   0.0000   0.2335
 -14.000  -0.4727   0.17468   0.16803  -0.0081  1.0000  0.0467  -1.4155   0.0000   0.0000   0.0000   0.2268
 -13.500  -0.4567   0.16759   0.16095  -0.0100  1.0000  0.0494  -1.3932   0.0000   0.0000   0.0000   0.2222
 -13.000  -0.4460   0.16221   0.15561  -0.0134  1.0000  0.0517  -1.4570   0.0000   0.0000   0.0000   0.2144
 -12.500  -0.4314   0.15495   0.14838  -0.0152  1.0000  0.0535  -1.4494   0.0000   0.0000   0.0000   0.2093
 -12.000  -0.4198   0.14900   0.14247  -0.0177  1.0000  0.0572  -1.4737   0.0000   0.0000   0.0000   0.2026
 -11.500  -0.4078   0.14238   0.13590  -0.0196  1.0000  0.0599  -1.4820   0.0000   0.0000   0.0000   0.1967
 -11.000  -0.3994   0.13698   0.13057  -0.0223  1.0000  0.0640  -1.5232   0.0000   0.0000   0.0000   0.1892
 -10.500  -0.3863   0.13000   0.12363  -0.0235  1.0000  0.0669  -1.5048   0.0000   0.0000   0.0000   0.1843
 -10.000  -0.3807   0.12490   0.11862  -0.0262  1.0000  0.0707  -1.5569   0.0000   0.0000   0.0000   0.1766
  -9.500  -0.3681   0.11798   0.11177  -0.0269  1.0000  0.0739  -1.5283   0.0000   0.0000   0.0000   0.1725
  -9.000  -0.3671   0.11348   0.10740  -0.0296  1.0000  0.0779  -1.5963   0.0000   0.0000   0.0000   0.1653
  -8.500  -0.3545   0.10660   0.10061  -0.0293  1.0000  0.0820  -1.5444   0.0000   0.0000   0.0000   0.1636
  -8.000  -0.3647   0.10328   0.09749  -0.0314  1.0000  0.0853  -1.6488   0.0000   0.0000   0.0000   0.1607
  -7.500  -0.3551   0.09677   0.09108  -0.0293  1.0000  0.0912  -1.5767   0.0000   0.0000   0.0000   0.1643
  -7.000  -0.3623   0.09227   0.08678  -0.0276  1.0000  0.0954  -1.5899   0.0000   0.0000   0.0000   0.1711
  -6.500  -0.3728   0.08862   0.08333  -0.0314  1.0000  0.1008  -1.6919   0.0000   0.0000   0.0000   0.1635
  -6.000  -0.3693   0.08313   0.07795  -0.0316  1.0000  0.1088  -1.7015   0.0000   0.0000   0.0000   0.1624
  -5.500  -0.3618   0.07741   0.07230  -0.0330  1.0000  0.1171  -1.7209   0.0000   0.0000   0.0000   0.1572
  -5.000  -0.3473   0.07123   0.06614  -0.0357  1.0000  0.1263  -1.7403   0.0000   0.0000   0.0000   0.1457
  -4.500  -0.3295   0.06492   0.05983  -0.0356  1.0000  0.1366  -1.7024   0.0000   0.0000   0.0000   0.1403
  -4.000  -0.3000   0.05864   0.05343  -0.0395  1.0000  0.1552  -1.6718   0.0000   0.0000   0.0000   0.1170
  -3.000  -0.1520   0.03577   0.02864  -0.0613  1.0000  0.0690  -2.1269   0.0000   0.0000   0.0000  -0.1566
  -2.500  -0.0791   0.02917   0.02061  -0.0662  0.9985  0.0714  -2.0927   0.0000   0.0000   0.0000  -0.5928
  -2.000   0.0121   0.02509   0.01549  -0.0732  0.9871  0.0838  -1.8496   0.0000   0.0000   0.0000   6.3191
  -1.500   0.0984   0.02272   0.01270  -0.0790  0.9730  0.1136  -1.5365   0.0000   0.0000   0.0000   1.0566
  -1.000   0.1805   0.02115   0.01117  -0.0839  0.9566  0.1925  -1.2111   0.0000   0.0000   0.0000   0.7165
  -0.500   0.2580   0.01810   0.01030  -0.0878  0.9402  1.0000  -0.8943   0.0000   0.0000   0.0000   0.5907
   0.000   0.3379   0.01850   0.00995  -0.0924  0.9184  1.0000  -0.5735   0.0000   0.0000   0.0000   0.5231
   0.500   0.4154   0.01876   0.00980  -0.0964  0.8959  1.0000  -0.5582   0.0000   0.0000   0.0000   0.4812
   1.000   0.4914   0.01891   0.00972  -0.0998  0.8735  1.0000  -0.6083   0.0000   0.0000   0.0000   0.4519
   1.500   0.5641   0.01896   0.00965  -0.1022  0.8509  1.0000  -0.6602   0.0000   0.0000   0.0000   0.4296
   2.000   0.6337   0.01895   0.00963  -0.1038  0.8277  1.0000  -0.7142   0.0000   0.0000   0.0000   0.4118
   2.500   0.6962   0.01908   0.00983  -0.1040  0.8018  1.0000  -0.7679   0.0000   0.0000   0.0000   0.3970
   3.000   0.7563   0.01929   0.01014  -0.1037  0.7754  1.0000  -0.8687   0.0000   0.0000   0.0000   0.3843
   3.500   0.8144   0.01962   0.01067  -0.1030  0.7486  1.0000  -1.1370   0.0000   0.0000   0.0000   0.3733
   4.000   0.8708   0.02006   0.01134  -0.1020  0.7216  1.0000  -1.4505   0.0000   0.0000   0.0000   0.3636
   4.500   0.9260   0.02060   0.01223  -0.1008  0.6939  1.0000  -1.8558   0.0000   0.0000   0.0000   0.3547
   5.000   0.9802   0.02118   0.01320  -0.0991  0.6645  1.0000  -2.3370   0.0000   0.0000   0.0000   0.3465
   5.500   1.0252   0.01999   0.01204  -0.0921  0.5803  1.0000  -2.8661   0.0000   0.0000   0.0000   0.3347
   6.000   1.0536   0.02021   0.01208  -0.0842  0.4504  1.0000  -3.2879   0.0000   0.0000   0.0000   0.3241
   6.500   1.0452   0.02565   0.01512  -0.0743  0.1121  1.0000  -3.4080   0.0000   0.0000   0.0000   0.3147
   7.000   1.0619   0.02982   0.01910  -0.0683  0.0775  1.0000  -3.6096   0.0000   0.0000   0.0000   0.3075
   7.500   1.0938   0.03369   0.02304  -0.0639  0.0617  1.0000  -3.9057   0.0000   0.0000   0.0000   0.3010
   8.000   1.1521   0.03886   0.02833  -0.0628  0.0506  1.0000  -4.3017   0.0000   0.0000   0.0000   0.2965
   8.500   1.2002   0.04501   0.03514  -0.0609  0.0443  1.0000  -4.5809   0.0000   0.0000   0.0000   0.2921
   9.000   1.2295   0.05218   0.04325  -0.0570  0.0425  1.0000  -4.6978   0.0000   0.0000   0.0000   0.2872
   9.500   1.2352   0.05993   0.05198  -0.0516  0.0428  1.0000  -4.6836   0.0000   0.0000   0.0000   0.2821
  10.000   1.2202   0.06763   0.06047  -0.0458  0.0432  1.0000  -4.6130   0.0000   0.0000   0.0000   0.2774
  10.500   1.1879   0.07503   0.06843  -0.0405  0.0437  1.0000  -4.5109   0.0000   0.0000   0.0000   0.2735
  11.000   1.1493   0.08387   0.07772  -0.0392  0.0444  1.0000  -4.3771   0.0000   0.0000   0.0000   0.2729
  11.500   1.1115   0.09473   0.08890  -0.0423  0.0453  1.0000  -4.2234   0.0000   0.0000   0.0000   0.2763
  12.000   1.0820   0.10703   0.10139  -0.0479  0.0461  1.0000  -4.0789   0.0000   0.0000   0.0000   0.2819
  12.500   1.0221   0.12974   0.12427  -0.0655  0.0504  1.0000  -3.4439   0.0000   0.0000   0.0000   0.3015


