xflr5 v6.61

 Calculated polar for: NACA4412_7_50

 1 1 Reynolds number fixed          Mach number fixed         

 xtrf =   1.000 (top)        1.000 (bottom)
 Mach =   0.200     Re =     0.060 e 6     Ncrit =   9.000

  alpha     CL        CD       CDp       Cm    Top Xtr Bot Xtr   Cpmin    Chinge    XCp    
 ------- -------- --------- --------- -------- ------- ------- -------- --------- ---------
 -18.500  -0.5999   0.23027   0.22290   0.0175  1.0000  0.0486  -1.4469   0.0000   0.0000   0.0000   0.2694
 -18.000  -0.5833   0.22462   0.21726   0.0137  1.0000  0.0512  -1.4481   0.0000   0.0000   0.0000   0.2640
 -17.500  -0.5678   0.21918   0.21186   0.0097  1.0000  0.0523  -1.4643   0.0000   0.0000   0.0000   0.2579
 -17.000  -0.5494   0.21165   0.20433   0.0071  1.0000  0.0551  -1.4070   0.0000   0.0000   0.0000   0.2541
 -16.500  -0.5344   0.20641   0.19909   0.0033  1.0000  0.0576  -1.4148   0.0000   0.0000   0.0000   0.2476
 -16.000  -0.5178   0.19939   0.19211   0.0004  1.0000  0.0594  -1.3819   0.0000   0.0000   0.0000   0.2425
 -15.500  -0.5017   0.19306   0.18579  -0.0025  1.0000  0.0628  -1.3617   0.0000   0.0000   0.0000   0.2371
 -15.000  -0.4912   0.18884   0.18163  -0.0066  1.0000  0.0646  -1.4319   0.0000   0.0000   0.0000   0.2290
 -14.500  -0.4718   0.18041   0.17319  -0.0081  1.0000  0.0688  -1.3850   0.0000   0.0000   0.0000   0.2253
 -14.000  -0.4613   0.17533   0.16817  -0.0116  1.0000  0.0716  -1.4354   0.0000   0.0000   0.0000   0.2177
 -13.500  -0.4450   0.16817   0.16102  -0.0134  1.0000  0.0766  -1.4099   0.0000   0.0000   0.0000   0.2128
 -13.000  -0.4333   0.16202   0.15492  -0.0160  1.0000  0.0794  -1.4309   0.0000   0.0000   0.0000   0.2062
 -12.500  -0.4208   0.15591   0.14884  -0.0182  1.0000  0.0843  -1.4305   0.0000   0.0000   0.0000   0.2002
 -12.000  -0.4084   0.14924   0.14223  -0.0201  1.0000  0.0876  -1.4289   0.0000   0.0000   0.0000   0.1943
 -11.500  -0.4017   0.14432   0.13737  -0.0228  1.0000  0.0925  -1.4606   0.0000   0.0000   0.0000   0.1870
 -11.000  -0.3864   0.13684   0.12994  -0.0238  1.0000  0.0974  -1.4209   0.0000   0.0000   0.0000   0.1825
 -10.500  -0.3812   0.13154   0.12473  -0.0262  1.0000  0.1018  -1.4504   0.0000   0.0000   0.0000   0.1757
 -10.000  -0.3761   0.12657   0.11984  -0.0281  1.0000  0.1087  -1.4622   0.0000   0.0000   0.0000   0.1699
  -9.750  -0.3644   0.12195   0.11524  -0.0275  1.0000  0.1126  -1.4048   0.0000   0.0000   0.0000   0.1691
  -9.500  -0.3651   0.12001   0.11337  -0.0287  1.0000  0.1165  -1.4271   0.0000   0.0000   0.0000   0.1662
  -9.250  -0.3593   0.11648   0.10989  -0.0288  1.0000  0.1194  -1.4262   0.0000   0.0000   0.0000   0.1646
  -9.000  -0.3557   0.11375   0.10721  -0.0291  1.0000  0.1240  -1.4306   0.0000   0.0000   0.0000   0.1632
  -8.750  -0.3656   0.11309   0.10667  -0.0309  1.0000  0.1260  -1.4999   0.0000   0.0000   0.0000   0.1610
  -8.500  -0.3496   0.10797   0.10156  -0.0293  1.0000  0.1308  -1.4440   0.0000   0.0000   0.0000   0.1614
  -8.250  -0.3568   0.10671   0.10041  -0.0302  1.0000  0.1344  -1.4908   0.0000   0.0000   0.0000   0.1611
  -8.000  -0.3494   0.10291   0.09666  -0.0293  1.0000  0.1379  -1.4713   0.0000   0.0000   0.0000   0.1619
  -7.750  -0.3525   0.10097   0.09481  -0.0290  1.0000  0.1426  -1.4890   0.0000   0.0000   0.0000   0.1638
  -7.500  -0.3715   0.10083   0.09485  -0.0288  1.0000  0.1441  -1.5585   0.0000   0.0000   0.0000   0.1689
  -7.250  -0.3552   0.09604   0.09004  -0.0270  1.0000  0.1503  -1.4984   0.0000   0.0000   0.0000   0.1704
  -7.000  -0.3724   0.09547   0.08965  -0.0268  1.0000  0.1532  -1.5574   0.0000   0.0000   0.0000   0.1749
  -6.750  -0.3651   0.09175   0.08597  -0.0246  1.0000  0.1578  -1.5216   0.0000   0.0000   0.0000   0.1796
  -6.500  -0.3759   0.09051   0.08486  -0.0256  1.0000  0.1627  -1.5682   0.0000   0.0000   0.0000   0.1792
  -6.250  -0.3713   0.08719   0.08159  -0.0231  1.0000  0.1684  -1.5360   0.0000   0.0000   0.0000   0.1851
  -5.750  -0.3778   0.08285   0.07742  -0.0235  1.0000  0.1821  -1.5626   0.0000   0.0000   0.0000   0.1857
  -5.500  -0.3759   0.07998   0.07461  -0.0217  1.0000  0.1893  -1.5421   0.0000   0.0000   0.0000   0.1900
  -5.250  -0.3756   0.07739   0.07207  -0.0220  1.0000  0.1973  -1.5442   0.0000   0.0000   0.0000   0.1895
  -5.000  -0.3734   0.07477   0.06949  -0.0227  1.0000  0.2068  -1.5444   0.0000   0.0000   0.0000   0.1873
  -4.750  -0.3689   0.07204   0.06679  -0.0233  1.0000  0.2173  -1.5356   0.0000   0.0000   0.0000   0.1850
  -4.500  -0.3627   0.06921   0.06398  -0.0234  1.0000  0.2287  -1.5153   0.0000   0.0000   0.0000   0.1839
  -4.250  -0.3555   0.06636   0.06115  -0.0229  1.0000  0.2413  -1.4860   0.0000   0.0000   0.0000   0.1838
  -4.000  -0.3466   0.06361   0.05838  -0.0229  1.0000  0.2569  -1.4535   0.0000   0.0000   0.0000   0.1823
  -2.750  -0.1714   0.04006   0.03301  -0.0559  1.0000  0.1504  -1.6791   0.0000   0.0000   0.0000  -0.0788
  -2.500  -0.1282   0.03547   0.02754  -0.0602  1.0000  0.1339  -1.7428   0.0000   0.0000   0.0000  -0.2236
  -2.250  -0.0963   0.03264   0.02423  -0.0617  1.0000  0.1308  -1.7122   0.0000   0.0000   0.0000  -0.3962
  -2.000  -0.0646   0.03041   0.02134  -0.0629  1.0000  0.1338  -1.6742   0.0000   0.0000   0.0000  -0.7312
  -1.750  -0.0374   0.02884   0.01945  -0.0633  1.0000  0.1400  -1.6205   0.0000   0.0000   0.0000  -1.4536
  -1.500  -0.0109   0.02765   0.01792  -0.0635  1.0000  0.1508  -1.5555   0.0000   0.0000   0.0000  -5.6208
  -1.250   0.0150   0.02668   0.01667  -0.0635  1.0000  0.1644  -1.4802   0.0000   0.0000   0.0000   4.5124
  -1.000   0.0390   0.02603   0.01590  -0.0634  1.0000  0.1841  -1.3872   0.0000   0.0000   0.0000   1.8839
  -0.750   0.0618   0.02552   0.01542  -0.0632  1.0000  0.2112  -1.2973   0.0000   0.0000   0.0000   1.2758
  -0.500   0.1005   0.02503   0.01498  -0.0655  0.9954  0.2679  -1.1779   0.0000   0.0000   0.0000   0.9039
  -0.250   0.1526   0.02352   0.01444  -0.0702  0.9885  0.4571  -1.0224   0.0000   0.0000   0.0000   0.7107
   0.000   0.1964   0.02261   0.01415  -0.0728  0.9753  1.0000  -0.8802   0.0000   0.0000   0.0000   0.6211
   0.250   0.2436   0.02343   0.01453  -0.0773  0.9618  1.0000  -0.7127   0.0000   0.0000   0.0000   0.5668
   0.500   0.2880   0.02418   0.01497  -0.0811  0.9479  1.0000  -0.5635   0.0000   0.0000   0.0000   0.5310
   0.750   0.3337   0.02488   0.01542  -0.0851  0.9348  1.0000  -0.5196   0.0000   0.0000   0.0000   0.5040
   1.000   0.3701   0.02550   0.01588  -0.0874  0.9198  1.0000  -0.5415   0.0000   0.0000   0.0000   0.4849
   1.250   0.4098   0.02609   0.01634  -0.0901  0.9060  1.0000  -0.5663   0.0000   0.0000   0.0000   0.4684
   1.500   0.4493   0.02665   0.01680  -0.0926  0.8927  1.0000  -0.5921   0.0000   0.0000   0.0000   0.4545
   1.750   0.4880   0.02717   0.01725  -0.0949  0.8798  1.0000  -0.6184   0.0000   0.0000   0.0000   0.4426
   2.000   0.5251   0.02766   0.01771  -0.0968  0.8669  1.0000  -0.6449   0.0000   0.0000   0.0000   0.4324
   2.250   0.5607   0.02815   0.01819  -0.0984  0.8542  1.0000  -0.6714   0.0000   0.0000   0.0000   0.4233
   2.500   0.5947   0.02863   0.01869  -0.0997  0.8415  1.0000  -0.6981   0.0000   0.0000   0.0000   0.4152
   2.750   0.6272   0.02913   0.01922  -0.1006  0.8288  1.0000  -0.7250   0.0000   0.0000   0.0000   0.4078
   3.000   0.6583   0.02965   0.01981  -0.1013  0.8161  1.0000  -0.7528   0.0000   0.0000   0.0000   0.4011
   3.250   0.6884   0.03020   0.02042  -0.1018  0.8036  1.0000  -0.7816   0.0000   0.0000   0.0000   0.3948
   3.500   0.7178   0.03077   0.02107  -0.1021  0.7911  1.0000  -0.8129   0.0000   0.0000   0.0000   0.3890
   3.750   0.7474   0.03133   0.02173  -0.1024  0.7789  1.0000  -0.9042   0.0000   0.0000   0.0000   0.3835
   4.000   0.7777   0.03183   0.02238  -0.1027  0.7669  1.0000  -1.0201   0.0000   0.0000   0.0000   0.3783
   4.250   0.8110   0.03215   0.02285  -0.1031  0.7556  1.0000  -1.1622   0.0000   0.0000   0.0000   0.3731
   4.500   0.8512   0.03207   0.02296  -0.1039  0.7454  1.0000  -1.3415   0.0000   0.0000   0.0000   0.3680
   4.750   0.8768   0.03266   0.02375  -0.1033  0.7321  1.0000  -1.4872   0.0000   0.0000   0.0000   0.3634
   5.000   0.9033   0.03318   0.02447  -0.1026  0.7185  1.0000  -1.6484   0.0000   0.0000   0.0000   0.3589
   5.250   0.9313   0.03357   0.02508  -0.1018  0.7047  1.0000  -1.8310   0.0000   0.0000   0.0000   0.3545
   5.500   0.9619   0.03370   0.02549  -0.1011  0.6904  1.0000  -2.0507   0.0000   0.0000   0.0000   0.3500
   5.750   1.0002   0.03307   0.02517  -0.1003  0.6748  1.0000  -2.3194   0.0000   0.0000   0.0000   0.3449
   6.000   1.0508   0.02931   0.02168  -0.0967  0.6385  1.0000  -2.6847   0.0000   0.0000   0.0000   0.3363
   6.250   1.0939   0.02541   0.01783  -0.0915  0.5844  1.0000  -3.0713   0.0000   0.0000   0.0000   0.3276
   6.500   1.1119   0.02423   0.01673  -0.0863  0.5307  1.0000  -3.3049   0.0000   0.0000   0.0000   0.3212
   6.750   1.1131   0.02368   0.01605  -0.0789  0.4362  1.0000  -3.4289   0.0000   0.0000   0.0000   0.3140
   7.000   1.0928   0.02587   0.01674  -0.0704  0.2362  1.0000  -3.4125   0.0000   0.0000   0.0000   0.3071
   7.250   1.0854   0.02930   0.01921  -0.0657  0.1650  1.0000  -3.4229   0.0000   0.0000   0.0000   0.3030
   7.500   1.0913   0.03190   0.02147  -0.0623  0.1364  1.0000  -3.4907   0.0000   0.0000   0.0000   0.2993
   7.750   1.1091   0.03430   0.02367  -0.0603  0.1165  1.0000  -3.6054   0.0000   0.0000   0.0000   0.2962
   8.000   1.1464   0.03712   0.02623  -0.0604  0.1008  1.0000  -3.7732   0.0000   0.0000   0.0000   0.2943
   8.250   1.1858   0.04031   0.02958  -0.0608  0.0914  1.0000  -3.9328   0.0000   0.0000   0.0000   0.2926
   8.500   1.2196   0.04388   0.03326  -0.0609  0.0850  1.0000  -4.1123   0.0000   0.0000   0.0000   0.2910
   8.750   1.2377   0.04705   0.03702  -0.0590  0.0811  1.0000  -4.1998   0.0000   0.0000   0.0000   0.2884
   9.000   1.2576   0.05094   0.04132  -0.0575  0.0797  1.0000  -4.2832   0.0000   0.0000   0.0000   0.2862
   9.250   1.2700   0.05496   0.04582  -0.0553  0.0794  1.0000  -4.3270   0.0000   0.0000   0.0000   0.2838
   9.500   1.2834   0.05942   0.05051  -0.0539  0.0781  1.0000  -4.4036   0.0000   0.0000   0.0000   0.2819
   9.750   1.2813   0.06329   0.05490  -0.0508  0.0779  1.0000  -4.3962   0.0000   0.0000   0.0000   0.2793
  10.000   1.2766   0.06732   0.05937  -0.0479  0.0778  1.0000  -4.3833   0.0000   0.0000   0.0000   0.2770
  10.250   1.2716   0.07160   0.06398  -0.0454  0.0781  1.0000  -4.3729   0.0000   0.0000   0.0000   0.2749
  10.500   1.2333   0.07475   0.06776  -0.0406  0.0805  1.0000  -4.2058   0.0000   0.0000   0.0000   0.2719
  10.750   1.2090   0.07883   0.07211  -0.0380  0.0818  1.0000  -4.1237   0.0000   0.0000   0.0000   0.2702
  11.000   1.1864   0.08337   0.07687  -0.0369  0.0830  1.0000  -4.0500   0.0000   0.0000   0.0000   0.2696
  11.250   1.1666   0.08842   0.08208  -0.0370  0.0840  1.0000  -3.9840   0.0000   0.0000   0.0000   0.2699
  11.500   1.1521   0.09386   0.08763  -0.0377  0.0850  1.0000  -3.9340   0.0000   0.0000   0.0000   0.2706
  11.750   1.0938   0.10340   0.09745  -0.0445  0.0906  1.0000  -3.6097   0.0000   0.0000   0.0000   0.2784
  12.000   1.0816   0.11036   0.10445  -0.0474  0.0924  1.0000  -3.5329   0.0000   0.0000   0.0000   0.2813
  12.250   1.0381   0.12416   0.11825  -0.0583  0.0999  1.0000  -3.1665   0.0000   0.0000   0.0000   0.2936
  12.500   1.0053   0.13936   0.13336  -0.0698  0.1112  1.0000  -2.7711   0.0000   0.0000   0.0000   0.3070
  13.000   0.7504   0.15454   0.14884  -0.0735  0.2354  1.0000  -1.5306   0.0000   0.0000   0.0000   0.3377
  13.500   0.7536   0.16171   0.15606  -0.0752  0.2279  1.0000  -1.4901   0.0000   0.0000   0.0000   0.3391
  13.750   0.9786   0.18570   0.17955  -0.0977  0.2153  1.0000  -1.9958   0.0000   0.0000   0.0000   0.3371
  14.000   0.7471   0.16763   0.16199  -0.0778  0.2192  1.0000  -1.4283   0.0000   0.0000   0.0000   0.3430
  14.250   0.9796   0.19322   0.18702  -0.1016  0.2038  1.0000  -1.9577   0.0000   0.0000   0.0000   0.3403
  14.500   0.7581   0.17485   0.16926  -0.0789  0.2057  1.0000  -1.4490   0.0000   0.0000   0.0000   0.3424
  14.750   0.9815   0.20004   0.19381  -0.1058  0.1903  1.0000  -1.9174   0.0000   0.0000   0.0000   0.3438
  15.000   0.7667   0.18227   0.17671  -0.0804  0.1936  1.0000  -1.4543   0.0000   0.0000   0.0000   0.3427
  15.500   0.7685   0.18846   0.18294  -0.0827  0.1831  1.0000  -1.4274   0.0000   0.0000   0.0000   0.3449
  16.000   0.7690   0.19428   0.18878  -0.0852  0.1724  1.0000  -1.3912   0.0000   0.0000   0.0000   0.3476
  16.500   0.7695   0.19994   0.19446  -0.0879  0.1604  1.0000  -1.3511   0.0000   0.0000   0.0000   0.3505
  17.000   0.7746   0.20631   0.20086  -0.0903  0.1490  1.0000  -1.3276   0.0000   0.0000   0.0000   0.3522
  17.500   0.7805   0.21305   0.20763  -0.0927  0.1403  1.0000  -1.3008   0.0000   0.0000   0.0000   0.3538
  18.000   0.7871   0.21997   0.21460  -0.0951  0.1323  1.0000  -1.2941   0.0000   0.0000   0.0000   0.3553
  18.500   0.7947   0.22711   0.22178  -0.0974  0.1245  1.0000  -1.3069   0.0000   0.0000   0.0000   0.3563
  19.000   0.8016   0.23416   0.22887  -0.0999  0.1162  1.0000  -1.3132   0.0000   0.0000   0.0000   0.3576
  19.500   0.8092   0.24143   0.23617  -0.1022  0.1083  1.0000  -1.3210   0.0000   0.0000   0.0000   0.3587
  20.000   0.8192   0.24933   0.24415  -0.1043  0.1010  1.0000  -1.3418   0.0000   0.0000   0.0000   0.3589


