xflr5 v6.61

 Calculated polar for: NACA4412_8_00

 1 1 Reynolds number fixed          Mach number fixed         

 xtrf =   1.000 (top)        1.000 (bottom)
 Mach =   0.200     Re =     0.070 e 6     Ncrit =   7.000

  alpha     CL        CD       CDp       Cm    Top Xtr Bot Xtr   Cpmin    Chinge    XCp    
 ------- -------- --------- --------- -------- ------- ------- -------- --------- ---------
 -23.000  -0.7417   0.28246   0.27557   0.0502  1.0000  0.0273  -1.5578   0.0000   0.0000   0.0000   0.3022
 -22.500  -0.7244   0.27646   0.26956   0.0461  1.0000  0.0285  -1.5203   0.0000   0.0000   0.0000   0.2986
 -22.000  -0.7071   0.27062   0.26371   0.0418  1.0000  0.0297  -1.4967   0.0000   0.0000   0.0000   0.2947
 -21.500  -0.6898   0.26525   0.25833   0.0372  1.0000  0.0306  -1.5225   0.0000   0.0000   0.0000   0.2900
 -21.000  -0.6727   0.25930   0.25240   0.0329  1.0000  0.0311  -1.5426   0.0000   0.0000   0.0000   0.2856
 -20.500  -0.6548   0.25239   0.24547   0.0295  1.0000  0.0324  -1.4992   0.0000   0.0000   0.0000   0.2822
 -20.000  -0.6372   0.24630   0.23938   0.0256  1.0000  0.0339  -1.4913   0.0000   0.0000   0.0000   0.2778
 -19.500  -0.6202   0.24079   0.23388   0.0213  1.0000  0.0353  -1.5157   0.0000   0.0000   0.0000   0.2724
 -19.000  -0.6030   0.23426   0.22736   0.0177  1.0000  0.0363  -1.5024   0.0000   0.0000   0.0000   0.2678
 -18.500  -0.5853   0.22780   0.22090   0.0144  1.0000  0.0385  -1.4622   0.0000   0.0000   0.0000   0.2634
 -18.000  -0.5688   0.22212   0.21523   0.0104  1.0000  0.0403  -1.4698   0.0000   0.0000   0.0000   0.2575
 -17.500  -0.5532   0.21639   0.20953   0.0065  1.0000  0.0410  -1.4827   0.0000   0.0000   0.0000   0.2513
 -17.000  -0.5350   0.20911   0.20224   0.0039  1.0000  0.0430  -1.4123   0.0000   0.0000   0.0000   0.2473
 -16.500  -0.5190   0.20309   0.19623   0.0005  1.0000  0.0452  -1.4048   0.0000   0.0000   0.0000   0.2412
 -16.000  -0.5069   0.19863   0.19181  -0.0039  1.0000  0.0462  -1.4907   0.0000   0.0000   0.0000   0.2330
 -15.500  -0.4873   0.19024   0.18343  -0.0055  1.0000  0.0484  -1.4262   0.0000   0.0000   0.0000   0.2295
 -15.000  -0.4731   0.18438   0.17760  -0.0087  1.0000  0.0512  -1.4522   0.0000   0.0000   0.0000   0.2227
 -14.500  -0.4588   0.17788   0.17112  -0.0114  1.0000  0.0531  -1.4635   0.0000   0.0000   0.0000   0.2164
 -14.000  -0.4445   0.17170   0.16497  -0.0140  1.0000  0.0569  -1.4591   0.0000   0.0000   0.0000   0.2101
 -13.500  -0.4336   0.16584   0.15917  -0.0170  1.0000  0.0586  -1.4990   0.0000   0.0000   0.0000   0.2025
 -13.000  -0.4180   0.15889   0.15223  -0.0186  1.0000  0.0620  -1.4594   0.0000   0.0000   0.0000   0.1974
 -12.500  -0.4124   0.15427   0.14767  -0.0223  1.0000  0.0644  -1.5333   0.0000   0.0000   0.0000   0.1883
 -12.000  -0.3947   0.14633   0.13976  -0.0230  1.0000  0.0674  -1.4632   0.0000   0.0000   0.0000   0.1841
 -11.500  -0.3892   0.14128   0.13477  -0.0260  1.0000  0.0708  -1.5124   0.0000   0.0000   0.0000   0.1759
 -11.000  -0.3745   0.13400   0.12754  -0.0268  1.0000  0.0739  -1.4591   0.0000   0.0000   0.0000   0.1712
 -10.500  -0.3734   0.12948   0.12313  -0.0300  1.0000  0.0780  -1.5256   0.0000   0.0000   0.0000   0.1630
 -10.000  -0.3587   0.12237   0.11606  -0.0302  1.0000  0.0839  -1.4901   0.0000   0.0000   0.0000   0.1594
  -9.500  -0.3513   0.11634   0.11013  -0.0312  1.0000  0.0878  -1.5093   0.0000   0.0000   0.0000   0.1549
  -9.000  -0.3539   0.11192   0.10585  -0.0333  1.0000  0.0927  -1.5821   0.0000   0.0000   0.0000   0.1502
  -8.500  -0.3425   0.10528   0.09931  -0.0324  1.0000  0.0972  -1.5465   0.0000   0.0000   0.0000   0.1500
  -8.000  -0.3614   0.10233   0.09659  -0.0338  1.0000  0.1008  -1.6701   0.0000   0.0000   0.0000   0.1519
  -7.500  -0.3508   0.09584   0.09021  -0.0309  1.0000  0.1068  -1.6031   0.0000   0.0000   0.0000   0.1576
  -7.000  -0.3730   0.09240   0.08702  -0.0294  1.0000  0.1097  -1.6867   0.0000   0.0000   0.0000   0.1677
  -6.500  -0.3792   0.08780   0.08257  -0.0282  1.0000  0.1166  -1.6955   0.0000   0.0000   0.0000   0.1726
  -6.000  -0.3819   0.08273   0.07761  -0.0267  1.0000  0.1243  -1.6849   0.0000   0.0000   0.0000   0.1773
  -5.500  -0.3819   0.07748   0.07245  -0.0278  1.0000  0.1336  -1.6960   0.0000   0.0000   0.0000   0.1748
  -4.000  -0.2959   0.05113   0.04539  -0.0473  1.0000  0.0878  -2.0098   0.0000   0.0000   0.0000   0.0877
  -3.500  -0.2226   0.03988   0.03310  -0.0578  0.9967  0.0754  -2.1788   0.0000   0.0000   0.0000  -0.0134
  -3.000  -0.1267   0.03119   0.02271  -0.0682  0.9869  0.0775  -2.1659   0.0000   0.0000   0.0000  -0.2945
  -2.500  -0.0404   0.02711   0.01769  -0.0746  0.9738  0.0902  -1.9334   0.0000   0.0000   0.0000  -1.6123
  -2.000   0.0420   0.02456   0.01458  -0.0796  0.9586  0.1139  -1.6515   0.0000   0.0000   0.0000   2.1597
  -1.500   0.1216   0.02293   0.01286  -0.0840  0.9420  0.1638  -1.3650   0.0000   0.0000   0.0000   0.9446
  -1.000   0.2026   0.02154   0.01187  -0.0887  0.9255  0.2864  -1.0485   0.0000   0.0000   0.0000   0.6895
  -0.500   0.2773   0.01910   0.01118  -0.0914  0.9073  1.0000  -0.7653   0.0000   0.0000   0.0000   0.5801
   0.000   0.3548   0.01931   0.01079  -0.0952  0.8864  1.0000  -0.5572   0.0000   0.0000   0.0000   0.5179
   0.500   0.4337   0.01935   0.01045  -0.0989  0.8668  1.0000  -0.6086   0.0000   0.0000   0.0000   0.4772
   1.000   0.5008   0.01946   0.01034  -0.1003  0.8434  1.0000  -0.6558   0.0000   0.0000   0.0000   0.4490
   1.500   0.5662   0.01955   0.01029  -0.1013  0.8200  1.0000  -0.7049   0.0000   0.0000   0.0000   0.4271
   2.000   0.6325   0.01957   0.01025  -0.1021  0.7978  1.0000  -0.7585   0.0000   0.0000   0.0000   0.4093
   2.500   0.6954   0.01967   0.01035  -0.1023  0.7745  1.0000  -0.8142   0.0000   0.0000   0.0000   0.3946
   3.000   0.7524   0.02001   0.01072  -0.1017  0.7493  1.0000  -0.8713   0.0000   0.0000   0.0000   0.3821
   3.500   0.8096   0.02039   0.01122  -0.1010  0.7251  1.0000  -1.0010   0.0000   0.0000   0.0000   0.3712
   4.000   0.8697   0.02069   0.01163  -0.1005  0.7024  1.0000  -1.2536   0.0000   0.0000   0.0000   0.3616
   4.500   0.9213   0.02138   0.01256  -0.0990  0.6763  1.0000  -1.5294   0.0000   0.0000   0.0000   0.3530
   5.000   0.9736   0.02208   0.01351  -0.0974  0.6501  1.0000  -1.8378   0.0000   0.0000   0.0000   0.3451
   5.500   1.0261   0.02267   0.01444  -0.0954  0.6213  1.0000  -2.2227   0.0000   0.0000   0.0000   0.3375
   6.000   1.0750   0.02212   0.01402  -0.0909  0.5664  1.0000  -2.6570   0.0000   0.0000   0.0000   0.3285
   6.500   1.1107   0.02193   0.01388  -0.0846  0.4907  1.0000  -3.0503   0.0000   0.0000   0.0000   0.3194
   7.000   1.1308   0.02269   0.01455  -0.0767  0.3666  1.0000  -3.3976   0.0000   0.0000   0.0000   0.3104
   7.500   1.1148   0.02778   0.01778  -0.0666  0.1359  1.0000  -3.5165   0.0000   0.0000   0.0000   0.3017
   8.000   1.1169   0.03208   0.02177  -0.0593  0.0955  1.0000  -3.6878   0.0000   0.0000   0.0000   0.2945
   8.500   1.1324   0.03592   0.02554  -0.0537  0.0771  1.0000  -3.9192   0.0000   0.0000   0.0000   0.2882
   9.000   1.1792   0.04006   0.02974  -0.0515  0.0625  1.0000  -4.2500   0.0000   0.0000   0.0000   0.2838
   9.500   1.2416   0.04571   0.03565  -0.0518  0.0527  1.0000  -4.6705   0.0000   0.0000   0.0000   0.2812
  10.000   1.2743   0.05253   0.04336  -0.0487  0.0491  1.0000  -4.8742   0.0000   0.0000   0.0000   0.2771
  10.500   1.2887   0.05919   0.05054  -0.0449  0.0459  1.0000  -5.0737   0.0000   0.0000   0.0000   0.2731
  11.000   1.2637   0.06562   0.05779  -0.0379  0.0448  1.0000  -5.0297   0.0000   0.0000   0.0000   0.2677
  11.500   1.2321   0.07316   0.06596  -0.0337  0.0444  1.0000  -4.9583   0.0000   0.0000   0.0000   0.2644
  12.000   1.1947   0.08231   0.07563  -0.0328  0.0446  1.0000  -4.8417   0.0000   0.0000   0.0000   0.2639
  12.500   1.1541   0.09341   0.08716  -0.0358  0.0451  1.0000  -4.6814   0.0000   0.0000   0.0000   0.2667
  13.000   1.1148   0.10651   0.10056  -0.0421  0.0457  1.0000  -4.4856   0.0000   0.0000   0.0000   0.2728


