xflr5 v6.61

 Calculated polar for: NACA4412_7_70

 1 1 Reynolds number fixed          Mach number fixed         

 xtrf =   1.000 (top)        1.000 (bottom)
 Mach =   0.200     Re =     0.125 e 6     Ncrit =   9.000

  alpha     CL        CD       CDp       Cm    Top Xtr Bot Xtr   Cpmin    Chinge    XCp    
 ------- -------- --------- --------- -------- ------- ------- -------- --------- ---------
 -19.000  -0.6068   0.23326   0.22808   0.0194  1.0000  0.0231  -1.4967   0.0000   0.0000   0.0000   0.2710
 -18.500  -0.5895   0.22697   0.22178   0.0159  1.0000  0.0242  -1.4716   0.0000   0.0000   0.0000   0.2664
 -18.000  -0.5723   0.22070   0.21552   0.0122  1.0000  0.0254  -1.4672   0.0000   0.0000   0.0000   0.2611
 -17.500  -0.5560   0.21502   0.20985   0.0080  1.0000  0.0262  -1.5082   0.0000   0.0000   0.0000   0.2545
 -17.000  -0.5395   0.20826   0.20311   0.0047  1.0000  0.0267  -1.4907   0.0000   0.0000   0.0000   0.2491
 -16.500  -0.5224   0.20147   0.19631   0.0021  1.0000  0.0279  -1.4142   0.0000   0.0000   0.0000   0.2447
 -16.000  -0.5063   0.19514   0.18999  -0.0011  1.0000  0.0296  -1.3863   0.0000   0.0000   0.0000   0.2388
 -15.500  -0.4938   0.19027   0.18515  -0.0057  1.0000  0.0308  -1.4815   0.0000   0.0000   0.0000   0.2298
 -15.000  -0.4758   0.18222   0.17711  -0.0072  1.0000  0.0322  -1.4050   0.0000   0.0000   0.0000   0.2265
 -14.500  -0.4609   0.17584   0.17074  -0.0099  1.0000  0.0341  -1.4161   0.0000   0.0000   0.0000   0.2203
 -14.000  -0.4495   0.17035   0.16528  -0.0138  1.0000  0.0355  -1.5160   0.0000   0.0000   0.0000   0.2114
 -13.500  -0.4343   0.16294   0.15790  -0.0155  1.0000  0.0365  -1.4899   0.0000   0.0000   0.0000   0.2065
 -13.000  -0.4204   0.15648   0.15146  -0.0176  1.0000  0.0386  -1.4751   0.0000   0.0000   0.0000   0.2006
 -12.500  -0.4111   0.15084   0.14585  -0.0210  1.0000  0.0405  -1.5576   0.0000   0.0000   0.0000   0.1916
 -12.000  -0.3980   0.14372   0.13877  -0.0226  1.0000  0.0417  -1.5406   0.0000   0.0000   0.0000   0.1861
 -11.500  -0.3856   0.13738   0.13246  -0.0242  1.0000  0.0443  -1.5167   0.0000   0.0000   0.0000   0.1803
 -11.000  -0.3854   0.13297   0.12813  -0.0287  1.0000  0.0462  -1.6708   0.0000   0.0000   0.0000   0.1690
 -10.500  -0.3659   0.12498   0.12017  -0.0279  1.0000  0.0497  -1.5282   0.0000   0.0000   0.0000   0.1673
 -10.000  -0.3681   0.12056   0.11585  -0.0321  1.0000  0.0519  -1.6729   0.0000   0.0000   0.0000   0.1569
  -9.750  -0.3563   0.11599   0.11128  -0.0309  1.0000  0.0530  -1.5790   0.0000   0.0000   0.0000   0.1573
  -9.500  -0.3503   0.11292   0.10824  -0.0309  1.0000  0.0546  -1.5426   0.0000   0.0000   0.0000   0.1559
  -9.250  -0.3475   0.11015   0.10550  -0.0316  1.0000  0.0563  -1.5478   0.0000   0.0000   0.0000   0.1534
  -9.000  -0.3506   0.10800   0.10342  -0.0333  1.0000  0.0577  -1.6189   0.0000   0.0000   0.0000   0.1495
  -8.750  -0.3599   0.10647   0.10199  -0.0356  1.0000  0.0581  -1.7344   0.0000   0.0000   0.0000   0.1460
  -8.500  -0.3425   0.10169   0.09720  -0.0328  1.0000  0.0598  -1.5904   0.0000   0.0000   0.0000   0.1491
  -8.250  -0.3405   0.09907   0.09463  -0.0326  1.0000  0.0617  -1.5916   0.0000   0.0000   0.0000   0.1493
  -8.000  -0.3444   0.09690   0.09254  -0.0330  1.0000  0.0635  -1.6394   0.0000   0.0000   0.0000   0.1496
  -7.750  -0.3581   0.09560   0.09135  -0.0333  1.0000  0.0642  -1.7364   0.0000   0.0000   0.0000   0.1529
  -7.500  -0.3766   0.09464   0.09052  -0.0324  1.0000  0.0644  -1.8284   0.0000   0.0000   0.0000   0.1604
  -7.250  -0.3581   0.09019   0.08606  -0.0294  1.0000  0.0664  -1.6920   0.0000   0.0000   0.0000   0.1641
  -7.000  -0.3665   0.08851   0.08446  -0.0271  1.0000  0.0678  -1.7010   0.0000   0.0000   0.0000   0.1725
  -6.750  -0.3756   0.08665   0.08269  -0.0262  1.0000  0.0694  -1.7357   0.0000   0.0000   0.0000   0.1771
  -6.500  -0.3871   0.08472   0.08084  -0.0284  1.0000  0.0708  -1.8383   0.0000   0.0000   0.0000   0.1737
  -6.000  -0.3887   0.07964   0.07584  -0.0249  1.0000  0.0743  -1.7863   0.0000   0.0000   0.0000   0.1834
  -5.750  -0.3893   0.07681   0.07303  -0.0291  1.0000  0.0776  -1.8705   0.0000   0.0000   0.0000   0.1729
  -5.500  -0.3878   0.07376   0.07002  -0.0287  1.0000  0.0793  -1.8618   0.0000   0.0000   0.0000   0.1737
  -5.250  -0.3840   0.07131   0.06759  -0.0279  1.0000  0.0825  -1.8224   0.0000   0.0000   0.0000   0.1754
  -5.000  -0.3729   0.06721   0.06342  -0.0337  1.0000  0.0862  -1.8994   0.0000   0.0000   0.0000   0.1577
  -4.750  -0.3673   0.06481   0.06104  -0.0319  1.0000  0.0888  -1.8304   0.0000   0.0000   0.0000   0.1613
  -4.500  -0.3422   0.06028   0.05640  -0.0383  0.9983  0.0945  -1.8450   0.0000   0.0000   0.0000   0.1360
  -4.250  -0.2988   0.05532   0.05127  -0.0466  0.9926  0.1028  -1.7819   0.0000   0.0000   0.0000   0.0917
  -4.000  -0.2567   0.05102   0.04679  -0.0535  0.9868  0.1134  -1.6915   0.0000   0.0000   0.0000   0.0389
  -3.750  -0.2130   0.04677   0.04233  -0.0607  0.9807  0.1287  -1.6174   0.0000   0.0000   0.0000  -0.0377
  -3.250  -0.1019   0.02961   0.02322  -0.0768  0.9733  0.0686  -2.1045   0.0000   0.0000   0.0000  -0.5112
  -3.000  -0.0594   0.02615   0.01899  -0.0798  0.9680  0.0696  -2.0812   0.0000   0.0000   0.0000  -1.1059
  -2.750  -0.0133   0.02339   0.01540  -0.0828  0.9643  0.0707  -2.0197   0.0000   0.0000   0.0000  -6.0133
  -2.500   0.0259   0.02200   0.01366  -0.0849  0.9573  0.0780  -1.8980   0.0000   0.0000   0.0000   3.5486
  -2.250   0.0657   0.02069   0.01220  -0.0869  0.9507  0.0862  -1.7570   0.0000   0.0000   0.0000   1.5830
  -2.000   0.1102   0.01967   0.01107  -0.0898  0.9456  0.1008  -1.5819   0.0000   0.0000   0.0000   1.0710
  -1.750   0.1471   0.01883   0.01033  -0.0915  0.9373  0.1202  -1.4283   0.0000   0.0000   0.0000   0.8756
  -1.500   0.1849   0.01811   0.00972  -0.0933  0.9292  0.1513  -1.2773   0.0000   0.0000   0.0000   0.7569
  -1.250   0.2266   0.01732   0.00919  -0.0958  0.9229  0.2063  -1.1073   0.0000   0.0000   0.0000   0.6745
  -1.000   0.2656   0.01647   0.00878  -0.0979  0.9153  0.3024  -0.9439   0.0000   0.0000   0.0000   0.6197
  -0.750   0.3121   0.01426   0.00843  -0.1008  0.9114  1.0000  -0.7743   0.0000   0.0000   0.0000   0.5734
  -0.500   0.3552   0.01414   0.00801  -0.1033  0.9035  1.0000  -0.6173   0.0000   0.0000   0.0000   0.5409
  -0.250   0.3919   0.01405   0.00771  -0.1045  0.8935  1.0000  -0.5701   0.0000   0.0000   0.0000   0.5166
   0.000   0.4282   0.01394   0.00744  -0.1057  0.8835  1.0000  -0.5937   0.0000   0.0000   0.0000   0.4964
   0.250   0.4647   0.01379   0.00716  -0.1068  0.8738  1.0000  -0.6185   0.0000   0.0000   0.0000   0.4791
   0.500   0.5039   0.01355   0.00681  -0.1083  0.8656  1.0000  -0.6454   0.0000   0.0000   0.0000   0.4640
   0.750   0.5365   0.01343   0.00660  -0.1086  0.8540  1.0000  -0.6690   0.0000   0.0000   0.0000   0.4512
   1.000   0.5677   0.01333   0.00643  -0.1086  0.8417  1.0000  -0.6927   0.0000   0.0000   0.0000   0.4399
   1.250   0.5983   0.01326   0.00629  -0.1084  0.8290  1.0000  -0.7166   0.0000   0.0000   0.0000   0.4297
   1.500   0.6283   0.01321   0.00619  -0.1082  0.8159  1.0000  -0.7408   0.0000   0.0000   0.0000   0.4205
   1.750   0.6577   0.01319   0.00611  -0.1079  0.8023  1.0000  -0.7655   0.0000   0.0000   0.0000   0.4120
   2.000   0.6866   0.01321   0.00609  -0.1075  0.7886  1.0000  -0.7907   0.0000   0.0000   0.0000   0.4043
   2.250   0.7149   0.01327   0.00612  -0.1070  0.7746  1.0000  -0.8167   0.0000   0.0000   0.0000   0.3973
   2.500   0.7429   0.01337   0.00617  -0.1065  0.7605  1.0000  -0.8437   0.0000   0.0000   0.0000   0.3907
   2.750   0.7705   0.01351   0.00628  -0.1059  0.7465  1.0000  -0.8717   0.0000   0.0000   0.0000   0.3847
   3.000   0.7978   0.01367   0.00643  -0.1053  0.7324  1.0000  -0.9141   0.0000   0.0000   0.0000   0.3790
   3.250   0.8247   0.01387   0.00664  -0.1047  0.7186  1.0000  -1.0217   0.0000   0.0000   0.0000   0.3738
   3.500   0.8514   0.01410   0.00688  -0.1041  0.7048  1.0000  -1.1451   0.0000   0.0000   0.0000   0.3688
   3.750   0.8780   0.01435   0.00715  -0.1035  0.6913  1.0000  -1.2755   0.0000   0.0000   0.0000   0.3642
   4.000   0.9044   0.01462   0.00747  -0.1028  0.6779  1.0000  -1.4239   0.0000   0.0000   0.0000   0.3597
   4.250   0.9307   0.01490   0.00780  -0.1021  0.6645  1.0000  -1.5769   0.0000   0.0000   0.0000   0.3555
   4.500   0.9569   0.01518   0.00814  -0.1014  0.6510  1.0000  -1.7342   0.0000   0.0000   0.0000   0.3515
   4.750   0.9830   0.01546   0.00849  -0.1006  0.6369  1.0000  -1.9126   0.0000   0.0000   0.0000   0.3476
   5.000   1.0085   0.01553   0.00855  -0.0992  0.6164  1.0000  -2.1218   0.0000   0.0000   0.0000   0.3434
   5.250   1.0303   0.01546   0.00841  -0.0969  0.5857  1.0000  -2.3300   0.0000   0.0000   0.0000   0.3388
   5.500   1.0515   0.01554   0.00849  -0.0948  0.5561  1.0000  -2.5377   0.0000   0.0000   0.0000   0.3346
   5.750   1.0725   0.01571   0.00869  -0.0928  0.5268  1.0000  -2.7658   0.0000   0.0000   0.0000   0.3307
   6.000   1.0919   0.01591   0.00896  -0.0906  0.4914  1.0000  -2.9961   0.0000   0.0000   0.0000   0.3268
   6.250   1.1084   0.01621   0.00921  -0.0878  0.4424  1.0000  -3.2130   0.0000   0.0000   0.0000   0.3227
   6.500   1.1136   0.01713   0.00961  -0.0832  0.3109  1.0000  -3.3597   0.0000   0.0000   0.0000   0.3179
   6.750   1.1004   0.02057   0.01154  -0.0774  0.1202  1.0000  -3.3880   0.0000   0.0000   0.0000   0.3132
   7.000   1.1050   0.02263   0.01333  -0.0737  0.0890  1.0000  -3.4865   0.0000   0.0000   0.0000   0.3093
   7.250   1.1126   0.02431   0.01497  -0.0704  0.0761  1.0000  -3.6078   0.0000   0.0000   0.0000   0.3057
   7.500   1.1220   0.02592   0.01656  -0.0675  0.0672  1.0000  -3.7383   0.0000   0.0000   0.0000   0.3022
   7.750   1.1343   0.02769   0.01829  -0.0649  0.0615  1.0000  -3.8681   0.0000   0.0000   0.0000   0.2990
   8.000   1.1520   0.02952   0.02009  -0.0632  0.0556  1.0000  -4.0223   0.0000   0.0000   0.0000   0.2964
   8.250   1.1767   0.03169   0.02223  -0.0625  0.0510  1.0000  -4.2239   0.0000   0.0000   0.0000   0.2943
   8.500   1.2055   0.03400   0.02459  -0.0623  0.0469  1.0000  -4.4480   0.0000   0.0000   0.0000   0.2925
   8.750   1.2295   0.03642   0.02732  -0.0612  0.0433  1.0000  -4.6190   0.0000   0.0000   0.0000   0.2904
   9.000   1.2578   0.03942   0.03047  -0.0610  0.0416  1.0000  -4.8071   0.0000   0.0000   0.0000   0.2887
   9.250   1.2843   0.04332   0.03458  -0.0607  0.0407  1.0000  -4.9531   0.0000   0.0000   0.0000   0.2872
   9.500   1.2964   0.04665   0.03843  -0.0582  0.0404  1.0000  -5.0031   0.0000   0.0000   0.0000   0.2845
   9.750   1.2992   0.04985   0.04220  -0.0548  0.0400  1.0000  -5.0133   0.0000   0.0000   0.0000   0.2815
  10.000   1.2980   0.05319   0.04603  -0.0514  0.0395  1.0000  -5.0125   0.0000   0.0000   0.0000   0.2787
  10.250   1.2939   0.05671   0.04996  -0.0480  0.0393  1.0000  -5.0041   0.0000   0.0000   0.0000   0.2759
  10.500   1.2879   0.06042   0.05399  -0.0448  0.0397  1.0000  -4.9919   0.0000   0.0000   0.0000   0.2733
  10.750   1.2834   0.06436   0.05816  -0.0421  0.0403  1.0000  -4.9978   0.0000   0.0000   0.0000   0.2711
  11.000   1.2644   0.06776   0.06193  -0.0382  0.0416  1.0000  -4.9043   0.0000   0.0000   0.0000   0.2682
  11.250   1.2294   0.07212   0.06672  -0.0351  0.0431  1.0000  -4.7123   0.0000   0.0000   0.0000   0.2662
  11.500   1.2076   0.07684   0.07168  -0.0341  0.0441  1.0000  -4.6235   0.0000   0.0000   0.0000   0.2656
  11.750   1.1897   0.08182   0.07684  -0.0342  0.0450  1.0000  -4.5624   0.0000   0.0000   0.0000   0.2658
  12.000   1.1789   0.08709   0.08227  -0.0346  0.0469  1.0000  -4.5116   0.0000   0.0000   0.0000   0.2661
  12.250   1.0223   0.08674   0.08230  -0.0275  0.0447  1.0000  -4.1134   0.0000   0.0000   0.0000   0.2638
  12.500   1.1036   0.10311   0.09876  -0.0441  0.0486  1.0000  -4.0854   0.0000   0.0000   0.0000   0.2761
  12.750   0.9770   0.09811   0.09391  -0.0314  0.0458  1.0000  -3.9421   0.0000   0.0000   0.0000   0.2685
  13.000   0.9614   0.10270   0.09857  -0.0326  0.0462  1.0000  -3.8909   0.0000   0.0000   0.0000   0.2701


