xflr5 v6.61

 Calculated polar for: NACA4412_7_20

 1 1 Reynolds number fixed          Mach number fixed         

 xtrf =   1.000 (top)        1.000 (bottom)
 Mach =   0.200     Re =     0.060 e 6     Ncrit =   9.000

  alpha     CL        CD       CDp       Cm    Top Xtr Bot Xtr   Cpmin    Chinge    XCp    
 ------- -------- --------- --------- -------- ------- ------- -------- --------- ---------
 -16.500  -0.3666   0.17614   0.16970  -0.0126  1.0000  0.0610  -0.9795   0.0000   0.0000   0.0000   0.2122
 -16.000  -0.3592   0.17260   0.16613  -0.0151  1.0000  0.0639  -0.9940   0.0000   0.0000   0.0000   0.2045
 -15.500  -0.3488   0.16746   0.16100  -0.0170  1.0000  0.0660  -0.9969   0.0000   0.0000   0.0000   0.1979
 -15.000  -0.3403   0.16338   0.15691  -0.0190  1.0000  0.0700  -1.0205   0.0000   0.0000   0.0000   0.1909
 -14.500  -0.3325   0.15899   0.15253  -0.0208  1.0000  0.0728  -1.0461   0.0000   0.0000   0.0000   0.1841
 -14.000  -0.3268   0.15556   0.14908  -0.0225  1.0000  0.0773  -1.0762   0.0000   0.0000   0.0000   0.1776
 -13.500  -0.3197   0.15101   0.14454  -0.0238  1.0000  0.0802  -1.0918   0.0000   0.0000   0.0000   0.1719
 -13.000  -0.3154   0.14734   0.14088  -0.0255  1.0000  0.0846  -1.1238   0.0000   0.0000   0.0000   0.1657
 -12.500  -0.3064   0.14174   0.13531  -0.0266  1.0000  0.0879  -1.1259   0.0000   0.0000   0.0000   0.1595
 -12.000  -0.3043   0.13790   0.13152  -0.0285  1.0000  0.0925  -1.1674   0.0000   0.0000   0.0000   0.1530
 -11.500  -0.2928   0.13131   0.12494  -0.0290  1.0000  0.0972  -1.1434   0.0000   0.0000   0.0000   0.1475
 -11.000  -0.2994   0.12831   0.12203  -0.0313  1.0000  0.1008  -1.2230   0.0000   0.0000   0.0000   0.1424
 -10.500  -0.2863   0.12107   0.11483  -0.0312  1.0000  0.1081  -1.1783   0.0000   0.0000   0.0000   0.1377
 -10.000  -0.2790   0.11481   0.10864  -0.0314  1.0000  0.1152  -1.1586   0.0000   0.0000   0.0000   0.1343
  -9.750  -0.2867   0.11346   0.10736  -0.0325  1.0000  0.1172  -1.2102   0.0000   0.0000   0.0000   0.1337
  -9.250  -0.3624   0.11676   0.11016  -0.0278  1.0000  0.1151  -1.4280   0.0000   0.0000   0.0000   0.1686
  -9.000  -0.3696   0.11588   0.10939  -0.0297  1.0000  0.1172  -1.4884   0.0000   0.0000   0.0000   0.1653
  -8.750  -0.3556   0.11103   0.10455  -0.0285  1.0000  0.1227  -1.4139   0.0000   0.0000   0.0000   0.1656
  -8.500  -0.3630   0.10999   0.10362  -0.0299  1.0000  0.1257  -1.4694   0.0000   0.0000   0.0000   0.1637
  -8.250  -0.3516   0.10561   0.09926  -0.0287  1.0000  0.1302  -1.4356   0.0000   0.0000   0.0000   0.1641
  -8.000  -0.3576   0.10416   0.09792  -0.0293  1.0000  0.1341  -1.4745   0.0000   0.0000   0.0000   0.1644
  -7.750  -0.3539   0.10087   0.09469  -0.0286  1.0000  0.1372  -1.4718   0.0000   0.0000   0.0000   0.1657
  -7.500  -0.3553   0.09867   0.09257  -0.0278  1.0000  0.1421  -1.4800   0.0000   0.0000   0.0000   0.1682
  -7.250  -0.3732   0.09839   0.09248  -0.0277  1.0000  0.1440  -1.5451   0.0000   0.0000   0.0000   0.1728
  -7.000  -0.3609   0.09403   0.08814  -0.0255  1.0000  0.1494  -1.4982   0.0000   0.0000   0.0000   0.1763
  -6.750  -0.3737   0.09310   0.08735  -0.0265  1.0000  0.1532  -1.5543   0.0000   0.0000   0.0000   0.1764
  -6.500  -0.3674   0.08946   0.08376  -0.0242  1.0000  0.1578  -1.5231   0.0000   0.0000   0.0000   0.1816
  -6.250  -0.3767   0.08822   0.08264  -0.0263  1.0000  0.1629  -1.5766   0.0000   0.0000   0.0000   0.1780
  -6.000  -0.3713   0.08470   0.07917  -0.0233  1.0000  0.1680  -1.5406   0.0000   0.0000   0.0000   0.1850
  -5.500  -0.3732   0.08009   0.07469  -0.0245  1.0000  0.1823  -1.5680   0.0000   0.0000   0.0000   0.1823
  -5.250  -0.3703   0.07717   0.07183  -0.0229  1.0000  0.1901  -1.5476   0.0000   0.0000   0.0000   0.1862
  -5.000  -0.3674   0.07448   0.06918  -0.0228  1.0000  0.1997  -1.5400   0.0000   0.0000   0.0000   0.1861
  -4.750  -0.3630   0.07178   0.06651  -0.0230  1.0000  0.2110  -1.5295   0.0000   0.0000   0.0000   0.1850
  -4.500  -0.3542   0.06931   0.06401  -0.0274  1.0000  0.2268  -1.5453   0.0000   0.0000   0.0000   0.1711
  -4.250  -0.3473   0.06618   0.06090  -0.0261  1.0000  0.2390  -1.5115   0.0000   0.0000   0.0000   0.1734
  -4.000  -0.3393   0.06321   0.05796  -0.0247  1.0000  0.2524  -1.4740   0.0000   0.0000   0.0000   0.1756
  -2.500  -0.1229   0.03576   0.02802  -0.0606  1.0000  0.1330  -1.7229   0.0000   0.0000   0.0000  -0.2472
  -2.250  -0.0897   0.03288   0.02459  -0.0625  1.0000  0.1314  -1.7023   0.0000   0.0000   0.0000  -0.4518
  -2.000  -0.0565   0.03032   0.02142  -0.0639  1.0000  0.1299  -1.6755   0.0000   0.0000   0.0000  -0.8877
  -1.750  -0.0273   0.02862   0.01925  -0.0645  1.0000  0.1371  -1.6079   0.0000   0.0000   0.0000  -2.1237
  -1.500   0.0005   0.02724   0.01748  -0.0648  1.0000  0.1455  -1.5580   0.0000   0.0000   0.0000  137.3446
  -1.250   0.0257   0.02630   0.01637  -0.0647  1.0000  0.1593  -1.4778   0.0000   0.0000   0.0000   2.7842
  -1.000   0.0503   0.02556   0.01547  -0.0647  1.0000  0.1787  -1.3896   0.0000   0.0000   0.0000   1.5421
  -0.750   0.0742   0.02499   0.01484  -0.0645  1.0000  0.2062  -1.2933   0.0000   0.0000   0.0000   1.1223
  -0.500   0.0996   0.02456   0.01443  -0.0645  1.0000  0.2504  -1.2001   0.0000   0.0000   0.0000   0.8994
  -0.250   0.1414   0.02364   0.01398  -0.0675  0.9958  0.3672  -1.0701   0.0000   0.0000   0.0000   0.7281
   0.000   0.1871   0.02190   0.01352  -0.0704  0.9852  1.0000  -0.9225   0.0000   0.0000   0.0000   0.6266
   0.250   0.2373   0.02280   0.01391  -0.0755  0.9720  1.0000  -0.7428   0.0000   0.0000   0.0000   0.5676
   0.500   0.2820   0.02358   0.01436  -0.0795  0.9576  1.0000  -0.5822   0.0000   0.0000   0.0000   0.5313
   0.750   0.3272   0.02432   0.01484  -0.0835  0.9439  1.0000  -0.5076   0.0000   0.0000   0.0000   0.5042
   1.000   0.3671   0.02497   0.01533  -0.0865  0.9292  1.0000  -0.5312   0.0000   0.0000   0.0000   0.4844
   1.250   0.4095   0.02559   0.01581  -0.0897  0.9155  1.0000  -0.5573   0.0000   0.0000   0.0000   0.4677
   1.500   0.4517   0.02616   0.01627  -0.0928  0.9025  1.0000  -0.5846   0.0000   0.0000   0.0000   0.4538
   1.750   0.4856   0.02673   0.01678  -0.0944  0.8879  1.0000  -0.6075   0.0000   0.0000   0.0000   0.4426
   2.000   0.5199   0.02728   0.01731  -0.0960  0.8739  1.0000  -0.6316   0.0000   0.0000   0.0000   0.4326
   2.250   0.5547   0.02782   0.01784  -0.0975  0.8605  1.0000  -0.6572   0.0000   0.0000   0.0000   0.4236
   2.500   0.5891   0.02833   0.01837  -0.0989  0.8475  1.0000  -0.6838   0.0000   0.0000   0.0000   0.4155
   2.750   0.6229   0.02884   0.01892  -0.1001  0.8347  1.0000  -0.7113   0.0000   0.0000   0.0000   0.4082
   3.000   0.6563   0.02934   0.01949  -0.1012  0.8222  1.0000  -0.7404   0.0000   0.0000   0.0000   0.4014
   3.250   0.6907   0.02978   0.02002  -0.1023  0.8101  1.0000  -0.7725   0.0000   0.0000   0.0000   0.3951
   3.500   0.7353   0.02985   0.02021  -0.1046  0.8003  1.0000  -0.8527   0.0000   0.0000   0.0000   0.3890
   3.750   0.7644   0.03036   0.02083  -0.1047  0.7876  1.0000  -0.9648   0.0000   0.0000   0.0000   0.3835
   4.000   0.7921   0.03092   0.02155  -0.1045  0.7746  1.0000  -1.0913   0.0000   0.0000   0.0000   0.3784
   4.250   0.8193   0.03149   0.02227  -0.1043  0.7616  1.0000  -1.2295   0.0000   0.0000   0.0000   0.3734
   4.500   0.8467   0.03205   0.02300  -0.1039  0.7485  1.0000  -1.3789   0.0000   0.0000   0.0000   0.3687
   4.750   0.8745   0.03256   0.02374  -0.1035  0.7353  1.0000  -1.5424   0.0000   0.0000   0.0000   0.3641
   5.000   0.9031   0.03299   0.02439  -0.1030  0.7219  1.0000  -1.7264   0.0000   0.0000   0.0000   0.3596
   5.250   0.9329   0.03329   0.02493  -0.1024  0.7079  1.0000  -1.9441   0.0000   0.0000   0.0000   0.3550
   5.500   0.9647   0.03333   0.02529  -0.1017  0.6930  1.0000  -2.1817   0.0000   0.0000   0.0000   0.3504
   5.750   1.0165   0.03094   0.02327  -0.1003  0.6711  1.0000  -2.5356   0.0000   0.0000   0.0000   0.3434
   6.000   1.0680   0.02536   0.01779  -0.0937  0.6086  1.0000  -2.9944   0.0000   0.0000   0.0000   0.3320
   6.250   1.0911   0.02375   0.01626  -0.0885  0.5539  1.0000  -3.2625   0.0000   0.0000   0.0000   0.3250
   6.500   1.0947   0.02301   0.01538  -0.0810  0.4591  1.0000  -3.4008   0.0000   0.0000   0.0000   0.3175
   6.750   1.0749   0.02516   0.01595  -0.0722  0.2344  1.0000  -3.3809   0.0000   0.0000   0.0000   0.3103
   7.000   1.0689   0.02869   0.01848  -0.0676  0.1587  1.0000  -3.3892   0.0000   0.0000   0.0000   0.3062
   7.250   1.0760   0.03125   0.02074  -0.0644  0.1309  1.0000  -3.4561   0.0000   0.0000   0.0000   0.3025
   7.500   1.0948   0.03362   0.02295  -0.0623  0.1125  1.0000  -3.5629   0.0000   0.0000   0.0000   0.2992
   7.750   1.1279   0.03629   0.02550  -0.0619  0.0976  1.0000  -3.7089   0.0000   0.0000   0.0000   0.2969
   8.000   1.1692   0.03961   0.02889  -0.0624  0.0891  1.0000  -3.8983   0.0000   0.0000   0.0000   0.2952
   8.250   1.1986   0.04294   0.03245  -0.0619  0.0827  1.0000  -4.0530   0.0000   0.0000   0.0000   0.2931
   8.500   1.2243   0.04655   0.03640  -0.0609  0.0796  1.0000  -4.1685   0.0000   0.0000   0.0000   0.2910
   8.750   1.2468   0.05068   0.04090  -0.0598  0.0786  1.0000  -4.2579   0.0000   0.0000   0.0000   0.2889
   9.000   1.2581   0.05464   0.04535  -0.0575  0.0777  1.0000  -4.2976   0.0000   0.0000   0.0000   0.2864
   9.250   1.2611   0.05842   0.04972  -0.0545  0.0771  1.0000  -4.3010   0.0000   0.0000   0.0000   0.2837
   9.500   1.2612   0.06242   0.05421  -0.0517  0.0770  1.0000  -4.2966   0.0000   0.0000   0.0000   0.2812
   9.750   1.2605   0.06673   0.05891  -0.0492  0.0774  1.0000  -4.2921   0.0000   0.0000   0.0000   0.2790
  10.000   1.2508   0.07084   0.06347  -0.0462  0.0790  1.0000  -4.2397   0.0000   0.0000   0.0000   0.2767
  10.250   1.2247   0.07474   0.06784  -0.0427  0.0809  1.0000  -4.1259   0.0000   0.0000   0.0000   0.2744
  10.500   1.2020   0.07876   0.07213  -0.0400  0.0822  1.0000  -4.0495   0.0000   0.0000   0.0000   0.2726
  10.750   1.1823   0.08325   0.07682  -0.0387  0.0835  1.0000  -3.9863   0.0000   0.0000   0.0000   0.2718
  11.000   1.1808   0.08858   0.08225  -0.0383  0.0856  1.0000  -3.9795   0.0000   0.0000   0.0000   0.2713
  11.250   1.1387   0.09370   0.08761  -0.0397  0.0863  1.0000  -3.8206   0.0000   0.0000   0.0000   0.2734
  11.500   1.0895   0.10236   0.09646  -0.0456  0.0897  1.0000  -3.5656   0.0000   0.0000   0.0000   0.2802
  11.750   1.0748   0.10963   0.10378  -0.0490  0.0921  1.0000  -3.4695   0.0000   0.0000   0.0000   0.2837
  12.000   1.0420   0.12174   0.11590  -0.0579  0.1001  1.0000  -3.1756   0.0000   0.0000   0.0000   0.2935
  12.250   1.0064   0.13851   0.13258  -0.0709  0.1189  1.0000  -2.7222   0.0000   0.0000   0.0000   0.3087
  12.500   0.9697   0.16444   0.15837  -0.0922  0.2381  1.0000  -2.0459   0.0000   0.0000   0.0000   0.3339
  12.750   0.9526   0.16796   0.16181  -0.0959  0.2327  1.0000  -1.9622   0.0000   0.0000   0.0000   0.3392
  13.000   0.9651   0.17303   0.16691  -0.0962  0.2278  1.0000  -1.9891   0.0000   0.0000   0.0000   0.3380
  13.250   0.9590   0.17685   0.17068  -0.0987  0.2226  1.0000  -1.9445   0.0000   0.0000   0.0000   0.3409
  13.500   0.9705   0.18168   0.17554  -0.0992  0.2168  1.0000  -1.9674   0.0000   0.0000   0.0000   0.3399
  13.750   0.9666   0.18529   0.17911  -0.1017  0.2111  1.0000  -1.9291   0.0000   0.0000   0.0000   0.3426
  14.000   0.9866   0.19133   0.18522  -0.1011  0.2043  1.0000  -1.9847   0.0000   0.0000   0.0000   0.3396
  14.250   0.9796   0.19352   0.18736  -0.1040  0.1965  1.0000  -1.9364   0.0000   0.0000   0.0000   0.3430
  14.500   0.9823   0.19736   0.19119  -0.1059  0.1897  1.0000  -1.9211   0.0000   0.0000   0.0000   0.3443
  14.750   0.9940   0.20212   0.19595  -0.1064  0.1823  1.0000  -1.9459   0.0000   0.0000   0.0000   0.3432
  15.000   1.0013   0.20596   0.19981  -0.1076  0.1744  1.0000  -1.9525   0.0000   0.0000   0.0000   0.3432


