xflr5 v6.61

 Calculated polar for: NACA4412_9_00

 1 1 Reynolds number fixed          Mach number fixed         

 xtrf =   1.000 (top)        1.000 (bottom)
 Mach =   0.200     Re =     0.090 e 6     Ncrit =   9.000

  alpha     CL        CD       CDp       Cm    Top Xtr Bot Xtr   Cpmin    Chinge    XCp    
 ------- -------- --------- --------- -------- ------- ------- -------- --------- ---------
 -17.500  -0.5259   0.21207   0.20593   0.0012  1.0000  0.0425  -1.4179   0.0000   0.0000   0.0000   0.2394
 -17.000  -0.5094   0.20594   0.19981  -0.0021  1.0000  0.0448  -1.4258   0.0000   0.0000   0.0000   0.2335
 -16.500  -0.4973   0.20147   0.19536  -0.0066  1.0000  0.0462  -1.5143   0.0000   0.0000   0.0000   0.2246
 -16.000  -0.4781   0.19331   0.18721  -0.0083  1.0000  0.0479  -1.4489   0.0000   0.0000   0.0000   0.2208
 -15.500  -0.4631   0.18730   0.18123  -0.0113  1.0000  0.0510  -1.4547   0.0000   0.0000   0.0000   0.2140
 -15.000  -0.4498   0.18112   0.17509  -0.0144  1.0000  0.0528  -1.4797   0.0000   0.0000   0.0000   0.2067
 -14.500  -0.4340   0.17460   0.16858  -0.0165  1.0000  0.0561  -1.4455   0.0000   0.0000   0.0000   0.2009
 -14.000  -0.4285   0.17051   0.16454  -0.0208  1.0000  0.0580  -1.5414   0.0000   0.0000   0.0000   0.1908
 -13.500  -0.4079   0.16195   0.15600  -0.0214  1.0000  0.0607  -1.4416   0.0000   0.0000   0.0000   0.1871
 -13.000  -0.3995   0.15663   0.15072  -0.0245  1.0000  0.0640  -1.4793   0.0000   0.0000   0.0000   0.1785
 -12.500  -0.3854   0.14951   0.14363  -0.0258  1.0000  0.0663  -1.4388   0.0000   0.0000   0.0000   0.1729
 -12.000  -0.3762   0.14377   0.13794  -0.0281  1.0000  0.0703  -1.4621   0.0000   0.0000   0.0000   0.1656
 -11.500  -0.3648   0.13716   0.13139  -0.0294  1.0000  0.0735  -1.4631   0.0000   0.0000   0.0000   0.1599
 -11.000  -0.3655   0.13282   0.12713  -0.0327  1.0000  0.0780  -1.5545   0.0000   0.0000   0.0000   0.1517
 -10.500  -0.3478   0.12524   0.11959  -0.0322  1.0000  0.0825  -1.4864   0.0000   0.0000   0.0000   0.1485
 -10.000  -0.3509   0.12040   0.11488  -0.0350  1.0000  0.0858  -1.5765   0.0000   0.0000   0.0000   0.1422
  -9.750  -0.3390   0.11646   0.11093  -0.0338  1.0000  0.0884  -1.5102   0.0000   0.0000   0.0000   0.1420
  -9.500  -0.3379   0.11391   0.10843  -0.0344  1.0000  0.0913  -1.5235   0.0000   0.0000   0.0000   0.1403
  -9.250  -0.3489   0.11261   0.10723  -0.0365  1.0000  0.0928  -1.6158   0.0000   0.0000   0.0000   0.1381
  -9.000  -0.3357   0.10825   0.10289  -0.0349  1.0000  0.0949  -1.5404   0.0000   0.0000   0.0000   0.1387
  -8.750  -0.3331   0.10559   0.10028  -0.0346  1.0000  0.0980  -1.5288   0.0000   0.0000   0.0000   0.1389
  -8.500  -0.3438   0.10408   0.09888  -0.0357  1.0000  0.1004  -1.5987   0.0000   0.0000   0.0000   0.1396
  -8.250  -0.3385   0.10067   0.09551  -0.0345  1.0000  0.1025  -1.5625   0.0000   0.0000   0.0000   0.1416
  -8.000  -0.3383   0.09834   0.09325  -0.0335  1.0000  0.1066  -1.5453   0.0000   0.0000   0.0000   0.1449
  -7.750  -0.3562   0.09736   0.09240  -0.0331  1.0000  0.1085  -1.6191   0.0000   0.0000   0.0000   0.1516
  -7.500  -0.3712   0.09576   0.09093  -0.0314  1.0000  0.1094  -1.6620   0.0000   0.0000   0.0000   0.1604
  -7.250  -0.3590   0.09243   0.08761  -0.0289  1.0000  0.1143  -1.5684   0.0000   0.0000   0.0000   0.1646
  -7.000  -0.3793   0.09152   0.08683  -0.0268  1.0000  0.1162  -1.6222   0.0000   0.0000   0.0000   0.1749
  -6.750  -0.4015   0.09026   0.08570  -0.0290  1.0000  0.1173  -1.7332   0.0000   0.0000   0.0000   0.1740
  -6.500  -0.3907   0.08690   0.08236  -0.0238  1.0000  0.1204  -1.6280   0.0000   0.0000   0.0000   0.1854
  -6.250  -0.3982   0.08484   0.08037  -0.0234  1.0000  0.1239  -1.6507   0.0000   0.0000   0.0000   0.1878
  -5.750  -0.4059   0.07977   0.07539  -0.0228  1.0000  0.1293  -1.6774   0.0000   0.0000   0.0000   0.1907
  -5.500  -0.4092   0.07678   0.07239  -0.0296  1.0000  0.1352  -1.7777   0.0000   0.0000   0.0000   0.1749
  -5.250  -0.4059   0.07416   0.06983  -0.0247  1.0000  0.1375  -1.7043   0.0000   0.0000   0.0000   0.1865
  -5.000  -0.4001   0.07082   0.06642  -0.0297  1.0000  0.1447  -1.7541   0.0000   0.0000   0.0000   0.1731
  -4.750  -0.3956   0.06837   0.06403  -0.0264  1.0000  0.1480  -1.6924   0.0000   0.0000   0.0000   0.1808
  -4.500  -0.3856   0.06504   0.06064  -0.0293  1.0000  0.1556  -1.6979   0.0000   0.0000   0.0000   0.1716
  -4.250  -0.3739   0.06206   0.05760  -0.0310  1.0000  0.1651  -1.6780   0.0000   0.0000   0.0000   0.1646
  -4.000  -0.3568   0.05916   0.05466  -0.0324  0.9986  0.1764  -1.6251   0.0000   0.0000   0.0000   0.1568
  -3.500  -0.2303   0.03929   0.03303  -0.0598  0.9887  0.1021  -1.9915   0.0000   0.0000   0.0000  -0.0140
  -3.250  -0.1826   0.03456   0.02758  -0.0650  0.9830  0.0983  -2.0104   0.0000   0.0000   0.0000  -0.1114
  -3.000  -0.1357   0.03076   0.02300  -0.0691  0.9771  0.0973  -1.9952   0.0000   0.0000   0.0000  -0.2666
  -2.750  -0.0906   0.02853   0.02019  -0.0726  0.9703  0.1037  -1.8988   0.0000   0.0000   0.0000  -0.5613
  -2.500  -0.0449   0.02677   0.01796  -0.0758  0.9635  0.1115  -1.8082   0.0000   0.0000   0.0000  -1.4591
  -2.250  -0.0016   0.02560   0.01649  -0.0787  0.9555  0.1244  -1.6892   0.0000   0.0000   0.0000  -48.9978
  -2.000   0.0393   0.02467   0.01547  -0.0811  0.9467  0.1413  -1.5521   0.0000   0.0000   0.0000   2.3337
  -1.750   0.0796   0.02387   0.01461  -0.0833  0.9375  0.1643  -1.4097   0.0000   0.0000   0.0000   1.3054
  -1.500   0.1189   0.02317   0.01403  -0.0855  0.9281  0.1964  -1.2725   0.0000   0.0000   0.0000   0.9737
  -1.250   0.1578   0.02251   0.01357  -0.0875  0.9186  0.2430  -1.1370   0.0000   0.0000   0.0000   0.8074
  -1.000   0.1967   0.02176   0.01315  -0.0894  0.9094  0.3164  -0.9978   0.0000   0.0000   0.0000   0.7066
  -0.750   0.2454   0.01918   0.01276  -0.0923  0.9046  0.9240  -0.8449   0.0000   0.0000   0.0000   0.6271
  -0.500   0.2860   0.01925   0.01234  -0.0944  0.8935  1.0000  -0.7153   0.0000   0.0000   0.0000   0.5804
  -0.250   0.3255   0.01931   0.01212  -0.0963  0.8827  1.0000  -0.5963   0.0000   0.0000   0.0000   0.5459
   0.000   0.3651   0.01933   0.01192  -0.0982  0.8723  1.0000  -0.5916   0.0000   0.0000   0.0000   0.5186
   0.250   0.4161   0.01910   0.01150  -0.1019  0.8660  1.0000  -0.6247   0.0000   0.0000   0.0000   0.4943
   0.500   0.4506   0.01909   0.01136  -0.1028  0.8544  1.0000  -0.6486   0.0000   0.0000   0.0000   0.4771
   0.750   0.4844   0.01908   0.01124  -0.1034  0.8429  1.0000  -0.6729   0.0000   0.0000   0.0000   0.4622
   1.000   0.5178   0.01906   0.01114  -0.1039  0.8315  1.0000  -0.6976   0.0000   0.0000   0.0000   0.4492
   1.250   0.5513   0.01903   0.01104  -0.1044  0.8205  1.0000  -0.7231   0.0000   0.0000   0.0000   0.4377
   1.500   0.5871   0.01892   0.01086  -0.1052  0.8106  1.0000  -0.7513   0.0000   0.0000   0.0000   0.4273
   1.750   0.6239   0.01874   0.01063  -0.1061  0.8013  1.0000  -0.7813   0.0000   0.0000   0.0000   0.4178
   2.000   0.6527   0.01883   0.01068  -0.1057  0.7891  1.0000  -0.8064   0.0000   0.0000   0.0000   0.4096
   2.250   0.6814   0.01894   0.01077  -0.1054  0.7770  1.0000  -0.8324   0.0000   0.0000   0.0000   0.4020
   2.500   0.7104   0.01906   0.01088  -0.1051  0.7654  1.0000  -0.8598   0.0000   0.0000   0.0000   0.3951
   2.750   0.7408   0.01912   0.01093  -0.1049  0.7546  1.0000  -0.8897   0.0000   0.0000   0.0000   0.3886
   3.000   0.7751   0.01904   0.01082  -0.1053  0.7453  1.0000  -0.9247   0.0000   0.0000   0.0000   0.3825
   3.250   0.8006   0.01932   0.01114  -0.1045  0.7328  1.0000  -0.9547   0.0000   0.0000   0.0000   0.3770
   3.500   0.8264   0.01962   0.01147  -0.1037  0.7207  1.0000  -0.9903   0.0000   0.0000   0.0000   0.3718
   3.750   0.8531   0.01990   0.01178  -0.1031  0.7091  1.0000  -1.0732   0.0000   0.0000   0.0000   0.3669
   4.000   0.8816   0.02010   0.01202  -0.1027  0.6982  1.0000  -1.1758   0.0000   0.0000   0.0000   0.3622
   4.250   0.9130   0.02018   0.01213  -0.1025  0.6881  1.0000  -1.2991   0.0000   0.0000   0.0000   0.3578
   4.500   0.9370   0.02059   0.01262  -0.1015  0.6755  1.0000  -1.4158   0.0000   0.0000   0.0000   0.3536
   4.750   0.9618   0.02097   0.01309  -0.1006  0.6630  1.0000  -1.5419   0.0000   0.0000   0.0000   0.3496
   5.000   0.9874   0.02132   0.01352  -0.0997  0.6506  1.0000  -1.6742   0.0000   0.0000   0.0000   0.3457
   5.250   1.0138   0.02161   0.01391  -0.0988  0.6379  1.0000  -1.8255   0.0000   0.0000   0.0000   0.3420
   5.500   1.0404   0.02183   0.01423  -0.0979  0.6243  1.0000  -1.9820   0.0000   0.0000   0.0000   0.3383
   5.750   1.0664   0.02194   0.01441  -0.0966  0.6081  1.0000  -2.1421   0.0000   0.0000   0.0000   0.3345
   6.000   1.0957   0.02156   0.01402  -0.0952  0.5872  1.0000  -2.3215   0.0000   0.0000   0.0000   0.3305
   6.250   1.1177   0.02139   0.01390  -0.0929  0.5622  1.0000  -2.5017   0.0000   0.0000   0.0000   0.3264
   6.500   1.1406   0.02123   0.01376  -0.0907  0.5372  1.0000  -2.7055   0.0000   0.0000   0.0000   0.3225
   6.750   1.1622   0.02114   0.01369  -0.0884  0.5110  1.0000  -2.9078   0.0000   0.0000   0.0000   0.3187
   7.000   1.1800   0.02114   0.01378  -0.0856  0.4815  1.0000  -3.0961   0.0000   0.0000   0.0000   0.3148
   7.250   1.1944   0.02118   0.01390  -0.0823  0.4459  1.0000  -3.2709   0.0000   0.0000   0.0000   0.3108
   7.500   1.2030   0.02138   0.01413  -0.0782  0.3954  1.0000  -3.4178   0.0000   0.0000   0.0000   0.3065
   7.750   1.1989   0.02230   0.01459  -0.0723  0.2942  1.0000  -3.5055   0.0000   0.0000   0.0000   0.3014
   8.000   1.1822   0.02497   0.01628  -0.0659  0.1859  1.0000  -3.5278   0.0000   0.0000   0.0000   0.2965
   8.250   1.1723   0.02744   0.01827  -0.0606  0.1448  1.0000  -3.5692   0.0000   0.0000   0.0000   0.2922
   8.500   1.1701   0.02956   0.02017  -0.0564  0.1229  1.0000  -3.6424   0.0000   0.0000   0.0000   0.2884
   8.750   1.1726   0.03157   0.02203  -0.0530  0.1092  1.0000  -3.7389   0.0000   0.0000   0.0000   0.2851
   9.000   1.1824   0.03345   0.02386  -0.0505  0.0972  1.0000  -3.8604   0.0000   0.0000   0.0000   0.2822
   9.250   1.2013   0.03543   0.02573  -0.0489  0.0877  1.0000  -4.0155   0.0000   0.0000   0.0000   0.2799
   9.500   1.2295   0.03763   0.02780  -0.0486  0.0790  1.0000  -4.2089   0.0000   0.0000   0.0000   0.2784
   9.750   1.2659   0.04029   0.03052  -0.0494  0.0721  1.0000  -4.4114   0.0000   0.0000   0.0000   0.2775
  10.000   1.2970   0.04339   0.03393  -0.0495  0.0677  1.0000  -4.5572   0.0000   0.0000   0.0000   0.2764
  10.250   1.3211   0.04640   0.03708  -0.0492  0.0634  1.0000  -4.7284   0.0000   0.0000   0.0000   0.2750
  10.500   1.3315   0.04944   0.04057  -0.0469  0.0614  1.0000  -4.8161   0.0000   0.0000   0.0000   0.2727
  10.750   1.3416   0.05279   0.04429  -0.0448  0.0601  1.0000  -4.9029   0.0000   0.0000   0.0000   0.2706
  11.000   1.3627   0.05678   0.04834  -0.0446  0.0579  1.0000  -5.0725   0.0000   0.0000   0.0000   0.2696
  11.250   1.3495   0.05962   0.05166  -0.0402  0.0575  1.0000  -5.0561   0.0000   0.0000   0.0000   0.2663
  11.500   1.3341   0.06262   0.05505  -0.0361  0.0571  1.0000  -5.0350   0.0000   0.0000   0.0000   0.2633
  11.750   1.3175   0.06592   0.05869  -0.0328  0.0568  1.0000  -5.0080   0.0000   0.0000   0.0000   0.2608
  12.000   1.2996   0.06956   0.06265  -0.0302  0.0566  1.0000  -4.9733   0.0000   0.0000   0.0000   0.2588
  12.250   1.2806   0.07359   0.06696  -0.0285  0.0566  1.0000  -4.9296   0.0000   0.0000   0.0000   0.2574
  12.500   1.2606   0.07804   0.07168  -0.0276  0.0568  1.0000  -4.8771   0.0000   0.0000   0.0000   0.2567
  12.750   1.2401   0.08293   0.07681  -0.0276  0.0570  1.0000  -4.8172   0.0000   0.0000   0.0000   0.2567
  13.000   1.2197   0.08826   0.08234  -0.0284  0.0573  1.0000  -4.7521   0.0000   0.0000   0.0000   0.2574
  13.250   1.2003   0.09397   0.08823  -0.0299  0.0576  1.0000  -4.6854   0.0000   0.0000   0.0000   0.2586
  13.500   1.1837   0.09993   0.09434  -0.0318  0.0579  1.0000  -4.6253   0.0000   0.0000   0.0000   0.2603
  14.000   1.0936   0.12214   0.11702  -0.0468  0.0639  1.0000  -3.9935   0.0000   0.0000   0.0000   0.2757
  14.250   1.0445   0.14015   0.13511  -0.0594  0.0708  1.0000  -3.4610   0.0000   0.0000   0.0000   0.2900
  15.500   0.9780   0.19853   0.19325  -0.0962  0.1374  1.0000  -2.0372   0.0000   0.0000   0.0000   0.3318
  16.000   0.9900   0.20659   0.20131  -0.0995  0.1277  1.0000  -2.0551   0.0000   0.0000   0.0000   0.3332
  16.500   1.0090   0.21492   0.20968  -0.1014  0.1178  1.0000  -2.1193   0.0000   0.0000   0.0000   0.3325
  17.000   1.0131   0.22235   0.21707  -0.1073  0.1103  1.0000  -2.0598   0.0000   0.0000   0.0000   0.3370
  17.500   1.0221   0.23010   0.22481  -0.1125  0.1035  1.0000  -2.0197   0.0000   0.0000   0.0000   0.3404
  18.000   1.0344   0.23787   0.23258  -0.1170  0.0976  1.0000  -1.9984   0.0000   0.0000   0.0000   0.3427
  18.500   1.0492   0.24544   0.24015  -0.1209  0.0913  1.0000  -1.9996   0.0000   0.0000   0.0000   0.3440
  19.000   1.0655   0.25303   0.24775  -0.1244  0.0847  1.0000  -2.0192   0.0000   0.0000   0.0000   0.3446
  19.500   1.0824   0.26047   0.25522  -0.1279  0.0786  1.0000  -2.0836   0.0000   0.0000   0.0000   0.3450
  20.000   1.0911   0.26709   0.26181  -0.1347  0.0742  1.0000  -2.0176   0.0000   0.0000   0.0000   0.3494


