xflr5 v6.61

 Calculated polar for: NACA4412_9_00

 1 1 Reynolds number fixed          Mach number fixed         

 xtrf =   1.000 (top)        1.000 (bottom)
 Mach =   0.200     Re =     0.125 e 6     Ncrit =   7.000

  alpha     CL        CD       CDp       Cm    Top Xtr Bot Xtr   Cpmin    Chinge    XCp    
 ------- -------- --------- --------- -------- ------- ------- -------- --------- ---------
 -25.500  -0.7965   0.30729   0.30206   0.0651  1.0000  0.0155  -1.6757   0.0000   0.0000   0.0000   0.3101
 -25.000  -0.7801   0.30162   0.29637   0.0606  1.0000  0.0161  -1.6375   0.0000   0.0000   0.0000   0.3069
 -24.500  -0.7634   0.29587   0.29061   0.0562  1.0000  0.0168  -1.6125   0.0000   0.0000   0.0000   0.3035
 -24.000  -0.7464   0.29003   0.28476   0.0517  1.0000  0.0176  -1.5967   0.0000   0.0000   0.0000   0.2999
 -23.500  -0.7291   0.28428   0.27900   0.0470  1.0000  0.0183  -1.6093   0.0000   0.0000   0.0000   0.2957
 -23.000  -0.7122   0.27852   0.27325   0.0424  1.0000  0.0186  -1.6194   0.0000   0.0000   0.0000   0.2913
 -22.500  -0.6952   0.27213   0.26685   0.0387  1.0000  0.0193  -1.5381   0.0000   0.0000   0.0000   0.2882
 -22.000  -0.6779   0.26619   0.26091   0.0347  1.0000  0.0201  -1.5245   0.0000   0.0000   0.0000   0.2842
 -21.500  -0.6604   0.26018   0.25489   0.0306  1.0000  0.0211  -1.5247   0.0000   0.0000   0.0000   0.2799
 -21.000  -0.6429   0.25417   0.24887   0.0263  1.0000  0.0219  -1.5461   0.0000   0.0000   0.0000   0.2750
 -20.500  -0.6261   0.24871   0.24342   0.0216  1.0000  0.0222  -1.6005   0.0000   0.0000   0.0000   0.2691
 -20.000  -0.6086   0.24172   0.23643   0.0184  1.0000  0.0226  -1.5467   0.0000   0.0000   0.0000   0.2652
 -19.500  -0.5911   0.23546   0.23018   0.0150  1.0000  0.0236  -1.4880   0.0000   0.0000   0.0000   0.2609
 -19.000  -0.5738   0.22930   0.22402   0.0114  1.0000  0.0247  -1.4591   0.0000   0.0000   0.0000   0.2558
 -18.500  -0.5570   0.22325   0.21797   0.0074  1.0000  0.0261  -1.4697   0.0000   0.0000   0.0000   0.2495
 -18.000  -0.5409   0.21695   0.21169   0.0036  1.0000  0.0267  -1.4919   0.0000   0.0000   0.0000   0.2433
 -17.500  -0.5235   0.21046   0.20521   0.0009  1.0000  0.0280  -1.4443   0.0000   0.0000   0.0000   0.2388
 -17.000  -0.5070   0.20421   0.19896  -0.0023  1.0000  0.0295  -1.4585   0.0000   0.0000   0.0000   0.2327
 -16.500  -0.4924   0.19831   0.19308  -0.0063  1.0000  0.0307  -1.5382   0.0000   0.0000   0.0000   0.2248
 -16.000  -0.4770   0.19155   0.18634  -0.0092  1.0000  0.0312  -1.5495   0.0000   0.0000   0.0000   0.2185
 -15.500  -0.4605   0.18502   0.17983  -0.0114  1.0000  0.0326  -1.4993   0.0000   0.0000   0.0000   0.2133
 -15.000  -0.4459   0.17875   0.17357  -0.0143  1.0000  0.0345  -1.5090   0.0000   0.0000   0.0000   0.2063
 -14.500  -0.4365   0.17328   0.16813  -0.0185  1.0000  0.0356  -1.6220   0.0000   0.0000   0.0000   0.1963
 -14.000  -0.4187   0.16587   0.16075  -0.0195  1.0000  0.0374  -1.5166   0.0000   0.0000   0.0000   0.1924
 -13.500  -0.4071   0.15983   0.15473  -0.0223  1.0000  0.0402  -1.5407   0.0000   0.0000   0.0000   0.1844
 -13.000  -0.3979   0.15348   0.14843  -0.0252  1.0000  0.0411  -1.5906   0.0000   0.0000   0.0000   0.1760
 -12.500  -0.3827   0.14683   0.14179  -0.0262  1.0000  0.0431  -1.5074   0.0000   0.0000   0.0000   0.1712
 -12.000  -0.3741   0.14077   0.13578  -0.0288  1.0000  0.0456  -1.5428   0.0000   0.0000   0.0000   0.1630
 -11.500  -0.3680   0.13446   0.12953  -0.0313  1.0000  0.0466  -1.6205   0.0000   0.0000   0.0000   0.1552
 -11.000  -0.3540   0.12806   0.12316  -0.0317  1.0000  0.0490  -1.5626   0.0000   0.0000   0.0000   0.1511
 -10.500  -0.3530   0.12249   0.11768  -0.0346  1.0000  0.0517  -1.6715   0.0000   0.0000   0.0000   0.1429
 -10.000  -0.3406   0.11606   0.11130  -0.0344  1.0000  0.0545  -1.6084   0.0000   0.0000   0.0000   0.1404
  -9.000  -0.3348   0.10464   0.10006  -0.0360  1.0000  0.0599  -1.6620   0.0000   0.0000   0.0000   0.1347
  -8.500  -0.3373   0.09958   0.09511  -0.0362  1.0000  0.0633  -1.6959   0.0000   0.0000   0.0000   0.1356
  -8.000  -0.3682   0.09595   0.09170  -0.0367  1.0000  0.0644  -1.9032   0.0000   0.0000   0.0000   0.1444
  -7.500  -0.3587   0.09052   0.08635  -0.0317  1.0000  0.0667  -1.7491   0.0000   0.0000   0.0000   0.1561
  -7.000  -0.3851   0.08753   0.08354  -0.0266  1.0000  0.0686  -1.7900   0.0000   0.0000   0.0000   0.1763
  -6.500  -0.4134   0.08265   0.07881  -0.0296  1.0000  0.0709  -1.9821   0.0000   0.0000   0.0000   0.1745
  -6.000  -0.3804   0.07514   0.07128  -0.0348  0.9935  0.0762  -1.8693   0.0000   0.0000   0.0000   0.1547
  -5.000  -0.2450   0.03817   0.03279  -0.0781  0.9659  0.0454  -2.7548   0.0000   0.0000   0.0000  -0.0755
  -4.500  -0.1735   0.02955   0.02299  -0.0856  0.9553  0.0490  -2.6736   0.0000   0.0000   0.0000  -0.2521
  -4.000  -0.1028   0.02394   0.01614  -0.0893  0.9439  0.0535  -2.5494   0.0000   0.0000   0.0000  -0.6332
  -3.500  -0.0317   0.02116   0.01276  -0.0920  0.9318  0.0627  -2.2453   0.0000   0.0000   0.0000  -2.6955
  -3.000   0.0405   0.01921   0.01051  -0.0946  0.9198  0.0780  -1.9463   0.0000   0.0000   0.0000   2.6144
  -2.500   0.1129   0.01770   0.00904  -0.0974  0.9076  0.1028  -1.6129   0.0000   0.0000   0.0000   1.1211
  -2.000   0.1828   0.01644   0.00792  -0.0996  0.8942  0.1472  -1.2986   0.0000   0.0000   0.0000   0.7988
  -1.500   0.2508   0.01532   0.00711  -0.1014  0.8800  0.2303  -1.0095   0.0000   0.0000   0.0000   0.6562
  -1.000   0.3116   0.01416   0.00653  -0.1019  0.8622  0.3904  -0.7618   0.0000   0.0000   0.0000   0.5776
  -0.500   0.3952   0.01234   0.00602  -0.1056  0.8463  1.0000  -0.6190   0.0000   0.0000   0.0000   0.5173
   0.000   0.4574   0.01221   0.00554  -0.1059  0.8247  1.0000  -0.6627   0.0000   0.0000   0.0000   0.4808
   0.500   0.5173   0.01215   0.00520  -0.1056  0.8009  1.0000  -0.7071   0.0000   0.0000   0.0000   0.4530
   1.000   0.5736   0.01222   0.00504  -0.1048  0.7743  1.0000  -0.7515   0.0000   0.0000   0.0000   0.4311
   1.500   0.6291   0.01237   0.00501  -0.1039  0.7470  1.0000  -0.7980   0.0000   0.0000   0.0000   0.4131
   2.000   0.6836   0.01262   0.00509  -0.1029  0.7196  1.0000  -0.8467   0.0000   0.0000   0.0000   0.3980
   2.500   0.7373   0.01295   0.00531  -0.1018  0.6929  1.0000  -0.8987   0.0000   0.0000   0.0000   0.3851
   3.000   0.7908   0.01336   0.00562  -0.1007  0.6676  1.0000  -0.9559   0.0000   0.0000   0.0000   0.3739
   3.500   0.8448   0.01380   0.00599  -0.0997  0.6442  1.0000  -1.0444   0.0000   0.0000   0.0000   0.3641
   4.000   0.8962   0.01433   0.00657  -0.0984  0.6198  1.0000  -1.2416   0.0000   0.0000   0.0000   0.3553
   4.500   0.9484   0.01489   0.00715  -0.0971  0.5970  1.0000  -1.4883   0.0000   0.0000   0.0000   0.3475
   5.000   0.9999   0.01547   0.00781  -0.0957  0.5731  1.0000  -1.7655   0.0000   0.0000   0.0000   0.3402
   5.500   1.0487   0.01598   0.00838  -0.0935  0.5428  1.0000  -2.0689   0.0000   0.0000   0.0000   0.3331
   6.000   1.0905   0.01639   0.00883  -0.0899  0.4959  1.0000  -2.3684   0.0000   0.0000   0.0000   0.3258
   6.500   1.1312   0.01695   0.00945  -0.0863  0.4469  1.0000  -2.7390   0.0000   0.0000   0.0000   0.3191
   7.000   1.1663   0.01771   0.01025  -0.0819  0.3773  1.0000  -3.1069   0.0000   0.0000   0.0000   0.3123
   7.500   1.1811   0.01983   0.01164  -0.0749  0.2268  1.0000  -3.3929   0.0000   0.0000   0.0000   0.3049
   8.000   1.1790   0.02379   0.01465  -0.0667  0.0997  1.0000  -3.5996   0.0000   0.0000   0.0000   0.2974
   8.500   1.1847   0.02686   0.01761  -0.0594  0.0723  1.0000  -3.8423   0.0000   0.0000   0.0000   0.2903
   9.000   1.1922   0.03001   0.02084  -0.0531  0.0600  1.0000  -4.0902   0.0000   0.0000   0.0000   0.2841
   9.500   1.2016   0.03347   0.02431  -0.0480  0.0518  1.0000  -4.3544   0.0000   0.0000   0.0000   0.2788
  10.000   1.2210   0.03705   0.02797  -0.0440  0.0459  1.0000  -4.6439   0.0000   0.0000   0.0000   0.2741
  10.500   1.2481   0.04067   0.03178  -0.0408  0.0401  1.0000  -4.9665   0.0000   0.0000   0.0000   0.2701
  11.000   1.2843   0.04478   0.03607  -0.0385  0.0357  1.0000  -5.3672   0.0000   0.0000   0.0000   0.2667
  11.500   1.2998   0.04954   0.04142  -0.0351  0.0321  1.0000  -5.6362   0.0000   0.0000   0.0000   0.2629
  12.000   1.3100   0.05543   0.04778  -0.0321  0.0302  1.0000  -5.8631   0.0000   0.0000   0.0000   0.2597
  12.500   1.2964   0.06287   0.05594  -0.0292  0.0294  1.0000  -5.8889   0.0000   0.0000   0.0000   0.2569
  13.000   1.2720   0.07155   0.06523  -0.0281  0.0290  1.0000  -5.8518   0.0000   0.0000   0.0000   0.2557
  13.500   1.2389   0.08187   0.07610  -0.0296  0.0289  1.0000  -5.7471   0.0000   0.0000   0.0000   0.2566
  14.000   1.1997   0.09420   0.08891  -0.0341  0.0290  1.0000  -5.5731   0.0000   0.0000   0.0000   0.2604
  14.500   1.1565   0.10904   0.10417  -0.0420  0.0293  1.0000  -5.3205   0.0000   0.0000   0.0000   0.2675
  15.000   1.1128   0.12670   0.12216  -0.0532  0.0299  1.0000  -4.9783   0.0000   0.0000   0.0000   0.2784
  15.500   1.0757   0.14620   0.14183  -0.0658  0.0306  1.0000  -4.5617   0.0000   0.0000   0.0000   0.2915


