xflr5 v6.61

 Calculated polar for: NACA4412_8_00

 1 1 Reynolds number fixed          Mach number fixed         

 xtrf =   1.000 (top)        1.000 (bottom)
 Mach =   0.200     Re =     0.100 e 6     Ncrit =   7.000

  alpha     CL        CD       CDp       Cm    Top Xtr Bot Xtr   Cpmin    Chinge    XCp    
 ------- -------- --------- --------- -------- ------- ------- -------- --------- ---------
 -23.000  -0.7395   0.28175   0.27595   0.0500  1.0000  0.0192  -1.5789   0.0000   0.0000   0.0000   0.3021
 -22.500  -0.7223   0.27581   0.27001   0.0459  1.0000  0.0203  -1.5360   0.0000   0.0000   0.0000   0.2985
 -22.000  -0.7048   0.26988   0.26406   0.0415  1.0000  0.0215  -1.5167   0.0000   0.0000   0.0000   0.2945
 -21.500  -0.6873   0.26425   0.25843   0.0370  1.0000  0.0221  -1.5317   0.0000   0.0000   0.0000   0.2898
 -21.000  -0.6702   0.25836   0.25256   0.0326  1.0000  0.0224  -1.5705   0.0000   0.0000   0.0000   0.2851
 -20.500  -0.6525   0.25141   0.24559   0.0293  1.0000  0.0232  -1.5124   0.0000   0.0000   0.0000   0.2819
 -20.000  -0.6350   0.24524   0.23941   0.0254  1.0000  0.0243  -1.4987   0.0000   0.0000   0.0000   0.2776
 -19.500  -0.6175   0.23908   0.23326   0.0215  1.0000  0.0254  -1.5024   0.0000   0.0000   0.0000   0.2728
 -19.000  -0.6004   0.23331   0.22750   0.0172  1.0000  0.0262  -1.5382   0.0000   0.0000   0.0000   0.2671
 -18.500  -0.5836   0.22707   0.22127   0.0134  1.0000  0.0266  -1.5486   0.0000   0.0000   0.0000   0.2617
 -18.000  -0.5660   0.22018   0.21437   0.0105  1.0000  0.0278  -1.4757   0.0000   0.0000   0.0000   0.2577
 -17.500  -0.5490   0.21398   0.20818   0.0071  1.0000  0.0296  -1.4522   0.0000   0.0000   0.0000   0.2524
 -17.000  -0.5341   0.20874   0.20296   0.0026  1.0000  0.0308  -1.5049   0.0000   0.0000   0.0000   0.2448
 -16.500  -0.5165   0.20126   0.19549   0.0003  1.0000  0.0318  -1.4263   0.0000   0.0000   0.0000   0.2406
 -16.000  -0.5001   0.19487   0.18912  -0.0026  1.0000  0.0335  -1.4110   0.0000   0.0000   0.0000   0.2351
 -15.500  -0.4853   0.18883   0.18310  -0.0061  1.0000  0.0352  -1.4600   0.0000   0.0000   0.0000   0.2280
 -15.000  -0.4725   0.18296   0.17727  -0.0098  1.0000  0.0358  -1.5320   0.0000   0.0000   0.0000   0.2203
 -14.500  -0.4552   0.17566   0.16996  -0.0114  1.0000  0.0375  -1.4683   0.0000   0.0000   0.0000   0.2160
 -14.000  -0.4414   0.16942   0.16374  -0.0142  1.0000  0.0397  -1.4848   0.0000   0.0000   0.0000   0.2092
 -13.500  -0.4332   0.16436   0.15873  -0.0182  1.0000  0.0408  -1.5920   0.0000   0.0000   0.0000   0.1996
 -13.000  -0.4152   0.15652   0.15091  -0.0190  1.0000  0.0430  -1.4961   0.0000   0.0000   0.0000   0.1960
 -12.500  -0.4062   0.15094   0.14537  -0.0222  1.0000  0.0459  -1.5537   0.0000   0.0000   0.0000   0.1873
 -12.000  -0.3925   0.14390   0.13837  -0.0236  1.0000  0.0477  -1.5154   0.0000   0.0000   0.0000   0.1821
 -11.500  -0.3816   0.13776   0.13226  -0.0256  1.0000  0.0506  -1.5113   0.0000   0.0000   0.0000   0.1753
 -11.000  -0.3819   0.13317   0.12776  -0.0298  1.0000  0.0520  -1.6403   0.0000   0.0000   0.0000   0.1650
 -10.500  -0.3623   0.12524   0.11986  -0.0291  1.0000  0.0548  -1.5041   0.0000   0.0000   0.0000   0.1627
 -10.000  -0.3593   0.11995   0.11465  -0.0319  1.0000  0.0577  -1.5824   0.0000   0.0000   0.0000   0.1547
  -9.500  -0.3490   0.11334   0.10811  -0.0322  1.0000  0.0596  -1.5737   0.0000   0.0000   0.0000   0.1512
  -9.000  -0.3450   0.10796   0.10282  -0.0334  1.0000  0.0635  -1.6092   0.0000   0.0000   0.0000   0.1472
  -8.500  -0.3410   0.10224   0.09722  -0.0335  1.0000  0.0665  -1.6213   0.0000   0.0000   0.0000   0.1461
  -8.000  -0.3503   0.09808   0.09323  -0.0343  1.0000  0.0708  -1.7095   0.0000   0.0000   0.0000   0.1473
  -7.500  -0.3496   0.09273   0.08801  -0.0316  1.0000  0.0737  -1.6777   0.0000   0.0000   0.0000   0.1552
  -7.000  -0.3700   0.08940   0.08488  -0.0283  1.0000  0.0767  -1.7342   0.0000   0.0000   0.0000   0.1699
  -6.500  -0.3882   0.08485   0.08051  -0.0298  1.0000  0.0785  -1.8578   0.0000   0.0000   0.0000   0.1702
  -6.000  -0.3879   0.07990   0.07563  -0.0263  1.0000  0.0821  -1.7936   0.0000   0.0000   0.0000   0.1795
  -5.500  -0.3869   0.07367   0.06944  -0.0310  1.0000  0.0863  -1.8822   0.0000   0.0000   0.0000   0.1675
  -5.000  -0.3558   0.06586   0.06152  -0.0392  0.9966  0.0936  -1.8869   0.0000   0.0000   0.0000   0.1374
  -4.000  -0.1805   0.03419   0.02770  -0.0741  0.9749  0.0517  -2.5524   0.0000   0.0000   0.0000  -0.1664
  -3.500  -0.0993   0.02767   0.01999  -0.0810  0.9647  0.0569  -2.3985   0.0000   0.0000   0.0000  -0.5757
  -3.000  -0.0220   0.02360   0.01495  -0.0852  0.9526  0.0658  -2.1450   0.0000   0.0000   0.0000  -3.6676
  -2.500   0.0536   0.02114   0.01206  -0.0887  0.9393  0.0813  -1.8440   0.0000   0.0000   0.0000   1.9195
  -2.000   0.1303   0.01938   0.01024  -0.0924  0.9263  0.1120  -1.5175   0.0000   0.0000   0.0000   0.9637
  -1.500   0.2048   0.01800   0.00908  -0.0956  0.9122  0.1779  -1.1940   0.0000   0.0000   0.0000   0.7192
  -1.000   0.2748   0.01670   0.00835  -0.0981  0.8957  0.3359  -0.8968   0.0000   0.0000   0.0000   0.6081
  -0.500   0.3555   0.01461   0.00768  -0.1015  0.8819  1.0000  -0.6009   0.0000   0.0000   0.0000   0.5357
   0.000   0.4245   0.01447   0.00714  -0.1031  0.8624  1.0000  -0.6049   0.0000   0.0000   0.0000   0.4925
   0.500   0.4917   0.01430   0.00670  -0.1043  0.8417  1.0000  -0.6518   0.0000   0.0000   0.0000   0.4611
   1.000   0.5528   0.01424   0.00646  -0.1043  0.8173  1.0000  -0.6974   0.0000   0.0000   0.0000   0.4372
   1.500   0.6126   0.01425   0.00633  -0.1040  0.7918  1.0000  -0.7448   0.0000   0.0000   0.0000   0.4179
   2.000   0.6708   0.01435   0.00632  -0.1035  0.7652  1.0000  -0.7946   0.0000   0.0000   0.0000   0.4020
   2.500   0.7275   0.01456   0.00647  -0.1027  0.7383  1.0000  -0.8474   0.0000   0.0000   0.0000   0.3885
   3.000   0.7832   0.01489   0.00674  -0.1018  0.7116  1.0000  -0.9054   0.0000   0.0000   0.0000   0.3769
   3.500   0.8384   0.01529   0.00716  -0.1009  0.6859  1.0000  -1.0835   0.0000   0.0000   0.0000   0.3668
   4.000   0.8921   0.01580   0.00771  -0.0997  0.6601  1.0000  -1.3381   0.0000   0.0000   0.0000   0.3578
   4.500   0.9440   0.01640   0.00847  -0.0983  0.6338  1.0000  -1.6333   0.0000   0.0000   0.0000   0.3496
   5.000   0.9956   0.01703   0.00928  -0.0968  0.6068  1.0000  -1.9598   0.0000   0.0000   0.0000   0.3421
   5.500   1.0425   0.01733   0.00964  -0.0936  0.5621  1.0000  -2.3599   0.0000   0.0000   0.0000   0.3342
   6.000   1.0824   0.01762   0.00992  -0.0891  0.4972  1.0000  -2.7602   0.0000   0.0000   0.0000   0.3261
   6.500   1.1170   0.01832   0.01062  -0.0842  0.4142  1.0000  -3.1567   0.0000   0.0000   0.0000   0.3185
   7.000   1.1214   0.02155   0.01244  -0.0758  0.1652  1.0000  -3.4215   0.0000   0.0000   0.0000   0.3101
   7.500   1.1269   0.02583   0.01604  -0.0686  0.0812  1.0000  -3.6355   0.0000   0.0000   0.0000   0.3028
   8.000   1.1382   0.02907   0.01925  -0.0620  0.0641  1.0000  -3.8851   0.0000   0.0000   0.0000   0.2958
   8.500   1.1562   0.03233   0.02259  -0.0565  0.0534  1.0000  -4.1548   0.0000   0.0000   0.0000   0.2896
   9.000   1.1910   0.03616   0.02647  -0.0534  0.0453  1.0000  -4.4779   0.0000   0.0000   0.0000   0.2849
   9.500   1.2434   0.04112   0.03178  -0.0525  0.0393  1.0000  -4.8983   0.0000   0.0000   0.0000   0.2816
  10.000   1.2770   0.04645   0.03764  -0.0499  0.0347  1.0000  -5.2366   0.0000   0.0000   0.0000   0.2778
  10.500   1.2880   0.05289   0.04492  -0.0448  0.0334  1.0000  -5.3496   0.0000   0.0000   0.0000   0.2729
  11.000   1.2777   0.05955   0.05229  -0.0389  0.0329  1.0000  -5.3743   0.0000   0.0000   0.0000   0.2680
  11.500   1.2518   0.06698   0.06036  -0.0343  0.0329  1.0000  -5.3192   0.0000   0.0000   0.0000   0.2643
  12.000   1.2166   0.07577   0.06971  -0.0327  0.0330  1.0000  -5.2081   0.0000   0.0000   0.0000   0.2631
  12.500   1.1754   0.08661   0.08104  -0.0348  0.0334  1.0000  -5.0384   0.0000   0.0000   0.0000   0.2651
  13.000   1.1318   0.09986   0.09468  -0.0409  0.0340  1.0000  -4.8133   0.0000   0.0000   0.0000   0.2710
  13.500   1.0909   0.11536   0.11046  -0.0502  0.0348  1.0000  -4.5422   0.0000   0.0000   0.0000   0.2803
  14.000   1.0612   0.13154   0.12677  -0.0602  0.0355  1.0000  -4.2725   0.0000   0.0000   0.0000   0.2905
  17.000   1.0317   0.22467   0.21974  -0.1139  0.0686  1.0000  -2.1281   0.0000   0.0000   0.0000   0.3422


