xflr5 v6.61

 Calculated polar for: NACA4412_7_00

 1 1 Reynolds number fixed          Mach number fixed         

 xtrf =   1.000 (top)        1.000 (bottom)
 Mach =   0.200     Re =     0.070 e 6     Ncrit =   9.000

  alpha     CL        CD       CDp       Cm    Top Xtr Bot Xtr   Cpmin    Chinge    XCp    
 ------- -------- --------- --------- -------- ------- ------- -------- --------- ---------
 -17.000  -0.3798   0.18034   0.17437  -0.0093  1.0000  0.0487  -1.0035   0.0000   0.0000   0.0000   0.2222
 -16.500  -0.3706   0.17611   0.17013  -0.0118  1.0000  0.0512  -1.0139   0.0000   0.0000   0.0000   0.2149
 -16.000  -0.3634   0.17247   0.16649  -0.0145  1.0000  0.0523  -1.0431   0.0000   0.0000   0.0000   0.2070
 -15.500  -0.3507   0.16664   0.16064  -0.0160  1.0000  0.0552  -0.9950   0.0000   0.0000   0.0000   0.2012
 -15.000  -0.3447   0.16340   0.15740  -0.0185  1.0000  0.0577  -1.0338   0.0000   0.0000   0.0000   0.1933
 -14.500  -0.3348   0.15822   0.15222  -0.0200  1.0000  0.0596  -1.0440   0.0000   0.0000   0.0000   0.1870
 -14.000  -0.3276   0.15425   0.14824  -0.0217  1.0000  0.0631  -1.0682   0.0000   0.0000   0.0000   0.1805
 -13.500  -0.3250   0.15109   0.14509  -0.0236  1.0000  0.0651  -1.1237   0.0000   0.0000   0.0000   0.1742
 -13.000  -0.3159   0.14604   0.14004  -0.0248  1.0000  0.0698  -1.1202   0.0000   0.0000   0.0000   0.1683
 -12.500  -0.3097   0.14113   0.13517  -0.0263  1.0000  0.0725  -1.1469   0.0000   0.0000   0.0000   0.1616
 -12.000  -0.3027   0.13615   0.13021  -0.0277  1.0000  0.0770  -1.1584   0.0000   0.0000   0.0000   0.1552
 -11.500  -0.2960   0.13049   0.12459  -0.0289  1.0000  0.0798  -1.1708   0.0000   0.0000   0.0000   0.1491
 -11.000  -0.2918   0.12549   0.11963  -0.0302  1.0000  0.0846  -1.1914   0.0000   0.0000   0.0000   0.1432
 -10.500  -0.2836   0.11911   0.11330  -0.0307  1.0000  0.0883  -1.1776   0.0000   0.0000   0.0000   0.1385
 -10.000  -0.2875   0.11480   0.10908  -0.0324  1.0000  0.0927  -1.2367   0.0000   0.0000   0.0000   0.1343
  -9.750  -0.2785   0.11054   0.10484  -0.0318  1.0000  0.0950  -1.1924   0.0000   0.0000   0.0000   0.1328
  -9.500  -0.2760   0.10764   0.10198  -0.0319  1.0000  0.0984  -1.1846   0.0000   0.0000   0.0000   0.1317
  -9.250  -0.2822   0.10582   0.10022  -0.0329  1.0000  0.1005  -1.2318   0.0000   0.0000   0.0000   0.1310
  -9.000  -0.2741   0.10176   0.09620  -0.0320  1.0000  0.1036  -1.1856   0.0000   0.0000   0.0000   0.1307
  -8.750  -0.2755   0.09928   0.09376  -0.0321  1.0000  0.1075  -1.2028   0.0000   0.0000   0.0000   0.1311
  -8.500  -0.2865   0.09788   0.09246  -0.0330  1.0000  0.1089  -1.2687   0.0000   0.0000   0.0000   0.1327
  -8.250  -0.2738   0.09331   0.08791  -0.0313  1.0000  0.1143  -1.2162   0.0000   0.0000   0.0000   0.1335
  -8.000  -0.2837   0.09167   0.08637  -0.0315  1.0000  0.1169  -1.2677   0.0000   0.0000   0.0000   0.1368
  -7.750  -0.2779   0.08787   0.08262  -0.0302  1.0000  0.1203  -1.2462   0.0000   0.0000   0.0000   0.1394
  -7.500  -0.2828   0.08564   0.08047  -0.0294  1.0000  0.1242  -1.2644   0.0000   0.0000   0.0000   0.1444
  -7.250  -0.2998   0.08467   0.07963  -0.0285  1.0000  0.1257  -1.3228   0.0000   0.0000   0.0000   0.1533
  -7.000  -0.2918   0.08062   0.07562  -0.0266  1.0000  0.1295  -1.2866   0.0000   0.0000   0.0000   0.1575
  -6.750  -0.3025   0.07893   0.07404  -0.0246  1.0000  0.1329  -1.3083   0.0000   0.0000   0.0000   0.1673
  -6.500  -0.3229   0.07820   0.07344  -0.0227  1.0000  0.1344  -1.3597   0.0000   0.0000   0.0000   0.1786
  -6.250  -0.3686   0.08594   0.08074  -0.0252  1.0000  0.1312  -1.5532   0.0000   0.0000   0.0000   0.1794
  -5.750  -0.3699   0.08094   0.07587  -0.0252  1.0000  0.1393  -1.5754   0.0000   0.0000   0.0000   0.1798
  -5.500  -0.3697   0.07866   0.07363  -0.0294  1.0000  0.1447  -1.6319   0.0000   0.0000   0.0000   0.1687
  -5.250  -0.3654   0.07566   0.07067  -0.0262  1.0000  0.1501  -1.5872   0.0000   0.0000   0.0000   0.1764
  -5.000  -0.3605   0.07274   0.06778  -0.0278  1.0000  0.1561  -1.5977   0.0000   0.0000   0.0000   0.1712
  -4.750  -0.3520   0.06984   0.06486  -0.0305  1.0000  0.1645  -1.6081   0.0000   0.0000   0.0000   0.1618
  -4.500  -0.3415   0.06688   0.06189  -0.0324  1.0000  0.1741  -1.6015   0.0000   0.0000   0.0000   0.1537
  -4.250  -0.3316   0.06389   0.05888  -0.0324  1.0000  0.1848  -1.5719   0.0000   0.0000   0.0000   0.1507
  -4.000  -0.3221   0.06104   0.05605  -0.0316  1.0000  0.1974  -1.5291   0.0000   0.0000   0.0000   0.1503
  -3.000  -0.2543   0.05004   0.04482  -0.0372  1.0000  0.2848  -1.3613   0.0000   0.0000   0.0000   0.1020
  -2.500  -0.1198   0.03510   0.02792  -0.0609  1.0000  0.1235  -1.7287   0.0000   0.0000   0.0000  -0.2616
  -2.250  -0.0768   0.03077   0.02254  -0.0640  1.0000  0.1085  -1.8231   0.0000   0.0000   0.0000  -0.5894
  -2.000  -0.0494   0.02895   0.02045  -0.0646  1.0000  0.1133  -1.7463   0.0000   0.0000   0.0000  -1.0643
  -1.750  -0.0187   0.02703   0.01794  -0.0652  1.0000  0.1158  -1.7030   0.0000   0.0000   0.0000  -3.2506
  -1.500   0.0081   0.02585   0.01640  -0.0654  1.0000  0.1253  -1.6119   0.0000   0.0000   0.0000   8.3948
  -1.250   0.0337   0.02487   0.01522  -0.0654  1.0000  0.1363  -1.5328   0.0000   0.0000   0.0000   2.2003
  -1.000   0.0618   0.02417   0.01437  -0.0659  0.9988  0.1545  -1.4356   0.0000   0.0000   0.0000   1.3208
  -0.750   0.1105   0.02342   0.01368  -0.0700  0.9904  0.1960  -1.2700   0.0000   0.0000   0.0000   0.8856
  -0.500   0.1597   0.02268   0.01317  -0.0741  0.9819  0.2816  -1.1076   0.0000   0.0000   0.0000   0.7151
  -0.250   0.2035   0.02004   0.01250  -0.0766  0.9741  1.0000  -0.9647   0.0000   0.0000   0.0000   0.6267
   0.000   0.2504   0.02066   0.01254  -0.0806  0.9613  1.0000  -0.7803   0.0000   0.0000   0.0000   0.5719
   0.250   0.2957   0.02121   0.01275  -0.0844  0.9482  1.0000  -0.6155   0.0000   0.0000   0.0000   0.5351
   0.500   0.3416   0.02170   0.01298  -0.0883  0.9359  1.0000  -0.5127   0.0000   0.0000   0.0000   0.5077
   0.750   0.3812   0.02213   0.01324  -0.0909  0.9217  1.0000  -0.5365   0.0000   0.0000   0.0000   0.4874
   1.000   0.4206   0.02253   0.01350  -0.0933  0.9079  1.0000  -0.5610   0.0000   0.0000   0.0000   0.4707
   1.250   0.4608   0.02287   0.01375  -0.0958  0.8947  1.0000  -0.5870   0.0000   0.0000   0.0000   0.4565
   1.500   0.5005   0.02316   0.01398  -0.0981  0.8818  1.0000  -0.6139   0.0000   0.0000   0.0000   0.4444
   1.750   0.5396   0.02342   0.01420  -0.1001  0.8692  1.0000  -0.6413   0.0000   0.0000   0.0000   0.4338
   2.000   0.5777   0.02364   0.01443  -0.1019  0.8566  1.0000  -0.6693   0.0000   0.0000   0.0000   0.4244
   2.250   0.6150   0.02385   0.01465  -0.1034  0.8442  1.0000  -0.6980   0.0000   0.0000   0.0000   0.4161
   2.500   0.6505   0.02405   0.01488  -0.1046  0.8318  1.0000  -0.7269   0.0000   0.0000   0.0000   0.4084
   2.750   0.6844   0.02425   0.01516  -0.1053  0.8195  1.0000  -0.7565   0.0000   0.0000   0.0000   0.4013
   3.000   0.7176   0.02445   0.01543  -0.1059  0.8074  1.0000  -0.7877   0.0000   0.0000   0.0000   0.3948
   3.250   0.7510   0.02461   0.01567  -0.1063  0.7957  1.0000  -0.8653   0.0000   0.0000   0.0000   0.3887
   3.500   0.7880   0.02458   0.01579  -0.1071  0.7853  1.0000  -1.0077   0.0000   0.0000   0.0000   0.3828
   3.750   0.8211   0.02467   0.01601  -0.1073  0.7737  1.0000  -1.1607   0.0000   0.0000   0.0000   0.3773
   4.000   0.8492   0.02498   0.01646  -0.1068  0.7606  1.0000  -1.3134   0.0000   0.0000   0.0000   0.3722
   4.250   0.8771   0.02530   0.01693  -0.1063  0.7475  1.0000  -1.4848   0.0000   0.0000   0.0000   0.3674
   4.500   0.9050   0.02561   0.01745  -0.1057  0.7342  1.0000  -1.6688   0.0000   0.0000   0.0000   0.3627
   4.750   0.9332   0.02587   0.01791  -0.1050  0.7207  1.0000  -1.8845   0.0000   0.0000   0.0000   0.3582
   5.000   0.9619   0.02607   0.01833  -0.1041  0.7067  1.0000  -2.1101   0.0000   0.0000   0.0000   0.3537
   5.250   0.9929   0.02597   0.01851  -0.1031  0.6912  1.0000  -2.3542   0.0000   0.0000   0.0000   0.3491
   5.500   1.0306   0.02339   0.01602  -0.0990  0.6513  1.0000  -2.6804   0.0000   0.0000   0.0000   0.3410
   5.750   1.0585   0.02144   0.01399  -0.0941  0.5989  1.0000  -2.9905   0.0000   0.0000   0.0000   0.3335
   6.000   1.0752   0.02086   0.01349  -0.0895  0.5455  1.0000  -3.2189   0.0000   0.0000   0.0000   0.3275
   6.250   1.0786   0.02071   0.01310  -0.0827  0.4382  1.0000  -3.3479   0.0000   0.0000   0.0000   0.3205
   6.500   1.0597   0.02393   0.01435  -0.0750  0.1808  1.0000  -3.3231   0.0000   0.0000   0.0000   0.3143
   6.750   1.0600   0.02696   0.01675  -0.0710  0.1288  1.0000  -3.3590   0.0000   0.0000   0.0000   0.3102
   7.000   1.0680   0.02926   0.01881  -0.0678  0.1090  1.0000  -3.4419   0.0000   0.0000   0.0000   0.3065
   7.250   1.0848   0.03135   0.02083  -0.0655  0.0944  1.0000  -3.5522   0.0000   0.0000   0.0000   0.3031
   7.500   1.1157   0.03393   0.02324  -0.0649  0.0841  1.0000  -3.7009   0.0000   0.0000   0.0000   0.3006
   7.750   1.1494   0.03675   0.02615  -0.0648  0.0758  1.0000  -3.8975   0.0000   0.0000   0.0000   0.2985
   8.000   1.1859   0.04033   0.02971  -0.0653  0.0710  1.0000  -4.0936   0.0000   0.0000   0.0000   0.2969
   8.250   1.2097   0.04362   0.03359  -0.0637  0.0695  1.0000  -4.1767   0.0000   0.0000   0.0000   0.2942
   8.500   1.2274   0.04695   0.03741  -0.0617  0.0671  1.0000  -4.2574   0.0000   0.0000   0.0000   0.2916
   8.750   1.2444   0.05065   0.04145  -0.0601  0.0652  1.0000  -4.3537   0.0000   0.0000   0.0000   0.2894
   9.000   1.2501   0.05458   0.04608  -0.0570  0.0665  1.0000  -4.3271   0.0000   0.0000   0.0000   0.2864
   9.250   1.2523   0.05887   0.05094  -0.0540  0.0683  1.0000  -4.2965   0.0000   0.0000   0.0000   0.2837
   9.500   1.2560   0.06344   0.05588  -0.0517  0.0701  1.0000  -4.2933   0.0000   0.0000   0.0000   0.2815
   9.750   1.2474   0.06763   0.06059  -0.0485  0.0726  1.0000  -4.2210   0.0000   0.0000   0.0000   0.2790
  10.000   1.2291   0.07201   0.06543  -0.0452  0.0752  1.0000  -4.1204   0.0000   0.0000   0.0000   0.2767
  10.250   1.2315   0.07727   0.07086  -0.0439  0.0785  1.0000  -4.1144   0.0000   0.0000   0.0000   0.2753
  10.500   1.1938   0.08045   0.07439  -0.0403  0.0797  1.0000  -3.9807   0.0000   0.0000   0.0000   0.2733
  10.750   1.1621   0.08498   0.07917  -0.0395  0.0809  1.0000  -3.8671   0.0000   0.0000   0.0000   0.2732
  11.000   1.1338   0.09050   0.08486  -0.0406  0.0821  1.0000  -3.7579   0.0000   0.0000   0.0000   0.2748
  11.500   1.0894   0.10403   0.09862  -0.0467  0.0865  1.0000  -3.5324   0.0000   0.0000   0.0000   0.2813
  12.000   1.0173   0.12936   0.12394  -0.0666  0.0976  1.0000  -2.9086   0.0000   0.0000   0.0000   0.3039
  12.500   0.9614   0.16229   0.15666  -0.0930  0.2088  1.0000  -2.0201   0.0000   0.0000   0.0000   0.3356
  13.000   0.9685   0.17133   0.16569  -0.0956  0.1967  1.0000  -2.0112   0.0000   0.0000   0.0000   0.3370


