xflr5 v6.61

 Calculated polar for: NACA4412_9_00

 1 1 Reynolds number fixed          Mach number fixed         

 xtrf =   1.000 (top)        1.000 (bottom)
 Mach =   0.200     Re =     0.070 e 6     Ncrit =   7.000

  alpha     CL        CD       CDp       Cm    Top Xtr Bot Xtr   Cpmin    Chinge    XCp    
 ------- -------- --------- --------- -------- ------- ------- -------- --------- ---------
 -20.500  -0.6297   0.24956   0.24255   0.0231  1.0000  0.0372  -1.4942   0.0000   0.0000   0.0000   0.2714
 -20.000  -0.6122   0.24357   0.23655   0.0193  1.0000  0.0392  -1.4731   0.0000   0.0000   0.0000   0.2667
 -19.500  -0.5959   0.23833   0.23133   0.0149  1.0000  0.0405  -1.4913   0.0000   0.0000   0.0000   0.2606
 -19.000  -0.5786   0.23166   0.22468   0.0114  1.0000  0.0414  -1.4625   0.0000   0.0000   0.0000   0.2558
 -18.500  -0.5608   0.22513   0.21815   0.0083  1.0000  0.0434  -1.4092   0.0000   0.0000   0.0000   0.2513
 -18.000  -0.5444   0.21934   0.21237   0.0046  1.0000  0.0455  -1.4354   0.0000   0.0000   0.0000   0.2453
 -17.500  -0.5304   0.21441   0.20748   0.0003  1.0000  0.0463  -1.5010   0.0000   0.0000   0.0000   0.2378
 -17.000  -0.5112   0.20663   0.19969  -0.0018  1.0000  0.0485  -1.4432   0.0000   0.0000   0.0000   0.2340
 -16.500  -0.4964   0.20111   0.19419  -0.0054  1.0000  0.0515  -1.4736   0.0000   0.0000   0.0000   0.2269
 -16.000  -0.4802   0.19437   0.18748  -0.0082  1.0000  0.0534  -1.4645   0.0000   0.0000   0.0000   0.2212
 -15.500  -0.4647   0.18821   0.18134  -0.0110  1.0000  0.0565  -1.4574   0.0000   0.0000   0.0000   0.2149
 -15.000  -0.4561   0.18395   0.17713  -0.0152  1.0000  0.0581  -1.5372   0.0000   0.0000   0.0000   0.2056
 -14.500  -0.4358   0.17557   0.16875  -0.0163  1.0000  0.0609  -1.4542   0.0000   0.0000   0.0000   0.2016
 -14.000  -0.4250   0.17013   0.16335  -0.0194  1.0000  0.0640  -1.4834   0.0000   0.0000   0.0000   0.1936
 -13.500  -0.4109   0.16325   0.15651  -0.0214  1.0000  0.0659  -1.4620   0.0000   0.0000   0.0000   0.1874
 -13.000  -0.3989   0.15726   0.15056  -0.0237  1.0000  0.0700  -1.4509   0.0000   0.0000   0.0000   0.1805
 -12.500  -0.3872   0.15081   0.14416  -0.0256  1.0000  0.0731  -1.4436   0.0000   0.0000   0.0000   0.1739
 -12.000  -0.3817   0.14582   0.13923  -0.0284  1.0000  0.0778  -1.5002   0.0000   0.0000   0.0000   0.1661
 -11.500  -0.3663   0.13854   0.13200  -0.0291  1.0000  0.0814  -1.4691   0.0000   0.0000   0.0000   0.1612
 -11.000  -0.3662   0.13397   0.12752  -0.0321  1.0000  0.0852  -1.5508   0.0000   0.0000   0.0000   0.1534
 -10.500  -0.3497   0.12655   0.12016  -0.0320  1.0000  0.0893  -1.4987   0.0000   0.0000   0.0000   0.1497
 -10.000  -0.3569   0.12259   0.11633  -0.0353  1.0000  0.0930  -1.6064   0.0000   0.0000   0.0000   0.1432
  -9.500  -0.3403   0.11536   0.10914  -0.0343  1.0000  0.0992  -1.5325   0.0000   0.0000   0.0000   0.1415
  -9.000  -0.3353   0.10966   0.10356  -0.0343  1.0000  0.1050  -1.5234   0.0000   0.0000   0.0000   0.1403
  -8.500  -0.3407   0.10484   0.09892  -0.0349  1.0000  0.1102  -1.5662   0.0000   0.0000   0.0000   0.1410
  -8.000  -0.3467   0.10043   0.09467  -0.0339  1.0000  0.1166  -1.5807   0.0000   0.0000   0.0000   0.1461
  -7.500  -0.3501   0.09531   0.08972  -0.0312  1.0000  0.1204  -1.5625   0.0000   0.0000   0.0000   0.1554
  -7.000  -0.3796   0.09260   0.08725  -0.0283  1.0000  0.1253  -1.6415   0.0000   0.0000   0.0000   0.1710
  -6.500  -0.3856   0.08753   0.08233  -0.0252  1.0000  0.1293  -1.6410   0.0000   0.0000   0.0000   0.1807
  -6.000  -0.4025   0.08288   0.07782  -0.0278  1.0000  0.1355  -1.7365   0.0000   0.0000   0.0000   0.1777
  -5.500  -0.4025   0.07739   0.07236  -0.0300  1.0000  0.1441  -1.7722   0.0000   0.0000   0.0000   0.1726
  -4.500  -0.3525   0.05619   0.05056  -0.0438  1.0000  0.0935  -2.1078   0.0000   0.0000   0.0000   0.1225
  -4.000  -0.2715   0.04246   0.03578  -0.0578  0.9910  0.0757  -2.2652   0.0000   0.0000   0.0000   0.0326
  -3.500  -0.1837   0.03383   0.02573  -0.0679  0.9796  0.0801  -2.2362   0.0000   0.0000   0.0000  -0.1259
  -3.000  -0.0999   0.02912   0.01983  -0.0741  0.9660  0.0916  -2.0514   0.0000   0.0000   0.0000  -0.5024
  -2.500  -0.0199   0.02641   0.01655  -0.0788  0.9507  0.1112  -1.8094   0.0000   0.0000   0.0000  -3.7677
  -2.000   0.0616   0.02458   0.01452  -0.0836  0.9354  0.1467  -1.5173   0.0000   0.0000   0.0000   1.6179
  -1.500   0.1339   0.02327   0.01334  -0.0865  0.9166  0.2090  -1.2421   0.0000   0.0000   0.0000   0.9002
  -1.000   0.2101   0.02191   0.01247  -0.0902  0.8992  0.3500  -0.9606   0.0000   0.0000   0.0000   0.6811
  -0.500   0.2901   0.01978   0.01183  -0.0934  0.8823  1.0000  -0.6971   0.0000   0.0000   0.0000   0.5723
   0.000   0.3658   0.01987   0.01138  -0.0965  0.8623  1.0000  -0.5961   0.0000   0.0000   0.0000   0.5135
   0.500   0.4387   0.01985   0.01102  -0.0989  0.8422  1.0000  -0.6456   0.0000   0.0000   0.0000   0.4745
   1.000   0.5025   0.01996   0.01090  -0.0996  0.8192  1.0000  -0.6921   0.0000   0.0000   0.0000   0.4467
   1.500   0.5715   0.01990   0.01067  -0.1009  0.7992  1.0000  -0.7454   0.0000   0.0000   0.0000   0.4247
   2.000   0.6315   0.02008   0.01075  -0.1008  0.7758  1.0000  -0.7959   0.0000   0.0000   0.0000   0.4072
   2.500   0.6897   0.02036   0.01100  -0.1004  0.7526  1.0000  -0.8490   0.0000   0.0000   0.0000   0.3927
   3.000   0.7524   0.02050   0.01111  -0.1005  0.7317  1.0000  -0.9112   0.0000   0.0000   0.0000   0.3802
   3.500   0.8049   0.02108   0.01177  -0.0992  0.7075  1.0000  -0.9738   0.0000   0.0000   0.0000   0.3695
   4.000   0.8631   0.02148   0.01223  -0.0986  0.6861  1.0000  -1.1419   0.0000   0.0000   0.0000   0.3600
   4.500   0.9149   0.02217   0.01309  -0.0972  0.6624  1.0000  -1.3613   0.0000   0.0000   0.0000   0.3514
   5.000   0.9668   0.02289   0.01399  -0.0956  0.6386  1.0000  -1.6199   0.0000   0.0000   0.0000   0.3436
   5.500   1.0234   0.02336   0.01467  -0.0944  0.6147  1.0000  -1.9278   0.0000   0.0000   0.0000   0.3364
   6.000   1.0732   0.02392   0.01551  -0.0920  0.5847  1.0000  -2.2381   0.0000   0.0000   0.0000   0.3293
   6.500   1.1180   0.02378   0.01552  -0.0877  0.5375  1.0000  -2.5922   0.0000   0.0000   0.0000   0.3214
   7.000   1.1552   0.02370   0.01556  -0.0822  0.4794  1.0000  -2.9684   0.0000   0.0000   0.0000   0.3134
   7.500   1.1804   0.02417   0.01616  -0.0754  0.4058  1.0000  -3.2969   0.0000   0.0000   0.0000   0.3055
   8.000   1.1805   0.02613   0.01754  -0.0659  0.2598  1.0000  -3.5068   0.0000   0.0000   0.0000   0.2967
   8.500   1.1590   0.03105   0.02137  -0.0561  0.1453  1.0000  -3.6046   0.0000   0.0000   0.0000   0.2886
   9.000   1.1535   0.03571   0.02573  -0.0494  0.1093  1.0000  -3.7560   0.0000   0.0000   0.0000   0.2823
   9.500   1.1649   0.03980   0.02981  -0.0445  0.0888  1.0000  -3.9733   0.0000   0.0000   0.0000   0.2770
  10.000   1.1999   0.04356   0.03355  -0.0412  0.0736  1.0000  -4.2853   0.0000   0.0000   0.0000   0.2725
  10.500   1.2500   0.04812   0.03831  -0.0395  0.0622  1.0000  -4.6342   0.0000   0.0000   0.0000   0.2691
  11.000   1.2901   0.05421   0.04494  -0.0377  0.0563  1.0000  -4.9110   0.0000   0.0000   0.0000   0.2660
  11.500   1.3048   0.06034   0.05149  -0.0346  0.0516  1.0000  -5.1462   0.0000   0.0000   0.0000   0.2626
  12.000   1.2847   0.06765   0.05960  -0.0301  0.0507  1.0000  -5.1332   0.0000   0.0000   0.0000   0.2589
  12.500   1.2538   0.07615   0.06874  -0.0279  0.0503  1.0000  -5.0650   0.0000   0.0000   0.0000   0.2570
  13.000   1.2147   0.08628   0.07942  -0.0287  0.0504  1.0000  -4.9402   0.0000   0.0000   0.0000   0.2576
  13.500   1.1711   0.09849   0.09209  -0.0331  0.0508  1.0000  -4.7592   0.0000   0.0000   0.0000   0.2614
  14.000   1.1278   0.11281   0.10674  -0.0406  0.0515  1.0000  -4.5298   0.0000   0.0000   0.0000   0.2685
  15.500   1.0020   0.18084   0.17487  -0.0840  0.0626  1.0000  -2.8024   0.0000   0.0000   0.0000   0.3162
  18.500   0.7676   0.21626   0.21110  -0.0884  0.1051  1.0000  -1.3628   0.0000   0.0000   0.0000   0.3482
  19.000   0.7756   0.22339   0.21826  -0.0907  0.0996  1.0000  -1.3569   0.0000   0.0000   0.0000   0.3493
  19.500   0.7850   0.23056   0.22551  -0.0929  0.0935  1.0000  -1.3612   0.0000   0.0000   0.0000   0.3499
  20.000   0.7850   0.23726   0.23223  -0.0967  0.0892  1.0000  -1.2821   0.0000   0.0000   0.0000   0.3542


