xflr5 v6.61

 Calculated polar for: NACA4412_9_00

 1 1 Reynolds number fixed          Mach number fixed         

 xtrf =   1.000 (top)        1.000 (bottom)
 Mach =   0.200     Re =     0.125 e 6     Ncrit =   9.000

  alpha     CL        CD       CDp       Cm    Top Xtr Bot Xtr   Cpmin    Chinge    XCp    
 ------- -------- --------- --------- -------- ------- ------- -------- --------- ---------
 -24.500  -0.7632   0.29620   0.29095   0.0557  1.0000  0.0187  -1.6581   0.0000   0.0000   0.0000   0.3028
 -24.000  -0.7466   0.29013   0.28487   0.0516  1.0000  0.0194  -1.5937   0.0000   0.0000   0.0000   0.2998
 -23.500  -0.7296   0.28431   0.27904   0.0473  1.0000  0.0203  -1.5562   0.0000   0.0000   0.0000   0.2962
 -23.000  -0.7123   0.27848   0.27320   0.0429  1.0000  0.0216  -1.5387   0.0000   0.0000   0.0000   0.2922
 -22.500  -0.6952   0.27334   0.26806   0.0379  1.0000  0.0222  -1.5804   0.0000   0.0000   0.0000   0.2870
 -22.000  -0.6780   0.26664   0.26137   0.0341  1.0000  0.0225  -1.5676   0.0000   0.0000   0.0000   0.2833
 -21.500  -0.6606   0.26032   0.25504   0.0305  1.0000  0.0234  -1.5179   0.0000   0.0000   0.0000   0.2798
 -21.000  -0.6431   0.25428   0.24900   0.0266  1.0000  0.0244  -1.5001   0.0000   0.0000   0.0000   0.2754
 -20.500  -0.6257   0.24822   0.24294   0.0225  1.0000  0.0256  -1.4992   0.0000   0.0000   0.0000   0.2706
 -20.000  -0.6088   0.24274   0.23746   0.0179  1.0000  0.0263  -1.5428   0.0000   0.0000   0.0000   0.2645
 -19.500  -0.5917   0.23606   0.23079   0.0144  1.0000  0.0267  -1.5210   0.0000   0.0000   0.0000   0.2597
 -19.000  -0.5740   0.22952   0.22425   0.0113  1.0000  0.0278  -1.4484   0.0000   0.0000   0.0000   0.2556
 -18.500  -0.5568   0.22336   0.21809   0.0078  1.0000  0.0294  -1.4175   0.0000   0.0000   0.0000   0.2503
 -18.000  -0.5417   0.21819   0.21294   0.0031  1.0000  0.0308  -1.4846   0.0000   0.0000   0.0000   0.2425
 -17.500  -0.5240   0.21079   0.20555   0.0007  1.0000  0.0317  -1.4445   0.0000   0.0000   0.0000   0.2383
 -17.000  -0.5071   0.20448   0.19926  -0.0023  1.0000  0.0333  -1.4304   0.0000   0.0000   0.0000   0.2329
 -16.500  -0.4915   0.19838   0.19316  -0.0058  1.0000  0.0351  -1.4679   0.0000   0.0000   0.0000   0.2259
 -16.000  -0.4798   0.19318   0.18800  -0.0102  1.0000  0.0358  -1.5739   0.0000   0.0000   0.0000   0.2168
 -15.500  -0.4607   0.18539   0.18021  -0.0115  1.0000  0.0373  -1.4757   0.0000   0.0000   0.0000   0.2133
 -15.000  -0.4459   0.17915   0.17399  -0.0143  1.0000  0.0394  -1.4763   0.0000   0.0000   0.0000   0.2065
 -14.500  -0.4379   0.17432   0.16919  -0.0188  1.0000  0.0407  -1.5967   0.0000   0.0000   0.0000   0.1960
 -14.000  -0.4186   0.16632   0.16121  -0.0194  1.0000  0.0428  -1.4826   0.0000   0.0000   0.0000   0.1926
 -13.500  -0.4081   0.16058   0.15550  -0.0226  1.0000  0.0458  -1.5232   0.0000   0.0000   0.0000   0.1840
 -13.000  -0.3957   0.15374   0.14870  -0.0245  1.0000  0.0471  -1.5128   0.0000   0.0000   0.0000   0.1775
 -12.500  -0.3825   0.14741   0.14238  -0.0261  1.0000  0.0498  -1.4697   0.0000   0.0000   0.0000   0.1715
 -12.000  -0.3814   0.14258   0.13762  -0.0302  1.0000  0.0519  -1.5858   0.0000   0.0000   0.0000   0.1610
 -11.500  -0.3630   0.13481   0.12988  -0.0300  1.0000  0.0540  -1.5020   0.0000   0.0000   0.0000   0.1577
 -11.000  -0.3566   0.12910   0.12423  -0.0322  1.0000  0.0574  -1.5538   0.0000   0.0000   0.0000   0.1504
 -10.500  -0.3488   0.12267   0.11786  -0.0335  1.0000  0.0592  -1.5733   0.0000   0.0000   0.0000   0.1451
 -10.000  -0.3441   0.11726   0.11253  -0.0350  1.0000  0.0638  -1.6000   0.0000   0.0000   0.0000   0.1399
  -9.750  -0.3556   0.11568   0.11104  -0.0379  1.0000  0.0644  -1.7365   0.0000   0.0000   0.0000   0.1355
  -9.500  -0.3359   0.11106   0.10639  -0.0350  1.0000  0.0668  -1.5777   0.0000   0.0000   0.0000   0.1377
  -9.250  -0.3339   0.10837   0.10375  -0.0353  1.0000  0.0690  -1.5816   0.0000   0.0000   0.0000   0.1365
  -9.000  -0.3414   0.10631   0.10176  -0.0369  1.0000  0.0708  -1.6665   0.0000   0.0000   0.0000   0.1344
  -8.500  -0.3347   0.10024   0.09579  -0.0355  1.0000  0.0733  -1.6199   0.0000   0.0000   0.0000   0.1370
  -8.250  -0.3353   0.09786   0.09346  -0.0349  1.0000  0.0754  -1.6151   0.0000   0.0000   0.0000   0.1393
  -8.000  -0.3457   0.09602   0.09172  -0.0347  1.0000  0.0773  -1.6729   0.0000   0.0000   0.0000   0.1434
  -7.750  -0.3679   0.09505   0.09088  -0.0339  1.0000  0.0779  -1.7775   0.0000   0.0000   0.0000   0.1524
  -7.500  -0.3927   0.09417   0.09014  -0.0324  1.0000  0.0781  -1.8749   0.0000   0.0000   0.0000   0.1627
  -7.250  -0.3689   0.08998   0.08592  -0.0288  1.0000  0.0803  -1.6942   0.0000   0.0000   0.0000   0.1670
  -7.000  -0.3810   0.08854   0.08456  -0.0260  1.0000  0.0817  -1.7010   0.0000   0.0000   0.0000   0.1773
  -6.750  -0.3934   0.08679   0.08289  -0.0247  1.0000  0.0834  -1.7316   0.0000   0.0000   0.0000   0.1831
  -6.500  -0.4109   0.08462   0.08080  -0.0276  1.0000  0.0851  -1.8530   0.0000   0.0000   0.0000   0.1793
  -6.250  -0.4156   0.08166   0.07789  -0.0275  1.0000  0.0860  -1.8703   0.0000   0.0000   0.0000   0.1804
  -6.000  -0.4139   0.07958   0.07586  -0.0238  1.0000  0.0878  -1.7880   0.0000   0.0000   0.0000   0.1892
  -5.750  -0.4157   0.07694   0.07323  -0.0253  1.0000  0.0915  -1.8163   0.0000   0.0000   0.0000   0.1861
  -5.500  -0.4154   0.07334   0.06964  -0.0282  1.0000  0.0940  -1.8688   0.0000   0.0000   0.0000   0.1793
  -5.000  -0.3616   0.06491   0.06105  -0.0391  0.9910  0.1063  -1.7936   0.0000   0.0000   0.0000   0.1389
  -4.750  -0.3243   0.05981   0.05583  -0.0472  0.9842  0.1134  -1.7626   0.0000   0.0000   0.0000   0.1011
  -4.500  -0.2857   0.05502   0.05086  -0.0548  0.9772  0.1223  -1.7221   0.0000   0.0000   0.0000   0.0546
  -4.000  -0.1885   0.03518   0.02931  -0.0751  0.9663  0.0771  -2.1753   0.0000   0.0000   0.0000  -0.1547
  -3.750  -0.1465   0.02917   0.02222  -0.0788  0.9620  0.0705  -2.3056   0.0000   0.0000   0.0000  -0.2967
  -3.500  -0.1063   0.02678   0.01944  -0.0816  0.9564  0.0737  -2.1992   0.0000   0.0000   0.0000  -0.5289
  -3.250  -0.0674   0.02463   0.01656  -0.0834  0.9498  0.0780  -2.1267   0.0000   0.0000   0.0000  -1.0060
  -3.000  -0.0229   0.02312   0.01478  -0.0864  0.9454  0.0850  -1.9795   0.0000   0.0000   0.0000  -3.5764
  -2.750   0.0133   0.02197   0.01344  -0.0878  0.9375  0.0932  -1.8608   0.0000   0.0000   0.0000   6.9365
  -2.500   0.0504   0.02106   0.01255  -0.0894  0.9300  0.1047  -1.7100   0.0000   0.0000   0.0000   2.0415
  -2.250   0.0949   0.02011   0.01158  -0.0923  0.9250  0.1218  -1.5451   0.0000   0.0000   0.0000   1.2314
  -2.000   0.1299   0.01941   0.01090  -0.0934  0.9163  0.1428  -1.3963   0.0000   0.0000   0.0000   0.9746
  -1.750   0.1670   0.01874   0.01032  -0.0950  0.9083  0.1731  -1.2565   0.0000   0.0000   0.0000   0.8222
  -1.500   0.2112   0.01792   0.00976  -0.0978  0.9032  0.2215  -1.0964   0.0000   0.0000   0.0000   0.7157
  -1.250   0.2456   0.01725   0.00938  -0.0989  0.8941  0.2859  -0.9583   0.0000   0.0000   0.0000   0.6543
  -0.750   0.3374   0.01445   0.00856  -0.1043  0.8829  1.0000  -0.6632   0.0000   0.0000   0.0000   0.5598
  -0.500   0.3752   0.01429   0.00816  -0.1057  0.8741  1.0000  -0.6009   0.0000   0.0000   0.0000   0.5318
  -0.250   0.4158   0.01404   0.00771  -0.1075  0.8667  1.0000  -0.6275   0.0000   0.0000   0.0000   0.5082
   0.000   0.4478   0.01393   0.00745  -0.1077  0.8554  1.0000  -0.6501   0.0000   0.0000   0.0000   0.4899
   0.250   0.4794   0.01382   0.00722  -0.1078  0.8440  1.0000  -0.6728   0.0000   0.0000   0.0000   0.4740
   0.500   0.5109   0.01372   0.00701  -0.1079  0.8325  1.0000  -0.6961   0.0000   0.0000   0.0000   0.4600
   0.750   0.5421   0.01363   0.00682  -0.1079  0.8208  1.0000  -0.7199   0.0000   0.0000   0.0000   0.4476
   1.000   0.5729   0.01356   0.00665  -0.1078  0.8089  1.0000  -0.7439   0.0000   0.0000   0.0000   0.4366
   1.250   0.6031   0.01352   0.00652  -0.1076  0.7967  1.0000  -0.7684   0.0000   0.0000   0.0000   0.4266
   1.500   0.6328   0.01351   0.00643  -0.1074  0.7842  1.0000  -0.7933   0.0000   0.0000   0.0000   0.4176
   1.750   0.6622   0.01354   0.00637  -0.1071  0.7717  1.0000  -0.8188   0.0000   0.0000   0.0000   0.4095
   2.000   0.6913   0.01359   0.00634  -0.1068  0.7591  1.0000  -0.8449   0.0000   0.0000   0.0000   0.4020
   2.250   0.7183   0.01373   0.00643  -0.1062  0.7457  1.0000  -0.8706   0.0000   0.0000   0.0000   0.3951
   2.500   0.7451   0.01389   0.00655  -0.1055  0.7324  1.0000  -0.8972   0.0000   0.0000   0.0000   0.3887
   2.750   0.7717   0.01408   0.00670  -0.1049  0.7193  1.0000  -0.9248   0.0000   0.0000   0.0000   0.3828
   3.000   0.7982   0.01429   0.00689  -0.1043  0.7065  1.0000  -0.9543   0.0000   0.0000   0.0000   0.3772
   3.250   0.8248   0.01452   0.00711  -0.1037  0.6941  1.0000  -0.9861   0.0000   0.0000   0.0000   0.3721
   3.500   0.8516   0.01476   0.00733  -0.1031  0.6822  1.0000  -1.0462   0.0000   0.0000   0.0000   0.3672
   3.750   0.8791   0.01499   0.00754  -0.1026  0.6709  1.0000  -1.1419   0.0000   0.0000   0.0000   0.3626
   4.000   0.9064   0.01524   0.00780  -0.1021  0.6594  1.0000  -1.2523   0.0000   0.0000   0.0000   0.3583
   4.250   0.9314   0.01555   0.00815  -0.1013  0.6470  1.0000  -1.3680   0.0000   0.0000   0.0000   0.3541
   4.500   0.9569   0.01586   0.00850  -0.1005  0.6349  1.0000  -1.4957   0.0000   0.0000   0.0000   0.3502
   4.750   0.9827   0.01616   0.00884  -0.0998  0.6228  1.0000  -1.6279   0.0000   0.0000   0.0000   0.3464
   5.000   1.0088   0.01645   0.00918  -0.0990  0.6104  1.0000  -1.7752   0.0000   0.0000   0.0000   0.3427
   5.250   1.0344   0.01670   0.00948  -0.0981  0.5969  1.0000  -1.9283   0.0000   0.0000   0.0000   0.3392
   5.500   1.0581   0.01685   0.00966  -0.0966  0.5788  1.0000  -2.0811   0.0000   0.0000   0.0000   0.3354
   5.750   1.0824   0.01687   0.00960  -0.0951  0.5574  1.0000  -2.2424   0.0000   0.0000   0.0000   0.3316
   6.000   1.1029   0.01699   0.00980  -0.0931  0.5348  1.0000  -2.3961   0.0000   0.0000   0.0000   0.3278
   6.250   1.1257   0.01713   0.00991  -0.0914  0.5135  1.0000  -2.5922   0.0000   0.0000   0.0000   0.3243
   6.500   1.1452   0.01731   0.01019  -0.0893  0.4893  1.0000  -2.7806   0.0000   0.0000   0.0000   0.3208
   6.750   1.1641   0.01751   0.01046  -0.0871  0.4625  1.0000  -2.9711   0.0000   0.0000   0.0000   0.3173
   7.000   1.1811   0.01774   0.01071  -0.0846  0.4303  1.0000  -3.1561   0.0000   0.0000   0.0000   0.3137
   7.250   1.1944   0.01808   0.01106  -0.0815  0.3837  1.0000  -3.3245   0.0000   0.0000   0.0000   0.3100
   7.500   1.1979   0.01900   0.01158  -0.0770  0.2926  1.0000  -3.4474   0.0000   0.0000   0.0000   0.3057
   7.750   1.1856   0.02148   0.01310  -0.0710  0.1668  1.0000  -3.4998   0.0000   0.0000   0.0000   0.3010
   8.000   1.1789   0.02379   0.01493  -0.0660  0.1185  1.0000  -3.5638   0.0000   0.0000   0.0000   0.2968
   8.250   1.1772   0.02559   0.01656  -0.0616  0.0999  1.0000  -3.6519   0.0000   0.0000   0.0000   0.2928
   8.500   1.1793   0.02726   0.01820  -0.0579  0.0877  1.0000  -3.7577   0.0000   0.0000   0.0000   0.2893
   8.750   1.1830   0.02898   0.01988  -0.0547  0.0798  1.0000  -3.8696   0.0000   0.0000   0.0000   0.2860
   9.000   1.1904   0.03071   0.02158  -0.0519  0.0731  1.0000  -3.9958   0.0000   0.0000   0.0000   0.2831
   9.250   1.2015   0.03243   0.02329  -0.0498  0.0669  1.0000  -4.1394   0.0000   0.0000   0.0000   0.2806
   9.500   1.2196   0.03429   0.02513  -0.0483  0.0620  1.0000  -4.3011   0.0000   0.0000   0.0000   0.2784
   9.750   1.2468   0.03639   0.02717  -0.0479  0.0574  1.0000  -4.4986   0.0000   0.0000   0.0000   0.2769
  10.000   1.2688   0.03831   0.02921  -0.0470  0.0530  1.0000  -4.6757   0.0000   0.0000   0.0000   0.2752
  10.250   1.2967   0.04097   0.03213  -0.0467  0.0499  1.0000  -4.8480   0.0000   0.0000   0.0000   0.2738
  10.500   1.3247   0.04364   0.03488  -0.0468  0.0469  1.0000  -5.0790   0.0000   0.0000   0.0000   0.2728
  10.750   1.3326   0.04635   0.03798  -0.0444  0.0449  1.0000  -5.1821   0.0000   0.0000   0.0000   0.2704
  11.000   1.3360   0.04901   0.04101  -0.0416  0.0434  1.0000  -5.2612   0.0000   0.0000   0.0000   0.2679
  11.250   1.3406   0.05209   0.04441  -0.0392  0.0426  1.0000  -5.3379   0.0000   0.0000   0.0000   0.2657
  11.500   1.3412   0.05530   0.04793  -0.0368  0.0421  1.0000  -5.3960   0.0000   0.0000   0.0000   0.2635
  11.750   1.3365   0.05869   0.05162  -0.0342  0.0419  1.0000  -5.4239   0.0000   0.0000   0.0000   0.2613
  12.000   1.3252   0.06231   0.05557  -0.0316  0.0419  1.0000  -5.4104   0.0000   0.0000   0.0000   0.2592
  12.250   1.3081   0.06627   0.05988  -0.0293  0.0421  1.0000  -5.3595   0.0000   0.0000   0.0000   0.2574
  12.500   1.2876   0.07068   0.06463  -0.0278  0.0424  1.0000  -5.2870   0.0000   0.0000   0.0000   0.2563
  12.750   1.2644   0.07561   0.06987  -0.0273  0.0429  1.0000  -5.1966   0.0000   0.0000   0.0000   0.2559
  13.000   1.2402   0.08106   0.07559  -0.0278  0.0433  1.0000  -5.0993   0.0000   0.0000   0.0000   0.2563
  13.250   1.2160   0.08700   0.08179  -0.0293  0.0438  1.0000  -4.9977   0.0000   0.0000   0.0000   0.2576
  13.500   1.1920   0.09346   0.08846  -0.0317  0.0442  1.0000  -4.8908   0.0000   0.0000   0.0000   0.2597
  13.750   1.1686   0.10041   0.09559  -0.0350  0.0447  1.0000  -4.7785   0.0000   0.0000   0.0000   0.2627
  14.000   1.1467   0.10773   0.10306  -0.0389  0.0452  1.0000  -4.6641   0.0000   0.0000   0.0000   0.2663
  14.250   1.1285   0.11513   0.11058  -0.0429  0.0457  1.0000  -4.5602   0.0000   0.0000   0.0000   0.2701
  14.500   1.1193   0.12160   0.11710  -0.0458  0.0461  1.0000  -4.5087   0.0000   0.0000   0.0000   0.2727


