xflr5 v6.61

 Calculated polar for: NACA4412_9_00

 1 1 Reynolds number fixed          Mach number fixed         

 xtrf =   1.000 (top)        1.000 (bottom)
 Mach =   0.200     Re =     0.100 e 6     Ncrit =   7.000

  alpha     CL        CD       CDp       Cm    Top Xtr Bot Xtr   Cpmin    Chinge    XCp    
 ------- -------- --------- --------- -------- ------- ------- -------- --------- ---------
 -25.500  -0.7978   0.30763   0.30180   0.0652  1.0000  0.0188  -1.6795   0.0000   0.0000   0.0000   0.3101
 -25.000  -0.7815   0.30179   0.29594   0.0609  1.0000  0.0194  -1.6319   0.0000   0.0000   0.0000   0.3071
 -24.500  -0.7648   0.29607   0.29021   0.0564  1.0000  0.0203  -1.6030   0.0000   0.0000   0.0000   0.3037
 -24.000  -0.7478   0.29034   0.28447   0.0519  1.0000  0.0216  -1.5902   0.0000   0.0000   0.0000   0.3000
 -23.500  -0.7307   0.28515   0.27928   0.0469  1.0000  0.0222  -1.6168   0.0000   0.0000   0.0000   0.2954
 -23.000  -0.7137   0.27877   0.27290   0.0428  1.0000  0.0225  -1.5805   0.0000   0.0000   0.0000   0.2918
 -22.500  -0.6965   0.27253   0.26664   0.0390  1.0000  0.0234  -1.5303   0.0000   0.0000   0.0000   0.2885
 -22.000  -0.6792   0.26660   0.26071   0.0349  1.0000  0.0244  -1.5196   0.0000   0.0000   0.0000   0.2845
 -21.500  -0.6618   0.26066   0.25475   0.0308  1.0000  0.0255  -1.5235   0.0000   0.0000   0.0000   0.2801
 -21.000  -0.6446   0.25501   0.24911   0.0263  1.0000  0.0262  -1.5557   0.0000   0.0000   0.0000   0.2749
 -20.500  -0.6278   0.24922   0.24334   0.0219  1.0000  0.0265  -1.5796   0.0000   0.0000   0.0000   0.2695
 -20.000  -0.6098   0.24224   0.23635   0.0189  1.0000  0.0275  -1.5013   0.0000   0.0000   0.0000   0.2661
 -19.500  -0.5923   0.23614   0.23024   0.0153  1.0000  0.0289  -1.4692   0.0000   0.0000   0.0000   0.2613
 -19.000  -0.5756   0.23038   0.22449   0.0111  1.0000  0.0306  -1.4842   0.0000   0.0000   0.0000   0.2552
 -18.500  -0.5590   0.22404   0.21817   0.0074  1.0000  0.0312  -1.4729   0.0000   0.0000   0.0000   0.2496
 -18.000  -0.5414   0.21750   0.21163   0.0045  1.0000  0.0326  -1.4257   0.0000   0.0000   0.0000   0.2451
 -17.500  -0.5248   0.21134   0.20548   0.0011  1.0000  0.0344  -1.4403   0.0000   0.0000   0.0000   0.2392
 -17.000  -0.5101   0.20580   0.19997  -0.0030  1.0000  0.0355  -1.5151   0.0000   0.0000   0.0000   0.2315
 -16.500  -0.4933   0.19878   0.19296  -0.0057  1.0000  0.0363  -1.5004   0.0000   0.0000   0.0000   0.2261
 -16.000  -0.4767   0.19235   0.18654  -0.0083  1.0000  0.0381  -1.4725   0.0000   0.0000   0.0000   0.2206
 -15.500  -0.4624   0.18633   0.18055  -0.0116  1.0000  0.0402  -1.5042   0.0000   0.0000   0.0000   0.2132
 -15.000  -0.4489   0.17994   0.17419  -0.0146  1.0000  0.0413  -1.5302   0.0000   0.0000   0.0000   0.2059
 -14.500  -0.4330   0.17348   0.16774  -0.0167  1.0000  0.0443  -1.4841   0.0000   0.0000   0.0000   0.2002
 -14.000  -0.4250   0.16841   0.16271  -0.0207  1.0000  0.0462  -1.5762   0.0000   0.0000   0.0000   0.1904
 -13.500  -0.4076   0.16077   0.15510  -0.0218  1.0000  0.0478  -1.4973   0.0000   0.0000   0.0000   0.1859
 -13.000  -0.3952   0.15458   0.14894  -0.0240  1.0000  0.0505  -1.4868   0.0000   0.0000   0.0000   0.1788
 -12.500  -0.3934   0.14985   0.14427  -0.0282  1.0000  0.0520  -1.6022   0.0000   0.0000   0.0000   0.1684
 -12.000  -0.3733   0.14188   0.13632  -0.0280  1.0000  0.0544  -1.4917   0.0000   0.0000   0.0000   0.1651
 -11.500  -0.3671   0.13620   0.13070  -0.0306  1.0000  0.0576  -1.5560   0.0000   0.0000   0.0000   0.1570
 -11.000  -0.3554   0.12959   0.12414  -0.0315  1.0000  0.0603  -1.5383   0.0000   0.0000   0.0000   0.1520
 -10.500  -0.3553   0.12458   0.11922  -0.0345  1.0000  0.0642  -1.6307   0.0000   0.0000   0.0000   0.1442
 -10.000  -0.3414   0.11772   0.11240  -0.0341  1.0000  0.0670  -1.5712   0.0000   0.0000   0.0000   0.1416
  -9.500  -0.3433   0.11264   0.10743  -0.0362  1.0000  0.0707  -1.6482   0.0000   0.0000   0.0000   0.1366
  -9.000  -0.3358   0.10639   0.10128  -0.0358  1.0000  0.0729  -1.6223   0.0000   0.0000   0.0000   0.1359
  -8.500  -0.3381   0.10144   0.09646  -0.0360  1.0000  0.0771  -1.6516   0.0000   0.0000   0.0000   0.1365
  -8.000  -0.3494   0.09661   0.09180  -0.0354  1.0000  0.0789  -1.7153   0.0000   0.0000   0.0000   0.1425
  -7.500  -0.3553   0.09237   0.08770  -0.0319  1.0000  0.0835  -1.6795   0.0000   0.0000   0.0000   0.1547
  -7.000  -0.3945   0.08957   0.08514  -0.0302  1.0000  0.0852  -1.8367   0.0000   0.0000   0.0000   0.1691
  -6.500  -0.3955   0.08485   0.08053  -0.0252  1.0000  0.0898  -1.7415   0.0000   0.0000   0.0000   0.1823
  -5.500  -0.3802   0.07082   0.06650  -0.0392  0.9941  0.1012  -1.9080   0.0000   0.0000   0.0000   0.1436
  -5.000  -0.3045   0.04968   0.04457  -0.0620  0.9814  0.0576  -2.4362   0.0000   0.0000   0.0000   0.0418
  -4.500  -0.2314   0.03736   0.03116  -0.0738  0.9692  0.0572  -2.5391   0.0000   0.0000   0.0000  -0.0753
  -4.000  -0.1558   0.02906   0.02145  -0.0806  0.9579  0.0592  -2.5067   0.0000   0.0000   0.0000  -0.2765
  -3.500  -0.0785   0.02507   0.01657  -0.0852  0.9464  0.0678  -2.2648   0.0000   0.0000   0.0000  -0.8507
  -3.000  -0.0044   0.02250   0.01349  -0.0884  0.9332  0.0819  -1.9868   0.0000   0.0000   0.0000  -20.3061
  -2.000   0.1420   0.01929   0.01019  -0.0942  0.9050  0.1464  -1.3747   0.0000   0.0000   0.0000   0.9188
  -1.500   0.2167   0.01800   0.00920  -0.0974  0.8915  0.2278  -1.0804   0.0000   0.0000   0.0000   0.7016
  -1.000   0.2818   0.01668   0.00852  -0.0987  0.8740  0.3957  -0.8208   0.0000   0.0000   0.0000   0.6014
  -0.500   0.3658   0.01482   0.00790  -0.1024  0.8593  1.0000  -0.5987   0.0000   0.0000   0.0000   0.5300
   0.000   0.4360   0.01458   0.00726  -0.1041  0.8410  1.0000  -0.6463   0.0000   0.0000   0.0000   0.4881
   0.500   0.4961   0.01452   0.00694  -0.1039  0.8173  1.0000  -0.6902   0.0000   0.0000   0.0000   0.4583
   1.000   0.5561   0.01450   0.00670  -0.1037  0.7932  1.0000  -0.7362   0.0000   0.0000   0.0000   0.4349
   1.500   0.6155   0.01454   0.00658  -0.1034  0.7686  1.0000  -0.7849   0.0000   0.0000   0.0000   0.4159
   2.000   0.6743   0.01466   0.00653  -0.1029  0.7441  1.0000  -0.8361   0.0000   0.0000   0.0000   0.4002
   2.500   0.7293   0.01495   0.00673  -0.1020  0.7182  1.0000  -0.8888   0.0000   0.0000   0.0000   0.3869
   3.000   0.7829   0.01535   0.00708  -0.1009  0.6927  1.0000  -0.9455   0.0000   0.0000   0.0000   0.3754
   3.500   0.8370   0.01581   0.00752  -0.0998  0.6687  1.0000  -1.0252   0.0000   0.0000   0.0000   0.3654
   4.000   0.8911   0.01631   0.00802  -0.0988  0.6456  1.0000  -1.2205   0.0000   0.0000   0.0000   0.3565
   4.500   0.9422   0.01694   0.00876  -0.0973  0.6215  1.0000  -1.4592   0.0000   0.0000   0.0000   0.3484
   5.000   0.9947   0.01754   0.00947  -0.0960  0.5980  1.0000  -1.7327   0.0000   0.0000   0.0000   0.3411
   5.500   1.0460   0.01813   0.01016  -0.0943  0.5716  1.0000  -2.0395   0.0000   0.0000   0.0000   0.3341
   6.000   1.0899   0.01846   0.01058  -0.0908  0.5293  1.0000  -2.3436   0.0000   0.0000   0.0000   0.3267
   6.500   1.1291   0.01885   0.01106  -0.0866  0.4787  1.0000  -2.7025   0.0000   0.0000   0.0000   0.3195
   7.000   1.1642   0.01946   0.01177  -0.0819  0.4183  1.0000  -3.0692   0.0000   0.0000   0.0000   0.3125
   7.500   1.1859   0.02072   0.01277  -0.0754  0.3046  1.0000  -3.3826   0.0000   0.0000   0.0000   0.3050
   8.000   1.1774   0.02482   0.01562  -0.0662  0.1346  1.0000  -3.5567   0.0000   0.0000   0.0000   0.2970
   8.500   1.1753   0.02853   0.01902  -0.0581  0.0907  1.0000  -3.7492   0.0000   0.0000   0.0000   0.2897
   9.000   1.1799   0.03203   0.02251  -0.0518  0.0732  1.0000  -3.9723   0.0000   0.0000   0.0000   0.2834
   9.500   1.1907   0.03567   0.02619  -0.0467  0.0629  1.0000  -4.2164   0.0000   0.0000   0.0000   0.2780
  10.000   1.2130   0.03927   0.02988  -0.0429  0.0538  1.0000  -4.5113   0.0000   0.0000   0.0000   0.2735
  10.500   1.2525   0.04323   0.03396  -0.0405  0.0473  1.0000  -4.8524   0.0000   0.0000   0.0000   0.2697
  11.000   1.2864   0.04786   0.03894  -0.0381  0.0418  1.0000  -5.1986   0.0000   0.0000   0.0000   0.2663
  11.500   1.3039   0.05382   0.04555  -0.0348  0.0389  1.0000  -5.4171   0.0000   0.0000   0.0000   0.2627
  12.000   1.3142   0.05939   0.05140  -0.0320  0.0358  1.0000  -5.6928   0.0000   0.0000   0.0000   0.2596
  12.500   1.2898   0.06697   0.05972  -0.0287  0.0350  1.0000  -5.6637   0.0000   0.0000   0.0000   0.2567
  13.000   1.2595   0.07596   0.06934  -0.0278  0.0347  1.0000  -5.5896   0.0000   0.0000   0.0000   0.2558
  13.500   1.2225   0.08662   0.08054  -0.0298  0.0347  1.0000  -5.4613   0.0000   0.0000   0.0000   0.2573
  14.000   1.1822   0.09914   0.09351  -0.0349  0.0349  1.0000  -5.2823   0.0000   0.0000   0.0000   0.2616
  14.500   1.1419   0.11361   0.10834  -0.0428  0.0352  1.0000  -5.0547   0.0000   0.0000   0.0000   0.2689
  15.000   1.1064   0.12961   0.12458  -0.0526  0.0356  1.0000  -4.7895   0.0000   0.0000   0.0000   0.2784
  16.000   1.0250   0.17966   0.17475  -0.0839  0.0408  1.0000  -3.3151   0.0000   0.0000   0.0000   0.3129
  17.500   1.0303   0.22672   0.22171  -0.1086  0.0776  1.0000  -2.2199   0.0000   0.0000   0.0000   0.3355
  18.000   1.0507   0.23477   0.22979  -0.1105  0.0712  1.0000  -2.3062   0.0000   0.0000   0.0000   0.3344
  18.500   1.0502   0.24219   0.23715  -0.1195  0.0663  1.0000  -2.1249   0.0000   0.0000   0.0000   0.3423
  19.000   1.0646   0.25011   0.24507  -0.1237  0.0635  1.0000  -2.1157   0.0000   0.0000   0.0000   0.3439
  19.500   1.0786   0.25739   0.25238  -0.1284  0.0592  1.0000  -2.1377   0.0000   0.0000   0.0000   0.3458
  20.000   1.0921   0.26521   0.26019  -0.1335  0.0570  1.0000  -2.1274   0.0000   0.0000   0.0000   0.3480


