xflr5 v6.61

 Calculated polar for: NACA4412_8_00

 1 1 Reynolds number fixed          Mach number fixed         

 xtrf =   1.000 (top)        1.000 (bottom)
 Mach =   0.200     Re =     0.050 e 6     Ncrit =   9.000

  alpha     CL        CD       CDp       Cm    Top Xtr Bot Xtr   Cpmin    Chinge    XCp    
 ------- -------- --------- --------- -------- ------- ------- -------- --------- ---------
 -28.500  -0.9227   0.34561   0.33777   0.1015  1.0000  0.0313  -1.6451   0.0000   0.0000   0.0000   0.3361
 -28.000  -0.9078   0.33962   0.33175   0.0969  1.0000  0.0323  -1.6224   0.0000   0.0000   0.0000   0.3338
 -27.500  -0.8924   0.33424   0.32633   0.0920  1.0000  0.0335  -1.6164   0.0000   0.0000   0.0000   0.3311
 -27.000  -0.8767   0.32908   0.32114   0.0871  1.0000  0.0347  -1.6208   0.0000   0.0000   0.0000   0.3281
 -26.500  -0.8609   0.32494   0.31697   0.0818  1.0000  0.0355  -1.6460   0.0000   0.0000   0.0000   0.3246
 -26.000  -0.8449   0.31837   0.31040   0.0773  1.0000  0.0364  -1.6248   0.0000   0.0000   0.0000   0.3220
 -25.500  -0.8285   0.31235   0.30435   0.0729  1.0000  0.0380  -1.5964   0.0000   0.0000   0.0000   0.3192
 -25.000  -0.8120   0.30695   0.29893   0.0682  1.0000  0.0396  -1.5886   0.0000   0.0000   0.0000   0.3159
 -24.500  -0.7956   0.30252   0.29447   0.0631  1.0000  0.0406  -1.6015   0.0000   0.0000   0.0000   0.3120
 -24.000  -0.7788   0.29608   0.28803   0.0588  1.0000  0.0414  -1.5786   0.0000   0.0000   0.0000   0.3088
 -23.500  -0.7616   0.28961   0.28154   0.0547  1.0000  0.0431  -1.5366   0.0000   0.0000   0.0000   0.3058
 -23.000  -0.7445   0.28403   0.27594   0.0503  1.0000  0.0450  -1.5170   0.0000   0.0000   0.0000   0.3021
 -22.500  -0.7281   0.27982   0.27173   0.0453  1.0000  0.0461  -1.5233   0.0000   0.0000   0.0000   0.2975
 -22.000  -0.7104   0.27243   0.26434   0.0416  1.0000  0.0473  -1.4824   0.0000   0.0000   0.0000   0.2944
 -21.500  -0.6927   0.26623   0.25811   0.0377  1.0000  0.0496  -1.4696   0.0000   0.0000   0.0000   0.2907
 -21.000  -0.6762   0.26165   0.25354   0.0330  1.0000  0.0517  -1.4968   0.0000   0.0000   0.0000   0.2857
 -20.500  -0.6583   0.25453   0.24643   0.0295  1.0000  0.0534  -1.4762   0.0000   0.0000   0.0000   0.2821
 -20.000  -0.6407   0.24840   0.24028   0.0257  1.0000  0.0562  -1.4611   0.0000   0.0000   0.0000   0.2779
 -19.500  -0.6253   0.24433   0.23624   0.0210  1.0000  0.0579  -1.4921   0.0000   0.0000   0.0000   0.2719
 -19.000  -0.6064   0.23624   0.22816   0.0181  1.0000  0.0600  -1.4462   0.0000   0.0000   0.0000   0.2685
 -18.500  -0.5894   0.23037   0.22228   0.0144  1.0000  0.0631  -1.4321   0.0000   0.0000   0.0000   0.2635
 -18.000  -0.5752   0.22616   0.21812   0.0100  1.0000  0.0646  -1.4570   0.0000   0.0000   0.0000   0.2569
 -17.500  -0.5555   0.21779   0.20973   0.0076  1.0000  0.0679  -1.3901   0.0000   0.0000   0.0000   0.2535
 -17.000  -0.5415   0.21327   0.20524   0.0035  1.0000  0.0708  -1.3994   0.0000   0.0000   0.0000   0.2467
 -16.500  -0.5230   0.20550   0.19747   0.0011  1.0000  0.0741  -1.3666   0.0000   0.0000   0.0000   0.2425
 -16.000  -0.5107   0.20130   0.19332  -0.0029  1.0000  0.0779  -1.4112   0.0000   0.0000   0.0000   0.2352
 -15.500  -0.4918   0.19317   0.18521  -0.0049  1.0000  0.0819  -1.3809   0.0000   0.0000   0.0000   0.2310
 -15.000  -0.4824   0.18942   0.18150  -0.0088  1.0000  0.0853  -1.4343   0.0000   0.0000   0.0000   0.2232
 -14.500  -0.4626   0.18081   0.17291  -0.0104  1.0000  0.0897  -1.3920   0.0000   0.0000   0.0000   0.2191
 -14.000  -0.4569   0.17761   0.16977  -0.0143  1.0000  0.0930  -1.4555   0.0000   0.0000   0.0000   0.2108
 -13.500  -0.4361   0.16865   0.16082  -0.0154  1.0000  0.0987  -1.3993   0.0000   0.0000   0.0000   0.2067
 -13.000  -0.4249   0.16261   0.15485  -0.0179  1.0000  0.1025  -1.4091   0.0000   0.0000   0.0000   0.2002
 -12.500  -0.4168   0.15775   0.15003  -0.0204  1.0000  0.1086  -1.4261   0.0000   0.0000   0.0000   0.1935
 -12.000  -0.4016   0.15043   0.14276  -0.0217  1.0000  0.1157  -1.3904   0.0000   0.0000   0.0000   0.1886
 -11.500  -0.3895   0.14392   0.13632  -0.0232  1.0000  0.1222  -1.3706   0.0000   0.0000   0.0000   0.1832
 -11.000  -0.3812   0.13809   0.13056  -0.0250  1.0000  0.1284  -1.3695   0.0000   0.0000   0.0000   0.1775
 -10.500  -0.3826   0.13449   0.12708  -0.0276  1.0000  0.1349  -1.4326   0.0000   0.0000   0.0000   0.1715
 -10.000  -0.3696   0.12748   0.12013  -0.0282  1.0000  0.1436  -1.4243   0.0000   0.0000   0.0000   0.1676
  -9.750  -0.3596   0.12318   0.11586  -0.0279  1.0000  0.1474  -1.4041   0.0000   0.0000   0.0000   0.1662
  -9.500  -0.3596   0.12108   0.11382  -0.0287  1.0000  0.1524  -1.4233   0.0000   0.0000   0.0000   0.1644
  -9.250  -0.3544   0.11767   0.11047  -0.0287  1.0000  0.1561  -1.4211   0.0000   0.0000   0.0000   0.1631
  -9.000  -0.3543   0.11551   0.10839  -0.0291  1.0000  0.1621  -1.4337   0.0000   0.0000   0.0000   0.1623
  -8.750  -0.3477   0.11197   0.10489  -0.0287  1.0000  0.1674  -1.4198   0.0000   0.0000   0.0000   0.1619
  -8.500  -0.3554   0.11087   0.10391  -0.0293  1.0000  0.1728  -1.4570   0.0000   0.0000   0.0000   0.1624
  -8.250  -0.3454   0.10685   0.09993  -0.0283  1.0000  0.1800  -1.4242   0.0000   0.0000   0.0000   0.1630
  -8.000  -0.3618   0.10671   0.09995  -0.0287  1.0000  0.1834  -1.4839   0.0000   0.0000   0.0000   0.1663
  -7.750  -0.3496   0.10242   0.09569  -0.0273  1.0000  0.1921  -1.4405   0.0000   0.0000   0.0000   0.1674
  -7.500  -0.3493   0.09963   0.09298  -0.0263  1.0000  0.1971  -1.4377   0.0000   0.0000   0.0000   0.1704
  -7.250  -0.3595   0.09840   0.09188  -0.0250  1.0000  0.2034  -1.4590   0.0000   0.0000   0.0000   0.1765
  -7.000  -0.3563   0.09522   0.08878  -0.0233  1.0000  0.2093  -1.4401   0.0000   0.0000   0.0000   0.1806
  -6.750  -0.3742   0.09469   0.08842  -0.0224  1.0000  0.2148  -1.4837   0.0000   0.0000   0.0000   0.1867
  -6.500  -0.3677   0.09116   0.08494  -0.0202  1.0000  0.2226  -1.4487   0.0000   0.0000   0.0000   0.1918
  -6.000  -0.3852   0.08783   0.08185  -0.0195  1.0000  0.2374  -1.4888   0.0000   0.0000   0.0000   0.1966
  -5.750  -0.3811   0.08461   0.07869  -0.0169  1.0000  0.2469  -1.4543   0.0000   0.0000   0.0000   0.2031
  -5.500  -0.3820   0.08204   0.07620  -0.0153  1.0000  0.2570  -1.4406   0.0000   0.0000   0.0000   0.2075
  -5.250  -0.3841   0.07969   0.07392  -0.0141  1.0000  0.2694  -1.4315   0.0000   0.0000   0.0000   0.2109
  -5.000  -0.3885   0.07779   0.07208  -0.0147  1.0000  0.2844  -1.4432   0.0000   0.0000   0.0000   0.2100
  -4.750  -0.3865   0.07483   0.06919  -0.0122  1.0000  0.2995  -1.4280   0.0000   0.0000   0.0000   0.2164
  -4.500  -0.3840   0.07220   0.06662  -0.0096  1.0000  0.3177  -1.4098   0.0000   0.0000   0.0000   0.2231
  -4.250  -0.3832   0.06966   0.06414  -0.0085  1.0000  0.3382  -1.4034   0.0000   0.0000   0.0000   0.2260
  -2.750  -0.1797   0.04062   0.03274  -0.0554  1.0000  0.1619  -1.6906   0.0000   0.0000   0.0000  -0.0613
  -2.500  -0.1479   0.03752   0.02919  -0.0575  1.0000  0.1593  -1.6636   0.0000   0.0000   0.0000  -0.1429
  -2.250  -0.1154   0.03478   0.02590  -0.0594  1.0000  0.1590  -1.6531   0.0000   0.0000   0.0000  -0.2695
  -2.000  -0.0832   0.03256   0.02295  -0.0609  1.0000  0.1633  -1.6330   0.0000   0.0000   0.0000  -0.4882
  -1.750  -0.0568   0.03105   0.02117  -0.0612  1.0000  0.1718  -1.5665   0.0000   0.0000   0.0000  -0.8347
  -1.500  -0.0308   0.02984   0.01968  -0.0614  1.0000  0.1849  -1.4916   0.0000   0.0000   0.0000  -1.7569
  -1.250  -0.0063   0.02893   0.01858  -0.0614  1.0000  0.2017  -1.4214   0.0000   0.0000   0.0000  -9.5927
  -1.000   0.0177   0.02821   0.01771  -0.0612  1.0000  0.2245  -1.3512   0.0000   0.0000   0.0000   3.7300
  -0.750   0.0421   0.02765   0.01707  -0.0611  1.0000  0.2567  -1.2679   0.0000   0.0000   0.0000   1.7084
  -0.500   0.0683   0.02715   0.01657  -0.0614  1.0000  0.3061  -1.1753   0.0000   0.0000   0.0000   1.1517
  -0.250   0.0977   0.02631   0.01611  -0.0621  1.0000  0.4012  -1.0768   0.0000   0.0000   0.0000   0.8878
   0.000   0.1149   0.02410   0.01560  -0.0600  1.0000  1.0000  -1.0239   0.0000   0.0000   0.0000   0.7729
   0.250   0.1600   0.02528   0.01599  -0.0644  0.9897  1.0000  -0.8752   0.0000   0.0000   0.0000   0.6523
   0.500   0.2085   0.02647   0.01672  -0.0694  0.9754  1.0000  -0.7131   0.0000   0.0000   0.0000   0.5825
   0.750   0.2533   0.02756   0.01749  -0.0738  0.9609  1.0000  -0.5732   0.0000   0.0000   0.0000   0.5403
   1.000   0.2969   0.02859   0.01826  -0.0778  0.9468  1.0000  -0.5085   0.0000   0.0000   0.0000   0.5108
   1.250   0.3358   0.02954   0.01903  -0.0808  0.9324  1.0000  -0.5314   0.0000   0.0000   0.0000   0.4893
   1.500   0.3726   0.03046   0.01980  -0.0835  0.9182  1.0000  -0.5539   0.0000   0.0000   0.0000   0.4724
   1.750   0.4105   0.03136   0.02059  -0.0862  0.9046  1.0000  -0.5783   0.0000   0.0000   0.0000   0.4580
   2.000   0.4476   0.03224   0.02139  -0.0886  0.8916  1.0000  -0.6031   0.0000   0.0000   0.0000   0.4458
   2.250   0.4834   0.03310   0.02220  -0.0907  0.8787  1.0000  -0.6281   0.0000   0.0000   0.0000   0.4353
   2.500   0.5164   0.03396   0.02303  -0.0924  0.8658  1.0000  -0.6523   0.0000   0.0000   0.0000   0.4263
   2.750   0.5473   0.03483   0.02391  -0.0936  0.8530  1.0000  -0.6762   0.0000   0.0000   0.0000   0.4182
   3.000   0.5789   0.03569   0.02479  -0.0948  0.8405  1.0000  -0.7019   0.0000   0.0000   0.0000   0.4108
   3.250   0.6067   0.03661   0.02574  -0.0955  0.8278  1.0000  -0.7263   0.0000   0.0000   0.0000   0.4042
   3.500   0.6330   0.03757   0.02677  -0.0959  0.8151  1.0000  -0.7513   0.0000   0.0000   0.0000   0.3981
   3.750   0.6581   0.03858   0.02783  -0.0961  0.8024  1.0000  -0.7773   0.0000   0.0000   0.0000   0.3925
   4.000   0.6823   0.03964   0.02897  -0.0962  0.7898  1.0000  -0.8058   0.0000   0.0000   0.0000   0.3872
   4.250   0.7061   0.04073   0.03015  -0.0963  0.7771  1.0000  -0.8616   0.0000   0.0000   0.0000   0.3822
   4.500   0.7299   0.04184   0.03139  -0.0962  0.7643  1.0000  -0.9437   0.0000   0.0000   0.0000   0.3775
   4.750   0.7539   0.04296   0.03264  -0.0962  0.7515  1.0000  -1.0393   0.0000   0.0000   0.0000   0.3730
   5.000   0.7783   0.04408   0.03389  -0.0961  0.7384  1.0000  -1.1462   0.0000   0.0000   0.0000   0.3687
   5.250   0.8031   0.04517   0.03515  -0.0959  0.7250  1.0000  -1.2639   0.0000   0.0000   0.0000   0.3645
   5.500   0.8278   0.04625   0.03644  -0.0957  0.7111  1.0000  -1.3893   0.0000   0.0000   0.0000   0.3604
   5.750   0.8523   0.04731   0.03769  -0.0953  0.6965  1.0000  -1.5258   0.0000   0.0000   0.0000   0.3563
   6.000   0.8769   0.04831   0.03890  -0.0947  0.6811  1.0000  -1.6666   0.0000   0.0000   0.0000   0.3522
   6.500   0.9518   0.04814   0.03942  -0.0937  0.6467  1.0000  -2.0994   0.0000   0.0000   0.0000   0.3422
   7.000   1.1359   0.03034   0.02269  -0.0841  0.5340  1.0000  -3.2643   0.0000   0.0000   0.0000   0.3169
   7.250   1.1459   0.02820   0.02053  -0.0761  0.4535  1.0000  -3.4510   0.0000   0.0000   0.0000   0.3088
   7.500   1.1288   0.02874   0.02028  -0.0668  0.3160  1.0000  -3.4660   0.0000   0.0000   0.0000   0.3012
   7.750   1.1140   0.03185   0.02213  -0.0607  0.2225  1.0000  -3.4567   0.0000   0.0000   0.0000   0.2961
   8.000   1.1141   0.03481   0.02451  -0.0568  0.1795  1.0000  -3.5000   0.0000   0.0000   0.0000   0.2924
   8.250   1.1322   0.03760   0.02699  -0.0549  0.1496  1.0000  -3.6057   0.0000   0.0000   0.0000   0.2896
   8.500   1.1715   0.04066   0.02978  -0.0553  0.1268  1.0000  -3.7804   0.0000   0.0000   0.0000   0.2879
   8.750   1.2129   0.04417   0.03349  -0.0558  0.1140  1.0000  -3.9251   0.0000   0.0000   0.0000   0.2865
   9.000   1.2405   0.04765   0.03722  -0.0553  0.1054  1.0000  -4.0372   0.0000   0.0000   0.0000   0.2847
   9.250   1.2727   0.05194   0.04162  -0.0553  0.1007  1.0000  -4.1942   0.0000   0.0000   0.0000   0.2833
   9.500   1.2791   0.05561   0.04596  -0.0525  0.0992  1.0000  -4.2210   0.0000   0.0000   0.0000   0.2807
   9.750   1.2814   0.05940   0.05028  -0.0497  0.0974  1.0000  -4.2431   0.0000   0.0000   0.0000   0.2782
  10.000   1.2822   0.06326   0.05454  -0.0472  0.0956  1.0000  -4.2702   0.0000   0.0000   0.0000   0.2759
  10.250   1.2809   0.06730   0.05894  -0.0448  0.0944  1.0000  -4.2905   0.0000   0.0000   0.0000   0.2738
  10.500   1.2660   0.07131   0.06338  -0.0417  0.0950  1.0000  -4.2437   0.0000   0.0000   0.0000   0.2715
  10.750   1.2437   0.07518   0.06757  -0.0384  0.0959  1.0000  -4.1746   0.0000   0.0000   0.0000   0.2692
  11.000   1.2196   0.07937   0.07203  -0.0361  0.0969  1.0000  -4.1008   0.0000   0.0000   0.0000   0.2677
  11.250   1.1954   0.08408   0.07696  -0.0351  0.0980  1.0000  -4.0232   0.0000   0.0000   0.0000   0.2672
  11.500   1.1718   0.08936   0.08243  -0.0354  0.0990  1.0000  -3.9422   0.0000   0.0000   0.0000   0.2677
  11.750   1.1518   0.09517   0.08837  -0.0366  0.1001  1.0000  -3.8675   0.0000   0.0000   0.0000   0.2690
  12.000   1.0919   0.10569   0.09911  -0.0440  0.1064  1.0000  -3.5351   0.0000   0.0000   0.0000   0.2773
  12.250   1.0753   0.11345   0.10691  -0.0477  0.1083  1.0000  -3.4287   0.0000   0.0000   0.0000   0.2812
  13.750   0.9502   0.18452   0.17759  -0.0991  0.2600  1.0000  -1.8789   0.0000   0.0000   0.0000   0.3412
  14.000   0.7360   0.16800   0.16170  -0.0763  0.2623  1.0000  -1.4208   0.0000   0.0000   0.0000   0.3425
  14.250   0.9679   0.19424   0.18737  -0.1012  0.2495  1.0000  -1.9016   0.0000   0.0000   0.0000   0.3409
  14.500   0.7399   0.17450   0.16824  -0.0780  0.2504  1.0000  -1.3925   0.0000   0.0000   0.0000   0.3437
  14.750   0.9723   0.20138   0.19446  -0.1047  0.2371  1.0000  -1.8829   0.0000   0.0000   0.0000   0.3433
  15.000   0.7465   0.18140   0.17517  -0.0796  0.2374  1.0000  -1.3697   0.0000   0.0000   0.0000   0.3444
  15.500   0.7511   0.18784   0.18168  -0.0815  0.2261  1.0000  -1.3604   0.0000   0.0000   0.0000   0.3458
  16.000   0.7516   0.19329   0.18716  -0.0837  0.2141  1.0000  -1.3349   0.0000   0.0000   0.0000   0.3482
  16.500   0.7534   0.19876   0.19266  -0.0860  0.2001  1.0000  -1.3121   0.0000   0.0000   0.0000   0.3504
  17.000   0.7598   0.20518   0.19912  -0.0881  0.1882  1.0000  -1.3018   0.0000   0.0000   0.0000   0.3516
  17.500   0.7661   0.21176   0.20574  -0.0904  0.1781  1.0000  -1.2858   0.0000   0.0000   0.0000   0.3530
  18.000   0.7730   0.21837   0.21241  -0.0926  0.1673  1.0000  -1.2704   0.0000   0.0000   0.0000   0.3541
  18.500   0.7809   0.22520   0.21928  -0.0947  0.1561  1.0000  -1.2583   0.0000   0.0000   0.0000   0.3549
  19.000   0.7867   0.23187   0.22599  -0.0972  0.1472  1.0000  -1.2434   0.0000   0.0000   0.0000   0.3565
  19.500   0.7925   0.23871   0.23287  -0.0998  0.1396  1.0000  -1.2425   0.0000   0.0000   0.0000   0.3582
  20.000   0.7997   0.24592   0.24013  -0.1022  0.1326  1.0000  -1.2467   0.0000   0.0000   0.0000   0.3594


