xflr5 v6.61

 Calculated polar for: NACA4412_7_70

 1 1 Reynolds number fixed          Mach number fixed         

 xtrf =   1.000 (top)        1.000 (bottom)
 Mach =   0.200     Re =     0.025 e 6     Ncrit =   7.000

  alpha     CL        CD       CDp       Cm    Top Xtr Bot Xtr   Cpmin    Chinge    XCp    
 ------- -------- --------- --------- -------- ------- ------- -------- --------- ---------
 -25.500  -0.8423   0.31654   0.30541   0.0748  1.0000  0.0667  -1.6081   0.0000   0.0000   0.0000   0.3209
 -25.000  -0.8261   0.31146   0.30031   0.0701  1.0000  0.0697  -1.5952   0.0000   0.0000   0.0000   0.3177
 -24.500  -0.8109   0.30830   0.29715   0.0649  1.0000  0.0713  -1.6025   0.0000   0.0000   0.0000   0.3137
 -24.000  -0.7929   0.29992   0.28872   0.0612  1.0000  0.0745  -1.5556   0.0000   0.0000   0.0000   0.3114
 -23.500  -0.7768   0.29553   0.28431   0.0565  1.0000  0.0773  -1.5445   0.0000   0.0000   0.0000   0.3076
 -23.000  -0.7601   0.28968   0.27846   0.0521  1.0000  0.0791  -1.5226   0.0000   0.0000   0.0000   0.3041
 -22.500  -0.7425   0.28307   0.27182   0.0481  1.0000  0.0827  -1.4832   0.0000   0.0000   0.0000   0.3009
 -22.000  -0.7272   0.27978   0.26853   0.0433  1.0000  0.0852  -1.5045   0.0000   0.0000   0.0000   0.2963
 -21.500  -0.7084   0.27151   0.26024   0.0398  1.0000  0.0885  -1.4798   0.0000   0.0000   0.0000   0.2934
 -21.000  -0.6924   0.26719   0.25593   0.0354  1.0000  0.0923  -1.4881   0.0000   0.0000   0.0000   0.2889
 -20.500  -0.6743   0.25995   0.24869   0.0319  1.0000  0.0959  -1.4697   0.0000   0.0000   0.0000   0.2854
 -20.000  -0.6589   0.25593   0.24467   0.0276  1.0000  0.1004  -1.4768   0.0000   0.0000   0.0000   0.2806
 -19.500  -0.6401   0.24811   0.23686   0.0243  1.0000  0.1048  -1.4480   0.0000   0.0000   0.0000   0.2771
 -19.000  -0.6264   0.24498   0.23376   0.0200  1.0000  0.1088  -1.4613   0.0000   0.0000   0.0000   0.2716
 -18.500  -0.6065   0.23633   0.22509   0.0172  1.0000  0.1141  -1.4195   0.0000   0.0000   0.0000   0.2682
 -18.000  -0.5926   0.23218   0.22100   0.0132  1.0000  0.1179  -1.4222   0.0000   0.0000   0.0000   0.2627
 -17.500  -0.5742   0.22488   0.21369   0.0103  1.0000  0.1243  -1.3852   0.0000   0.0000   0.0000   0.2587
 -17.000  -0.5575   0.21837   0.20722   0.0072  1.0000  0.1291  -1.3596   0.0000   0.0000   0.0000   0.2540
 -16.500  -0.5466   0.21517   0.20406   0.0036  1.0000  0.1349  -1.3912   0.0000   0.0000   0.0000   0.2479
 -16.000  -0.5283   0.20749   0.19641   0.0011  1.0000  0.1432  -1.3793   0.0000   0.0000   0.0000   0.2438
 -15.500  -0.5115   0.20050   0.18945  -0.0013  1.0000  0.1511  -1.3736   0.0000   0.0000   0.0000   0.2392
 -15.000  -0.4962   0.19408   0.18306  -0.0038  1.0000  0.1587  -1.3733   0.0000   0.0000   0.0000   0.2344
 -14.500  -0.4828   0.18826   0.17731  -0.0064  1.0000  0.1662  -1.3792   0.0000   0.0000   0.0000   0.2292
 -14.000  -0.4728   0.18346   0.17258  -0.0089  1.0000  0.1741  -1.3933   0.0000   0.0000   0.0000   0.2239
 -13.500  -0.4624   0.17829   0.16747  -0.0111  1.0000  0.1834  -1.3996   0.0000   0.0000   0.0000   0.2190
 -13.000  -0.4501   0.17206   0.16130  -0.0129  1.0000  0.1938  -1.3941   0.0000   0.0000   0.0000   0.2145
 -12.500  -0.4343   0.16447   0.15377  -0.0142  1.0000  0.2060  -1.3716   0.0000   0.0000   0.0000   0.2105
 -12.000  -0.4191   0.15732   0.14667  -0.0153  1.0000  0.2209  -1.3454   0.0000   0.0000   0.0000   0.2068
 -11.500  -0.4106   0.15185   0.14130  -0.0165  1.0000  0.2358  -1.3383   0.0000   0.0000   0.0000   0.2034
 -11.000  -0.4072   0.14734   0.13691  -0.0177  1.0000  0.2493  -1.3435   0.0000   0.0000   0.0000   0.2004
 -10.500  -0.3877   0.13890   0.12851  -0.0179  1.0000  0.2670  -1.3257   0.0000   0.0000   0.0000   0.1976
 -10.000  -0.3874   0.13475   0.12452  -0.0184  1.0000  0.2848  -1.3519   0.0000   0.0000   0.0000   0.1967
  -9.500  -0.3767   0.12825   0.11813  -0.0179  1.0000  0.3092  -1.3466   0.0000   0.0000   0.0000   0.1967
  -8.500  -0.3548   0.11523   0.10539  -0.0153  1.0000  0.3725  -1.3181   0.0000   0.0000   0.0000   0.2016
  -8.000  -0.3423   0.10858   0.09884  -0.0131  1.0000  0.4109  -1.2935   0.0000   0.0000   0.0000   0.2064
  -7.500  -0.3291   0.10199   0.09239  -0.0097  1.0000  0.4649  -1.2574   0.0000   0.0000   0.0000   0.2152
  -7.000  -0.3125   0.09532   0.08585  -0.0040  1.0000  0.5556  -1.2007   0.0000   0.0000   0.0000   0.2316
  -6.500  -0.0486   0.06255   0.05203  -0.0355  1.0000  1.0000  -0.9107   0.0000   0.0000   0.0000  -0.5205
  -6.000  -0.0946   0.06420   0.05406  -0.0215  1.0000  0.9534  -0.9525   0.0000   0.0000   0.0000   0.0050
  -5.500  -0.1942   0.06978   0.06031  -0.0013  1.0000  0.8165  -1.0549   0.0000   0.0000   0.0000   0.2356
  -4.000  -0.2988   0.06236   0.05325  -0.0421  1.0000  0.1936  -1.7554   0.0000   0.0000   0.0000   0.1067
  -3.500  -0.2504   0.05455   0.04484  -0.0490  1.0000  0.1830  -1.7739   0.0000   0.0000   0.0000   0.0518
  -3.000  -0.1949   0.04764   0.03715  -0.0547  1.0000  0.1831  -1.7405   0.0000   0.0000   0.0000  -0.0337
  -2.500  -0.1367   0.04204   0.03065  -0.0587  1.0000  0.1932  -1.6655   0.0000   0.0000   0.0000  -0.1832
  -2.000  -0.0775   0.03784   0.02543  -0.0611  1.0000  0.2160  -1.5691   0.0000   0.0000   0.0000  -0.5449
  -1.500  -0.0180   0.03481   0.02156  -0.0625  1.0000  0.2586  -1.4147   0.0000   0.0000   0.0000  -3.2484
  -1.000   0.0390   0.03227   0.01863  -0.0630  1.0000  0.3387  -1.2699   0.0000   0.0000   0.0000   1.8736
  -0.500   0.0886   0.02826   0.01655  -0.0610  1.0000  0.6220  -1.1184   0.0000   0.0000   0.0000   0.9416
   0.000   0.1272   0.02834   0.01539  -0.0594  1.0000  1.0000  -0.9763   0.0000   0.0000   0.0000   0.7174
   0.500   0.1673   0.02975   0.01585  -0.0590  1.0000  1.0000  -0.7801   0.0000   0.0000   0.0000   0.6024
   1.000   0.2049   0.03139   0.01688  -0.0588  1.0000  1.0000  -0.6047   0.0000   0.0000   0.0000   0.5356
   1.500   0.2408   0.03327   0.01829  -0.0587  1.0000  1.0000  -0.4723   0.0000   0.0000   0.0000   0.4918
   2.000   0.2755   0.03538   0.02008  -0.0587  1.0000  1.0000  -0.4905   0.0000   0.0000   0.0000   0.4608
   2.500   0.3476   0.03860   0.02301  -0.0659  0.9769  1.0000  -0.5326   0.0000   0.0000   0.0000   0.4369
   3.000   0.4203   0.04183   0.02611  -0.0729  0.9479  1.0000  -0.5793   0.0000   0.0000   0.0000   0.4202
   3.500   0.4840   0.04493   0.02923  -0.0779  0.9195  1.0000  -0.6252   0.0000   0.0000   0.0000   0.4074
   4.000   0.5466   0.04812   0.03254  -0.0824  0.8917  1.0000  -0.6766   0.0000   0.0000   0.0000   0.3968
   4.500   0.6004   0.05132   0.03597  -0.0854  0.8640  1.0000  -0.7318   0.0000   0.0000   0.0000   0.3878
   5.000   0.6487   0.05463   0.03956  -0.0873  0.8357  1.0000  -0.8482   0.0000   0.0000   0.0000   0.3798
   5.500   0.6960   0.05814   0.04347  -0.0890  0.8068  1.0000  -1.0250   0.0000   0.0000   0.0000   0.3726
   6.000   0.7440   0.06181   0.04760  -0.0905  0.7762  1.0000  -1.2388   0.0000   0.0000   0.0000   0.3659
   6.500   0.7900   0.06562   0.05201  -0.0914  0.7430  1.0000  -1.4799   0.0000   0.0000   0.0000   0.3595
   7.000   0.8313   0.06953   0.05652  -0.0913  0.7051  1.0000  -1.7276   0.0000   0.0000   0.0000   0.3532
   7.500   0.8827   0.07296   0.06081  -0.0907  0.6575  1.0000  -2.0575   0.0000   0.0000   0.0000   0.3456
   8.000   0.9456   0.07351   0.06247  -0.0859  0.5781  1.0000  -2.4929   0.0000   0.0000   0.0000   0.3332
   8.500   1.1064   0.04928   0.03760  -0.0507  0.2245  1.0000  -3.5441   0.0000   0.0000   0.0000   0.2869
   9.000   1.1346   0.05601   0.04403  -0.0470  0.1745  1.0000  -3.6924   0.0000   0.0000   0.0000   0.2819
   9.500   1.1635   0.06388   0.05247  -0.0445  0.1499  1.0000  -3.8037   0.0000   0.0000   0.0000   0.2783
  10.000   1.1705   0.07253   0.06186  -0.0419  0.1394  1.0000  -3.8487   0.0000   0.0000   0.0000   0.2753
  10.500   1.1592   0.08171   0.07157  -0.0397  0.1338  1.0000  -3.8398   0.0000   0.0000   0.0000   0.2733
  11.000   1.1223   0.09282   0.08318  -0.0406  0.1341  1.0000  -3.6908   0.0000   0.0000   0.0000   0.2747
  12.000   1.0297   0.12532   0.11599  -0.0574  0.1442  1.0000  -3.0926   0.0000   0.0000   0.0000   0.2936
  12.500   0.9940   0.14397   0.13442  -0.0695  0.1518  1.0000  -2.7389   0.0000   0.0000   0.0000   0.3076
  13.000   0.9882   0.15680   0.14716  -0.0755  0.1529  1.0000  -2.6156   0.0000   0.0000   0.0000   0.3137


