xflr5 v6.61

 Calculated polar for: NACA4412_7_20

 1 1 Reynolds number fixed          Mach number fixed         

 xtrf =   1.000 (top)        1.000 (bottom)
 Mach =   0.200     Re =     0.060 e 6     Ncrit =   7.000

  alpha     CL        CD       CDp       Cm    Top Xtr Bot Xtr   Cpmin    Chinge    XCp    
 ------- -------- --------- --------- -------- ------- ------- -------- --------- ---------
 -23.500  -0.7807   0.29118   0.28386   0.0603  1.0000  0.0276  -1.5817   0.0000   0.0000   0.0000   0.3130
 -23.000  -0.7636   0.28527   0.27793   0.0560  1.0000  0.0289  -1.5570   0.0000   0.0000   0.0000   0.3097
 -22.500  -0.7462   0.27957   0.27222   0.0515  1.0000  0.0301  -1.5488   0.0000   0.0000   0.0000   0.3059
 -22.000  -0.7291   0.27463   0.26727   0.0466  1.0000  0.0308  -1.5611   0.0000   0.0000   0.0000   0.3015
 -21.500  -0.7116   0.26773   0.26037   0.0428  1.0000  0.0315  -1.5190   0.0000   0.0000   0.0000   0.2981
 -21.000  -0.6940   0.26132   0.25395   0.0389  1.0000  0.0329  -1.4701   0.0000   0.0000   0.0000   0.2946
 -20.500  -0.6765   0.25535   0.24797   0.0348  1.0000  0.0344  -1.4637   0.0000   0.0000   0.0000   0.2905
 -20.000  -0.6594   0.25011   0.24273   0.0303  1.0000  0.0355  -1.5025   0.0000   0.0000   0.0000   0.2854
 -19.500  -0.6418   0.24337   0.23601   0.0266  1.0000  0.0363  -1.4971   0.0000   0.0000   0.0000   0.2813
 -19.000  -0.6240   0.23675   0.22938   0.0231  1.0000  0.0381  -1.4705   0.0000   0.0000   0.0000   0.2774
 -18.500  -0.6071   0.23109   0.22372   0.0191  1.0000  0.0402  -1.4851   0.0000   0.0000   0.0000   0.2722
 -18.000  -0.5904   0.22497   0.21763   0.0153  1.0000  0.0413  -1.4924   0.0000   0.0000   0.0000   0.2670
 -17.500  -0.5727   0.21817   0.21082   0.0123  1.0000  0.0437  -1.4516   0.0000   0.0000   0.0000   0.2628
 -17.000  -0.5567   0.21256   0.20523   0.0084  1.0000  0.0457  -1.4619   0.0000   0.0000   0.0000   0.2569
 -16.500  -0.5408   0.20632   0.19902   0.0049  1.0000  0.0467  -1.4604   0.0000   0.0000   0.0000   0.2512
 -16.000  -0.5234   0.19933   0.19203   0.0023  1.0000  0.0492  -1.4090   0.0000   0.0000   0.0000   0.2467
 -15.500  -0.5091   0.19386   0.18658  -0.0013  1.0000  0.0516  -1.4169   0.0000   0.0000   0.0000   0.2400
 -15.000  -0.4934   0.18701   0.17976  -0.0041  1.0000  0.0531  -1.3963   0.0000   0.0000   0.0000   0.2345
 -14.500  -0.4778   0.18051   0.17327  -0.0067  1.0000  0.0561  -1.3961   0.0000   0.0000   0.0000   0.2291
 -14.000  -0.4686   0.17619   0.16900  -0.0107  1.0000  0.0581  -1.4773   0.0000   0.0000   0.0000   0.2206
 -13.500  -0.4499   0.16792   0.16076  -0.0119  1.0000  0.0621  -1.4242   0.0000   0.0000   0.0000   0.2169
 -13.000  -0.4423   0.16332   0.15623  -0.0156  1.0000  0.0646  -1.4981   0.0000   0.0000   0.0000   0.2085
 -12.500  -0.4247   0.15541   0.14832  -0.0168  1.0000  0.0690  -1.4485   0.0000   0.0000   0.0000   0.2044
 -12.000  -0.4203   0.15119   0.14419  -0.0205  1.0000  0.0712  -1.5306   0.0000   0.0000   0.0000   0.1955
 -11.500  -0.4017   0.14291   0.13593  -0.0210  1.0000  0.0756  -1.4661   0.0000   0.0000   0.0000   0.1918
 -11.000  -0.3983   0.13835   0.13147  -0.0244  1.0000  0.0783  -1.5375   0.0000   0.0000   0.0000   0.1834
 -10.500  -0.3819   0.13078   0.12392  -0.0249  1.0000  0.0835  -1.4806   0.0000   0.0000   0.0000   0.1794
 -10.000  -0.3747   0.12493   0.11816  -0.0269  1.0000  0.0867  -1.5005   0.0000   0.0000   0.0000   0.1730
  -9.500  -0.3697   0.11983   0.11316  -0.0289  1.0000  0.0925  -1.5183   0.0000   0.0000   0.0000   0.1672
  -9.000  -0.3590   0.11337   0.10680  -0.0292  1.0000  0.0991  -1.4796   0.0000   0.0000   0.0000   0.1640
  -8.500  -0.3525   0.10758   0.10113  -0.0297  1.0000  0.1051  -1.4761   0.0000   0.0000   0.0000   0.1615
  -8.000  -0.3555   0.10293   0.09667  -0.0304  1.0000  0.1102  -1.5316   0.0000   0.0000   0.0000   0.1607
  -7.500  -0.3616   0.09874   0.09267  -0.0295  1.0000  0.1167  -1.5684   0.0000   0.0000   0.0000   0.1650
  -7.000  -0.3617   0.09336   0.08744  -0.0271  1.0000  0.1221  -1.5661   0.0000   0.0000   0.0000   0.1722
  -6.500  -0.3694   0.08880   0.08309  -0.0272  1.0000  0.1278  -1.6150   0.0000   0.0000   0.0000   0.1738
  -6.000  -0.3735   0.08415   0.07860  -0.0292  1.0000  0.1355  -1.6689   0.0000   0.0000   0.0000   0.1696
  -5.500  -0.3688   0.07856   0.07310  -0.0295  1.0000  0.1450  -1.6723   0.0000   0.0000   0.0000   0.1680
  -5.000  -0.3597   0.07296   0.06757  -0.0280  1.0000  0.1592  -1.6301   0.0000   0.0000   0.0000   0.1703
  -4.500  -0.3445   0.06712   0.06174  -0.0300  1.0000  0.1771  -1.6080   0.0000   0.0000   0.0000   0.1612
  -4.000  -0.3199   0.06101   0.05555  -0.0330  1.0000  0.1974  -1.5667   0.0000   0.0000   0.0000   0.1453
  -3.500  -0.2213   0.04446   0.03767  -0.0555  1.0000  0.0846  -2.0228   0.0000   0.0000   0.0000  -0.0034
  -3.000  -0.1626   0.03714   0.02954  -0.0602  1.0000  0.0826  -2.0339   0.0000   0.0000   0.0000  -0.1235
  -2.500  -0.0967   0.03097   0.02205  -0.0640  1.0000  0.0846  -2.0321   0.0000   0.0000   0.0000  -0.4168
  -2.000  -0.0331   0.02744   0.01767  -0.0663  0.9973  0.0958  -1.8453   0.0000   0.0000   0.0000  -1.7679
  -1.500   0.0573   0.02487   0.01440  -0.0729  0.9825  0.1263  -1.5773   0.0000   0.0000   0.0000   1.5295
  -1.000   0.1435   0.02335   0.01286  -0.0788  0.9658  0.2009  -1.2483   0.0000   0.0000   0.0000   0.8009
  -0.500   0.2225   0.02003   0.01189  -0.0829  0.9487  1.0000  -0.9439   0.0000   0.0000   0.0000   0.6234
   0.000   0.3063   0.02069   0.01159  -0.0884  0.9261  1.0000  -0.6270   0.0000   0.0000   0.0000   0.5385
   0.500   0.3860   0.02119   0.01161  -0.0931  0.9029  1.0000  -0.5502   0.0000   0.0000   0.0000   0.4905
   1.000   0.4622   0.02157   0.01171  -0.0969  0.8791  1.0000  -0.5997   0.0000   0.0000   0.0000   0.4584
   1.500   0.5345   0.02187   0.01187  -0.0996  0.8549  1.0000  -0.6504   0.0000   0.0000   0.0000   0.4347
   2.000   0.6017   0.02216   0.01213  -0.1011  0.8302  1.0000  -0.7017   0.0000   0.0000   0.0000   0.4160
   2.500   0.6658   0.02247   0.01247  -0.1019  0.8053  1.0000  -0.7553   0.0000   0.0000   0.0000   0.4006
   3.000   0.7281   0.02280   0.01293  -0.1022  0.7807  1.0000  -0.8141   0.0000   0.0000   0.0000   0.3875
   3.500   0.7928   0.02301   0.01333  -0.1025  0.7580  1.0000  -1.0171   0.0000   0.0000   0.0000   0.3761
   4.000   0.8501   0.02351   0.01408  -0.1017  0.7325  1.0000  -1.3016   0.0000   0.0000   0.0000   0.3660
   4.500   0.9044   0.02418   0.01509  -0.1005  0.7060  1.0000  -1.6277   0.0000   0.0000   0.0000   0.3570
   5.000   0.9588   0.02483   0.01614  -0.0990  0.6787  1.0000  -2.0306   0.0000   0.0000   0.0000   0.3486
   5.500   1.0161   0.02503   0.01684  -0.0969  0.6467  1.0000  -2.4921   0.0000   0.0000   0.0000   0.3402
   6.000   1.0604   0.02278   0.01456  -0.0881  0.5500  1.0000  -3.0120   0.0000   0.0000   0.0000   0.3272
   6.500   1.0812   0.02302   0.01469  -0.0788  0.4096  1.0000  -3.3738   0.0000   0.0000   0.0000   0.3164
   7.000   1.0653   0.02874   0.01811  -0.0685  0.1280  1.0000  -3.4533   0.0000   0.0000   0.0000   0.3072
   7.500   1.0767   0.03325   0.02238  -0.0624  0.0909  1.0000  -3.6306   0.0000   0.0000   0.0000   0.3003
   8.000   1.1107   0.03738   0.02649  -0.0584  0.0718  1.0000  -3.8931   0.0000   0.0000   0.0000   0.2944
   8.500   1.1801   0.04294   0.03218  -0.0585  0.0586  1.0000  -4.3357   0.0000   0.0000   0.0000   0.2907
   9.000   1.2273   0.04981   0.03994  -0.0563  0.0538  1.0000  -4.5690   0.0000   0.0000   0.0000   0.2865
   9.500   1.2461   0.05697   0.04794  -0.0521  0.0504  1.0000  -4.6990   0.0000   0.0000   0.0000   0.2819
  10.000   1.2412   0.06425   0.05611  -0.0465  0.0489  1.0000  -4.7072   0.0000   0.0000   0.0000   0.2771
  10.500   1.2173   0.07163   0.06416  -0.0407  0.0492  1.0000  -4.6385   0.0000   0.0000   0.0000   0.2725
  11.000   1.1820   0.07974   0.07280  -0.0374  0.0498  1.0000  -4.5281   0.0000   0.0000   0.0000   0.2701
  11.500   1.1422   0.08960   0.08308  -0.0382  0.0505  1.0000  -4.3826   0.0000   0.0000   0.0000   0.2713
  12.000   1.1041   0.10152   0.09529  -0.0430  0.0513  1.0000  -4.2100   0.0000   0.0000   0.0000   0.2762
  12.500   1.0432   0.12087   0.11491  -0.0570  0.0543  1.0000  -3.7140   0.0000   0.0000   0.0000   0.2916
  13.000   1.0187   0.13838   0.13241  -0.0675  0.0573  1.0000  -3.3748   0.0000   0.0000   0.0000   0.3029
  13.500   1.0021   0.15692   0.15085  -0.0784  0.0632  1.0000  -2.9495   0.0000   0.0000   0.0000   0.3148
  14.000   0.9957   0.17273   0.16658  -0.0875  0.0739  1.0000  -2.6094   0.0000   0.0000   0.0000   0.3242


