xflr5 v6.61

 Calculated polar for: NACA4412_7_50

 1 1 Reynolds number fixed          Mach number fixed         

 xtrf =   1.000 (top)        1.000 (bottom)
 Mach =   0.200     Re =     0.125 e 6     Ncrit =   9.000

  alpha     CL        CD       CDp       Cm    Top Xtr Bot Xtr   Cpmin    Chinge    XCp    
 ------- -------- --------- --------- -------- ------- ------- -------- --------- ---------
 -14.000  -0.3138   0.15029   0.14573  -0.0242  1.0000  0.0374  -1.1135   0.0000   0.0000   0.0000   0.1686
 -13.500  -0.3085   0.14651   0.14194  -0.0257  1.0000  0.0394  -1.1428   0.0000   0.0000   0.0000   0.1623
 -13.000  -0.3079   0.14321   0.13866  -0.0284  1.0000  0.0407  -1.2520   0.0000   0.0000   0.0000   0.1535
 -12.500  -0.2953   0.13668   0.13215  -0.0288  1.0000  0.0422  -1.1975   0.0000   0.0000   0.0000   0.1479
 -12.000  -0.2880   0.13145   0.12693  -0.0301  1.0000  0.0448  -1.2043   0.0000   0.0000   0.0000   0.1409
 -11.500  -0.2935   0.12779   0.12333  -0.0333  1.0000  0.0462  -1.3506   0.0000   0.0000   0.0000   0.1325
 -11.000  -0.2759   0.12023   0.11579  -0.0323  1.0000  0.0500  -1.2204   0.0000   0.0000   0.0000   0.1286
 -10.500  -0.2826   0.11585   0.11147  -0.0349  1.0000  0.0519  -1.3485   0.0000   0.0000   0.0000   0.1225
 -10.000  -0.2679   0.10849   0.10416  -0.0337  1.0000  0.0546  -1.2390   0.0000   0.0000   0.0000   0.1204
  -9.750  -0.3637   0.11741   0.11270  -0.0312  1.0000  0.0518  -1.6213   0.0000   0.0000   0.0000   0.1585
  -9.500  -0.2708   0.10316   0.09891  -0.0348  1.0000  0.0576  -1.2990   0.0000   0.0000   0.0000   0.1178
  -9.250  -0.3503   0.11036   0.10571  -0.0308  1.0000  0.0540  -1.5367   0.0000   0.0000   0.0000   0.1565
  -9.000  -0.2670   0.09672   0.09254  -0.0342  1.0000  0.0595  -1.3004   0.0000   0.0000   0.0000   0.1185
  -8.750  -0.3478   0.10519   0.10064  -0.0324  1.0000  0.0574  -1.5722   0.0000   0.0000   0.0000   0.1517
  -8.500  -0.2684   0.09121   0.08712  -0.0336  1.0000  0.0631  -1.3291   0.0000   0.0000   0.0000   0.1217
  -8.250  -0.3455   0.09947   0.09504  -0.0327  1.0000  0.0592  -1.6062   0.0000   0.0000   0.0000   0.1507
  -8.000  -0.2932   0.08749   0.08357  -0.0342  1.0000  0.0644  -1.5009   0.0000   0.0000   0.0000   0.1310
  -7.750  -0.3447   0.09454   0.09022  -0.0317  1.0000  0.0627  -1.6140   0.0000   0.0000   0.0000   0.1537
  -7.500  -0.2828   0.08081   0.07695  -0.0297  1.0000  0.0680  -1.3912   0.0000   0.0000   0.0000   0.1425
  -7.250  -0.3738   0.09205   0.08797  -0.0304  1.0000  0.0643  -1.7721   0.0000   0.0000   0.0000   0.1652
  -7.000  -0.3094   0.07753   0.07384  -0.0265  1.0000  0.0705  -1.4846   0.0000   0.0000   0.0000   0.1627
  -6.750  -0.3730   0.08655   0.08258  -0.0262  1.0000  0.0666  -1.7123   0.0000   0.0000   0.0000   0.1766
  -6.500  -0.3491   0.07534   0.07184  -0.0235  1.0000  0.0710  -1.6253   0.0000   0.0000   0.0000   0.1815
  -6.250  -0.3838   0.08224   0.07838  -0.0266  1.0000  0.0702  -1.7817   0.0000   0.0000   0.0000   0.1782
  -5.750  -0.3860   0.07680   0.07303  -0.0267  1.0000  0.0728  -1.8087   0.0000   0.0000   0.0000   0.1785
  -5.500  -0.3835   0.07425   0.07050  -0.0272  1.0000  0.0761  -1.8035   0.0000   0.0000   0.0000   0.1771
  -5.250  -0.3770   0.07056   0.06680  -0.0317  1.0000  0.0790  -1.8738   0.0000   0.0000   0.0000   0.1640
  -5.000  -0.3724   0.06826   0.06452  -0.0299  1.0000  0.0826  -1.8095   0.0000   0.0000   0.0000   0.1678
  -4.750  -0.3595   0.06437   0.06056  -0.0344  1.0000  0.0866  -1.8517   0.0000   0.0000   0.0000   0.1525
  -4.500  -0.3477   0.06153   0.05769  -0.0354  1.0000  0.0914  -1.8187   0.0000   0.0000   0.0000   0.1463
  -4.000  -0.2600   0.05119   0.04691  -0.0536  0.9897  0.1098  -1.7614   0.0000   0.0000   0.0000   0.0415
  -3.750  -0.2218   0.04737   0.04297  -0.0584  0.9839  0.1198  -1.6459   0.0000   0.0000   0.0000  -0.0159
  -3.500  -0.1789   0.04366   0.03904  -0.0644  0.9779  0.1373  -1.5749   0.0000   0.0000   0.0000  -0.1131
  -3.250  -0.1093   0.03088   0.02459  -0.0752  0.9762  0.0707  -2.1202   0.0000   0.0000   0.0000  -0.4444
  -3.000  -0.0926   0.03697   0.03182  -0.0747  0.9658  0.1747  -1.4418   0.0000   0.0000   0.0000  -0.5626
  -2.750  -0.0223   0.02422   0.01663  -0.0814  0.9669  0.0696  -2.0444   0.0000   0.0000   0.0000  -3.4272
  -2.500   0.0202   0.02220   0.01412  -0.0839  0.9618  0.0733  -1.9191   0.0000   0.0000   0.0000   4.4285
  -2.250   0.0629   0.02088   0.01254  -0.0865  0.9560  0.0821  -1.7815   0.0000   0.0000   0.0000   1.6355
  -2.000   0.1019   0.01982   0.01130  -0.0884  0.9487  0.0943  -1.6360   0.0000   0.0000   0.0000   1.1230
  -1.750   0.1418   0.01892   0.01042  -0.0906  0.9416  0.1121  -1.4626   0.0000   0.0000   0.0000   0.8921
  -1.500   0.1852   0.01808   0.00966  -0.0934  0.9358  0.1429  -1.2966   0.0000   0.0000   0.0000   0.7564
  -1.250   0.2219   0.01736   0.00918  -0.0950  0.9271  0.1904  -1.1415   0.0000   0.0000   0.0000   0.6796
  -1.000   0.2591   0.01657   0.00879  -0.0968  0.9188  0.2773  -0.9779   0.0000   0.0000   0.0000   0.6244
  -0.750   0.3068   0.01421   0.00841  -0.0999  0.9158  1.0000  -0.7988   0.0000   0.0000   0.0000   0.5762
  -0.500   0.3469   0.01415   0.00804  -0.1019  0.9066  1.0000  -0.6450   0.0000   0.0000   0.0000   0.5439
  -0.250   0.3874   0.01404   0.00770  -0.1039  0.8980  1.0000  -0.5604   0.0000   0.0000   0.0000   0.5181
   0.000   0.4303   0.01384   0.00733  -0.1063  0.8909  1.0000  -0.5878   0.0000   0.0000   0.0000   0.4966
   0.250   0.4648   0.01373   0.00709  -0.1071  0.8800  1.0000  -0.6111   0.0000   0.0000   0.0000   0.4797
   0.500   0.4985   0.01361   0.00687  -0.1076  0.8688  1.0000  -0.6345   0.0000   0.0000   0.0000   0.4650
   0.750   0.5316   0.01349   0.00667  -0.1080  0.8574  1.0000  -0.6583   0.0000   0.0000   0.0000   0.4521
   1.000   0.5640   0.01338   0.00648  -0.1082  0.8455  1.0000  -0.6824   0.0000   0.0000   0.0000   0.4406
   1.250   0.5954   0.01329   0.00633  -0.1083  0.8332  1.0000  -0.7066   0.0000   0.0000   0.0000   0.4303
   1.500   0.6260   0.01322   0.00622  -0.1081  0.8202  1.0000  -0.7310   0.0000   0.0000   0.0000   0.4210
   1.750   0.6558   0.01319   0.00614  -0.1079  0.8068  1.0000  -0.7558   0.0000   0.0000   0.0000   0.4126
   2.000   0.6849   0.01320   0.00610  -0.1075  0.7929  1.0000  -0.7811   0.0000   0.0000   0.0000   0.4048
   2.250   0.7134   0.01325   0.00613  -0.1070  0.7788  1.0000  -0.8070   0.0000   0.0000   0.0000   0.3977
   2.500   0.7416   0.01334   0.00618  -0.1065  0.7646  1.0000  -0.8339   0.0000   0.0000   0.0000   0.3912
   2.750   0.7693   0.01346   0.00628  -0.1060  0.7504  1.0000  -0.8620   0.0000   0.0000   0.0000   0.3851
   3.000   0.7967   0.01362   0.00642  -0.1054  0.7362  1.0000  -0.9231   0.0000   0.0000   0.0000   0.3794
   3.250   0.8239   0.01381   0.00663  -0.1049  0.7222  1.0000  -1.0380   0.0000   0.0000   0.0000   0.3741
   3.500   0.8509   0.01402   0.00686  -0.1043  0.7084  1.0000  -1.1674   0.0000   0.0000   0.0000   0.3691
   3.750   0.8777   0.01426   0.00712  -0.1036  0.6948  1.0000  -1.3105   0.0000   0.0000   0.0000   0.3645
   4.000   0.9044   0.01452   0.00744  -0.1030  0.6813  1.0000  -1.4628   0.0000   0.0000   0.0000   0.3600
   4.250   0.9310   0.01479   0.00775  -0.1023  0.6678  1.0000  -1.6227   0.0000   0.0000   0.0000   0.3558
   4.500   0.9574   0.01507   0.00809  -0.1016  0.6541  1.0000  -1.8036   0.0000   0.0000   0.0000   0.3518
   4.750   0.9832   0.01534   0.00843  -0.1007  0.6391  1.0000  -2.0073   0.0000   0.0000   0.0000   0.3478
   5.000   1.0073   0.01530   0.00837  -0.0989  0.6132  1.0000  -2.2219   0.0000   0.0000   0.0000   0.3433
   5.250   1.0277   0.01525   0.00827  -0.0964  0.5788  1.0000  -2.4290   0.0000   0.0000   0.0000   0.3386
   5.500   1.0493   0.01537   0.00840  -0.0944  0.5489  1.0000  -2.6423   0.0000   0.0000   0.0000   0.3345
   5.750   1.0700   0.01555   0.00858  -0.0923  0.5160  1.0000  -2.8805   0.0000   0.0000   0.0000   0.3305
   6.000   1.0882   0.01579   0.00883  -0.0898  0.4726  1.0000  -3.1092   0.0000   0.0000   0.0000   0.3264
   6.250   1.1002   0.01629   0.00914  -0.0862  0.3881  1.0000  -3.2968   0.0000   0.0000   0.0000   0.3219
   6.500   1.0873   0.01935   0.01055  -0.0799  0.1446  1.0000  -3.3361   0.0000   0.0000   0.0000   0.3168
   6.750   1.0891   0.02184   0.01251  -0.0759  0.0917  1.0000  -3.4148   0.0000   0.0000   0.0000   0.3127
   7.000   1.0975   0.02354   0.01415  -0.0727  0.0760  1.0000  -3.5356   0.0000   0.0000   0.0000   0.3090
   7.250   1.1072   0.02516   0.01574  -0.0698  0.0667  1.0000  -3.6636   0.0000   0.0000   0.0000   0.3055
   7.500   1.1194   0.02690   0.01747  -0.0672  0.0606  1.0000  -3.7926   0.0000   0.0000   0.0000   0.3022
   7.750   1.1362   0.02867   0.01921  -0.0653  0.0544  1.0000  -3.9450   0.0000   0.0000   0.0000   0.2994
   8.000   1.1607   0.03086   0.02139  -0.0644  0.0503  1.0000  -4.1228   0.0000   0.0000   0.0000   0.2971
   8.250   1.1902   0.03337   0.02383  -0.0644  0.0461  1.0000  -4.3619   0.0000   0.0000   0.0000   0.2954
   8.500   1.2141   0.03555   0.02638  -0.0632  0.0428  1.0000  -4.5308   0.0000   0.0000   0.0000   0.2931
   8.750   1.2453   0.03881   0.02970  -0.0635  0.0411  1.0000  -4.7387   0.0000   0.0000   0.0000   0.2916
   9.000   1.2686   0.04244   0.03368  -0.0624  0.0406  1.0000  -4.8502   0.0000   0.0000   0.0000   0.2895
   9.250   1.2813   0.04573   0.03750  -0.0599  0.0403  1.0000  -4.9008   0.0000   0.0000   0.0000   0.2868
   9.500   1.2858   0.04895   0.04129  -0.0567  0.0397  1.0000  -4.9163   0.0000   0.0000   0.0000   0.2839
   9.750   1.2872   0.05239   0.04523  -0.0534  0.0393  1.0000  -4.9234   0.0000   0.0000   0.0000   0.2810
  10.000   1.2868   0.05619   0.04943  -0.0504  0.0396  1.0000  -4.9223   0.0000   0.0000   0.0000   0.2784
  10.250   1.2888   0.06045   0.05395  -0.0481  0.0403  1.0000  -4.9430   0.0000   0.0000   0.0000   0.2763
  10.500   1.2645   0.06406   0.05815  -0.0428  0.0426  1.0000  -4.7589   0.0000   0.0000   0.0000   0.2726
  10.750   1.2450   0.06812   0.06253  -0.0393  0.0441  1.0000  -4.6618   0.0000   0.0000   0.0000   0.2700
  11.000   1.2373   0.07257   0.06713  -0.0375  0.0455  1.0000  -4.6492   0.0000   0.0000   0.0000   0.2685
  11.250   1.2020   0.07723   0.07221  -0.0355  0.0482  1.0000  -4.4420   0.0000   0.0000   0.0000   0.2674
  11.500   1.1751   0.08262   0.07782  -0.0357  0.0496  1.0000  -4.3204   0.0000   0.0000   0.0000   0.2680
  11.750   1.1542   0.08893   0.08436  -0.0370  0.0534  1.0000  -4.1825   0.0000   0.0000   0.0000   0.2694
  12.000   1.0263   0.08519   0.08076  -0.0280  0.0450  1.0000  -4.0772   0.0000   0.0000   0.0000   0.2647
  12.250   1.0908   0.10449   0.10026  -0.0463  0.0547  1.0000  -3.8496   0.0000   0.0000   0.0000   0.2792
  12.500   0.9913   0.09622   0.09201  -0.0309  0.0465  1.0000  -3.9544   0.0000   0.0000   0.0000   0.2680


