xflr5 v6.61

 Calculated polar for: NACA4412_7_20

 1 1 Reynolds number fixed          Mach number fixed         

 xtrf =   1.000 (top)        1.000 (bottom)
 Mach =   0.200     Re =     0.080 e 6     Ncrit =   9.000

  alpha     CL        CD       CDp       Cm    Top Xtr Bot Xtr   Cpmin    Chinge    XCp    
 ------- -------- --------- --------- -------- ------- ------- -------- --------- ---------
 -21.500  -0.7100   0.26699   0.26060   0.0429  1.0000  0.0274  -1.5058   0.0000   0.0000   0.0000   0.2984
 -21.000  -0.6925   0.26083   0.25443   0.0389  1.0000  0.0287  -1.4667   0.0000   0.0000   0.0000   0.2946
 -20.500  -0.6748   0.25486   0.24846   0.0347  1.0000  0.0300  -1.4460   0.0000   0.0000   0.0000   0.2903
 -20.000  -0.6578   0.24991   0.24351   0.0299  1.0000  0.0308  -1.5016   0.0000   0.0000   0.0000   0.2849
 -19.500  -0.6400   0.24248   0.23608   0.0266  1.0000  0.0316  -1.4749   0.0000   0.0000   0.0000   0.2814
 -19.000  -0.6224   0.23601   0.22961   0.0231  1.0000  0.0331  -1.4548   0.0000   0.0000   0.0000   0.2773
 -18.500  -0.6051   0.22996   0.22355   0.0192  1.0000  0.0348  -1.4641   0.0000   0.0000   0.0000   0.2724
 -18.000  -0.5893   0.22524   0.21885   0.0146  1.0000  0.0356  -1.5202   0.0000   0.0000   0.0000   0.2658
 -17.500  -0.5711   0.21726   0.21089   0.0120  1.0000  0.0369  -1.4595   0.0000   0.0000   0.0000   0.2624
 -17.000  -0.5541   0.21096   0.20459   0.0087  1.0000  0.0392  -1.4363   0.0000   0.0000   0.0000   0.2574
 -16.500  -0.5400   0.20637   0.20002   0.0042  1.0000  0.0407  -1.4870   0.0000   0.0000   0.0000   0.2498
 -16.000  -0.5217   0.19824   0.19190   0.0021  1.0000  0.0425  -1.4092   0.0000   0.0000   0.0000   0.2463
 -15.500  -0.5059   0.19203   0.18571  -0.0010  1.0000  0.0450  -1.3894   0.0000   0.0000   0.0000   0.2405
 -15.000  -0.4948   0.18775   0.18147  -0.0054  1.0000  0.0462  -1.4438   0.0000   0.0000   0.0000   0.2320
 -14.500  -0.4758   0.17912   0.17284  -0.0068  1.0000  0.0484  -1.3717   0.0000   0.0000   0.0000   0.2287
 -14.000  -0.4622   0.17318   0.16692  -0.0098  1.0000  0.0512  -1.4042   0.0000   0.0000   0.0000   0.2220
 -13.500  -0.4501   0.16704   0.16083  -0.0128  1.0000  0.0526  -1.4481   0.0000   0.0000   0.0000   0.2150
 -13.000  -0.4346   0.16005   0.15385  -0.0146  1.0000  0.0557  -1.4232   0.0000   0.0000   0.0000   0.2100
 -12.500  -0.4280   0.15558   0.14943  -0.0184  1.0000  0.0580  -1.5117   0.0000   0.0000   0.0000   0.2009
 -12.000  -0.4102   0.14742   0.14130  -0.0191  1.0000  0.0617  -1.4480   0.0000   0.0000   0.0000   0.1973
 -11.500  -0.4083   0.14367   0.13763  -0.0233  1.0000  0.0644  -1.5547   0.0000   0.0000   0.0000   0.1874
 -11.000  -0.3886   0.13509   0.12908  -0.0233  1.0000  0.0691  -1.4664   0.0000   0.0000   0.0000   0.1844
 -10.500  -0.3845   0.13002   0.12410  -0.0264  1.0000  0.0715  -1.5336   0.0000   0.0000   0.0000   0.1760
 -10.000  -0.3700   0.12303   0.11714  -0.0269  1.0000  0.0764  -1.4810   0.0000   0.0000   0.0000   0.1720
  -9.750  -0.3723   0.12138   0.11555  -0.0290  1.0000  0.0779  -1.5416   0.0000   0.0000   0.0000   0.1671
  -9.500  -0.3637   0.11720   0.11141  -0.0288  1.0000  0.0794  -1.5022   0.0000   0.0000   0.0000   0.1660
  -9.250  -0.3574   0.11403   0.10827  -0.0289  1.0000  0.0822  -1.4752   0.0000   0.0000   0.0000   0.1644
  -9.000  -0.3583   0.11194   0.10625  -0.0302  1.0000  0.0847  -1.5099   0.0000   0.0000   0.0000   0.1611
  -8.750  -0.3666   0.11094   0.10536  -0.0324  1.0000  0.0854  -1.5939   0.0000   0.0000   0.0000   0.1575
  -8.500  -0.3494   0.10565   0.10005  -0.0302  1.0000  0.0887  -1.4760   0.0000   0.0000   0.0000   0.1591
  -8.250  -0.3503   0.10343   0.09791  -0.0308  1.0000  0.0916  -1.4950   0.0000   0.0000   0.0000   0.1581
  -8.000  -0.3613   0.10248   0.09709  -0.0319  1.0000  0.0928  -1.5740   0.0000   0.0000   0.0000   0.1579
  -7.750  -0.3481   0.09802   0.09264  -0.0301  1.0000  0.0965  -1.5108   0.0000   0.0000   0.0000   0.1598
  -7.500  -0.3547   0.09638   0.09110  -0.0298  1.0000  0.0996  -1.5466   0.0000   0.0000   0.0000   0.1625
  -7.250  -0.3707   0.09564   0.09052  -0.0296  1.0000  0.1006  -1.6185   0.0000   0.0000   0.0000   0.1671
  -7.000  -0.3609   0.09172   0.08662  -0.0270  1.0000  0.1047  -1.5590   0.0000   0.0000   0.0000   0.1720
  -6.750  -0.3693   0.09010   0.08510  -0.0274  1.0000  0.1079  -1.6028   0.0000   0.0000   0.0000   0.1732
  -6.250  -0.3712   0.08498   0.08013  -0.0256  1.0000  0.1141  -1.6055   0.0000   0.0000   0.0000   0.1786
  -6.000  -0.3780   0.08339   0.07859  -0.0312  1.0000  0.1173  -1.7102   0.0000   0.0000   0.0000   0.1654
  -5.750  -0.3736   0.07993   0.07520  -0.0260  1.0000  0.1204  -1.6369   0.0000   0.0000   0.0000   0.1782
  -5.500  -0.3714   0.07774   0.07299  -0.0330  1.0000  0.1260  -1.7305   0.0000   0.0000   0.0000   0.1593
  -5.250  -0.3687   0.07447   0.06981  -0.0275  1.0000  0.1290  -1.6533   0.0000   0.0000   0.0000   0.1737
  -5.000  -0.3607   0.07150   0.06681  -0.0321  1.0000  0.1356  -1.6959   0.0000   0.0000   0.0000   0.1593
  -4.750  -0.3555   0.06871   0.06406  -0.0296  1.0000  0.1408  -1.6458   0.0000   0.0000   0.0000   0.1652
  -4.500  -0.3455   0.06555   0.06089  -0.0313  1.0000  0.1475  -1.6403   0.0000   0.0000   0.0000   0.1577
  -4.250  -0.3327   0.06243   0.05773  -0.0334  1.0000  0.1563  -1.6265   0.0000   0.0000   0.0000   0.1481
  -4.000  -0.3199   0.05955   0.05480  -0.0342  1.0000  0.1676  -1.5906   0.0000   0.0000   0.0000   0.1415
  -3.750  -0.3003   0.05647   0.05161  -0.0379  1.0000  0.1847  -1.5686   0.0000   0.0000   0.0000   0.1221
  -2.250  -0.0824   0.02951   0.02163  -0.0632  1.0000  0.0983  -1.8494   0.0000   0.0000   0.0000  -0.5225
  -2.000  -0.0512   0.02738   0.01879  -0.0640  1.0000  0.1012  -1.8181   0.0000   0.0000   0.0000  -1.0090
  -1.750  -0.0150   0.02579   0.01687  -0.0658  0.9974  0.1065  -1.7063   0.0000   0.0000   0.0000  -4.1545
  -1.500   0.0338   0.02441   0.01513  -0.0698  0.9901  0.1201  -1.5882   0.0000   0.0000   0.0000   2.3282
  -1.250   0.0812   0.02342   0.01394  -0.0735  0.9822  0.1419  -1.4441   0.0000   0.0000   0.0000   1.1596
  -1.000   0.1273   0.02262   0.01320  -0.0771  0.9738  0.1782  -1.2772   0.0000   0.0000   0.0000   0.8576
  -0.750   0.1720   0.02186   0.01268  -0.0803  0.9650  0.2445  -1.1304   0.0000   0.0000   0.0000   0.7182
  -0.250   0.2601   0.01928   0.01183  -0.0860  0.9469  1.0000  -0.8069   0.0000   0.0000   0.0000   0.5807
   0.000   0.3057   0.01962   0.01182  -0.0895  0.9355  1.0000  -0.6405   0.0000   0.0000   0.0000   0.5426
   0.250   0.3456   0.01992   0.01187  -0.0920  0.9226  1.0000  -0.5223   0.0000   0.0000   0.0000   0.5156
   0.500   0.3852   0.02017   0.01193  -0.0943  0.9096  1.0000  -0.5465   0.0000   0.0000   0.0000   0.4940
   0.750   0.4253   0.02037   0.01200  -0.0966  0.8972  1.0000  -0.5720   0.0000   0.0000   0.0000   0.4762
   1.000   0.4655   0.02052   0.01205  -0.0988  0.8850  1.0000  -0.5983   0.0000   0.0000   0.0000   0.4611
   1.250   0.5055   0.02063   0.01208  -0.1009  0.8731  1.0000  -0.6254   0.0000   0.0000   0.0000   0.4483
   1.500   0.5464   0.02066   0.01208  -0.1030  0.8618  1.0000  -0.6542   0.0000   0.0000   0.0000   0.4370
   1.750   0.5867   0.02063   0.01203  -0.1049  0.8511  1.0000  -0.6840   0.0000   0.0000   0.0000   0.4269
   2.000   0.6270   0.02053   0.01193  -0.1065  0.8408  1.0000  -0.7151   0.0000   0.0000   0.0000   0.4179
   2.250   0.6602   0.02058   0.01199  -0.1070  0.8283  1.0000  -0.7426   0.0000   0.0000   0.0000   0.4099
   2.500   0.6924   0.02065   0.01209  -0.1073  0.8158  1.0000  -0.7708   0.0000   0.0000   0.0000   0.4025
   2.750   0.7236   0.02074   0.01225  -0.1073  0.8032  1.0000  -0.7999   0.0000   0.0000   0.0000   0.3957
   3.000   0.7540   0.02087   0.01242  -0.1072  0.7906  1.0000  -0.8306   0.0000   0.0000   0.0000   0.3894
   3.250   0.7840   0.02101   0.01263  -0.1070  0.7781  1.0000  -0.9384   0.0000   0.0000   0.0000   0.3835
   3.500   0.8137   0.02116   0.01289  -0.1068  0.7657  1.0000  -1.0686   0.0000   0.0000   0.0000   0.3780
   3.750   0.8435   0.02130   0.01314  -0.1064  0.7536  1.0000  -1.2135   0.0000   0.0000   0.0000   0.3728
   4.000   0.8739   0.02141   0.01336  -0.1061  0.7417  1.0000  -1.3749   0.0000   0.0000   0.0000   0.3678
   4.250   0.9057   0.02145   0.01354  -0.1059  0.7301  1.0000  -1.5538   0.0000   0.0000   0.0000   0.3630
   4.500   0.9341   0.02165   0.01387  -0.1052  0.7170  1.0000  -1.7408   0.0000   0.0000   0.0000   0.3585
   4.750   0.9611   0.02191   0.01430  -0.1043  0.7030  1.0000  -1.9527   0.0000   0.0000   0.0000   0.3542
   5.000   0.9887   0.02210   0.01466  -0.1033  0.6885  1.0000  -2.1750   0.0000   0.0000   0.0000   0.3499
   5.250   1.0132   0.02198   0.01473  -0.1012  0.6659  1.0000  -2.3953   0.0000   0.0000   0.0000   0.3450
   5.500   1.0414   0.02045   0.01313  -0.0972  0.6236  1.0000  -2.6777   0.0000   0.0000   0.0000   0.3382
   5.750   1.0637   0.01980   0.01245  -0.0937  0.5819  1.0000  -2.9400   0.0000   0.0000   0.0000   0.3326
   6.000   1.0815   0.01955   0.01227  -0.0901  0.5356  1.0000  -3.1718   0.0000   0.0000   0.0000   0.3274
   6.250   1.0909   0.01951   0.01210  -0.0849  0.4559  1.0000  -3.3448   0.0000   0.0000   0.0000   0.3216
   6.500   1.0752   0.02194   0.01291  -0.0772  0.2013  1.0000  -3.3534   0.0000   0.0000   0.0000   0.3153
   6.750   1.0713   0.02525   0.01531  -0.0727  0.1262  1.0000  -3.3815   0.0000   0.0000   0.0000   0.3111
   7.000   1.0783   0.02739   0.01730  -0.0693  0.1039  1.0000  -3.4651   0.0000   0.0000   0.0000   0.3072
   7.250   1.0897   0.02941   0.01920  -0.0665  0.0909  1.0000  -3.5705   0.0000   0.0000   0.0000   0.3037
   7.500   1.1103   0.03153   0.02124  -0.0648  0.0805  1.0000  -3.7004   0.0000   0.0000   0.0000   0.3007
   7.750   1.1419   0.03413   0.02371  -0.0646  0.0724  1.0000  -3.8843   0.0000   0.0000   0.0000   0.2986
   8.000   1.1737   0.03694   0.02667  -0.0644  0.0663  1.0000  -4.0721   0.0000   0.0000   0.0000   0.2966
   8.250   1.2063   0.04045   0.03036  -0.0643  0.0635  1.0000  -4.2317   0.0000   0.0000   0.0000   0.2947
   8.500   1.2263   0.04346   0.03388  -0.0625  0.0606  1.0000  -4.3326   0.0000   0.0000   0.0000   0.2921
   8.750   1.2516   0.04743   0.03790  -0.0622  0.0581  1.0000  -4.4943   0.0000   0.0000   0.0000   0.2906
   9.000   1.2614   0.05086   0.04203  -0.0592  0.0587  1.0000  -4.4995   0.0000   0.0000   0.0000   0.2875
   9.250   1.2631   0.05478   0.04669  -0.0555  0.0603  1.0000  -4.4436   0.0000   0.0000   0.0000   0.2844
   9.500   1.2638   0.05909   0.05153  -0.0525  0.0620  1.0000  -4.4090   0.0000   0.0000   0.0000   0.2817
   9.750   1.2678   0.06372   0.05647  -0.0503  0.0637  1.0000  -4.4135   0.0000   0.0000   0.0000   0.2796
  10.000   1.2520   0.06769   0.06102  -0.0464  0.0664  1.0000  -4.3026   0.0000   0.0000   0.0000   0.2767
  10.250   1.2337   0.07192   0.06563  -0.0431  0.0686  1.0000  -4.2134   0.0000   0.0000   0.0000   0.2744
  10.500   1.2266   0.07648   0.07037  -0.0411  0.0704  1.0000  -4.1938   0.0000   0.0000   0.0000   0.2727
  10.750   1.1957   0.08030   0.07452  -0.0384  0.0728  1.0000  -4.0655   0.0000   0.0000   0.0000   0.2711
  11.000   1.1623   0.08521   0.07968  -0.0381  0.0742  1.0000  -3.9361   0.0000   0.0000   0.0000   0.2715
  11.250   1.1361   0.09096   0.08560  -0.0395  0.0756  1.0000  -3.8311   0.0000   0.0000   0.0000   0.2732
  11.500   1.1218   0.09725   0.09202  -0.0413  0.0791  1.0000  -3.7467   0.0000   0.0000   0.0000   0.2750
  11.750   1.0855   0.10534   0.10024  -0.0470  0.0795  1.0000  -3.5673   0.0000   0.0000   0.0000   0.2812
  12.000   1.0444   0.11728   0.11222  -0.0567  0.0813  1.0000  -3.2763   0.0000   0.0000   0.0000   0.2922
  12.250   1.0273   0.13353   0.12848  -0.0657  0.1091  1.0000  -2.8671   0.0000   0.0000   0.0000   0.3020
  12.500   0.8356   0.12820   0.12344  -0.0549  0.0904  1.0000  -2.4256   0.0000   0.0000   0.0000   0.3046


