xflr5 v6.61

 Calculated polar for: NACA4412_7_70

 1 1 Reynolds number fixed          Mach number fixed         

 xtrf =   1.000 (top)        1.000 (bottom)
 Mach =   0.200     Re =     0.100 e 6     Ncrit =   7.000

  alpha     CL        CD       CDp       Cm    Top Xtr Bot Xtr   Cpmin    Chinge    XCp    
 ------- -------- --------- --------- -------- ------- ------- -------- --------- ---------
 -27.000  -0.5690   0.28549   0.28097   0.0462  1.0000  0.0156  -0.9038   0.0000   0.0000   0.0000   0.3206
 -26.500  -0.5599   0.27944   0.27489   0.0429  1.0000  0.0162  -0.9093   0.0000   0.0000   0.0000   0.3166
 -26.000  -0.5506   0.27346   0.26886   0.0397  1.0000  0.0169  -0.9220   0.0000   0.0000   0.0000   0.3125
 -25.500  -0.5411   0.26754   0.26290   0.0364  1.0000  0.0176  -0.9394   0.0000   0.0000   0.0000   0.3082
 -25.000  -0.5314   0.26174   0.25706   0.0331  1.0000  0.0181  -0.9652   0.0000   0.0000   0.0000   0.3037
 -24.500  -0.5219   0.25628   0.25156   0.0297  1.0000  0.0184  -1.0029   0.0000   0.0000   0.0000   0.2987
 -24.000  -0.5119   0.25021   0.24547   0.0266  1.0000  0.0187  -1.0005   0.0000   0.0000   0.0000   0.2942
 -23.500  -0.5014   0.24428   0.23951   0.0236  1.0000  0.0194  -0.9729   0.0000   0.0000   0.0000   0.2898
 -23.000  -0.4910   0.23869   0.23387   0.0205  1.0000  0.0204  -0.9615   0.0000   0.0000   0.0000   0.2850
 -22.500  -0.4805   0.23321   0.22837   0.0174  1.0000  0.0216  -0.9646   0.0000   0.0000   0.0000   0.2797
 -22.000  -0.4707   0.22831   0.22343   0.0140  1.0000  0.0222  -0.9956   0.0000   0.0000   0.0000   0.2735
 -21.500  -0.4597   0.22234   0.21745   0.0113  1.0000  0.0227  -0.9664   0.0000   0.0000   0.0000   0.2685
 -21.000  -0.4485   0.21682   0.21190   0.0085  1.0000  0.0237  -0.9526   0.0000   0.0000   0.0000   0.2633
 -20.500  -0.4375   0.21157   0.20662   0.0057  1.0000  0.0248  -0.9662   0.0000   0.0000   0.0000   0.2575
 -20.000  -0.4269   0.20654   0.20157   0.0027  1.0000  0.0259  -0.9958   0.0000   0.0000   0.0000   0.2511
 -19.500  -0.4175   0.20217   0.19717  -0.0005  1.0000  0.0263  -1.0516   0.0000   0.0000   0.0000   0.2437
 -19.000  -0.4055   0.19630   0.19129  -0.0028  1.0000  0.0270  -1.0244   0.0000   0.0000   0.0000   0.2381
 -18.500  -0.3941   0.19121   0.18618  -0.0053  1.0000  0.0283  -1.0038   0.0000   0.0000   0.0000   0.2318
 -18.000  -0.3835   0.18644   0.18139  -0.0080  1.0000  0.0299  -1.0069   0.0000   0.0000   0.0000   0.2246
 -17.500  -0.3759   0.18292   0.17785  -0.0112  1.0000  0.0308  -1.0666   0.0000   0.0000   0.0000   0.2156
 -17.000  -0.3627   0.17684   0.17178  -0.0129  1.0000  0.0322  -0.9969   0.0000   0.0000   0.0000   0.2100
 -16.500  -0.3523   0.17222   0.16714  -0.0152  1.0000  0.0340  -0.9829   0.0000   0.0000   0.0000   0.2025
 -16.000  -0.3443   0.16826   0.16317  -0.0178  1.0000  0.0354  -1.0494   0.0000   0.0000   0.0000   0.1938
 -15.500  -0.3353   0.16360   0.15851  -0.0199  1.0000  0.0361  -1.0854   0.0000   0.0000   0.0000   0.1860
 -15.000  -0.3245   0.15874   0.15364  -0.0215  1.0000  0.0379  -1.0729   0.0000   0.0000   0.0000   0.1792
 -14.500  -0.3173   0.15476   0.14966  -0.0235  1.0000  0.0399  -1.1143   0.0000   0.0000   0.0000   0.1713
 -14.000  -0.3175   0.15254   0.14744  -0.0261  1.0000  0.0408  -1.2241   0.0000   0.0000   0.0000   0.1632
 -13.500  -0.3050   0.14660   0.14150  -0.0266  1.0000  0.0426  -1.1657   0.0000   0.0000   0.0000   0.1581
 -13.000  -0.3000   0.14247   0.13738  -0.0283  1.0000  0.0456  -1.2036   0.0000   0.0000   0.0000   0.1509
 -12.500  -0.2934   0.13727   0.13221  -0.0297  1.0000  0.0472  -1.2234   0.0000   0.0000   0.0000   0.1439
 -12.000  -0.2855   0.13201   0.12697  -0.0308  1.0000  0.0504  -1.2168   0.0000   0.0000   0.0000   0.1373
 -11.500  -0.2879   0.12782   0.12283  -0.0333  1.0000  0.0519  -1.3227   0.0000   0.0000   0.0000   0.1297
 -11.000  -0.2742   0.12082   0.11586  -0.0329  1.0000  0.0544  -1.2420   0.0000   0.0000   0.0000   0.1253
 -10.500  -0.2730   0.11551   0.11060  -0.0342  1.0000  0.0575  -1.2830   0.0000   0.0000   0.0000   0.1203
 -10.000  -0.2700   0.10939   0.10456  -0.0347  1.0000  0.0590  -1.2949   0.0000   0.0000   0.0000   0.1172
  -9.500  -0.2655   0.10351   0.09874  -0.0345  1.0000  0.0625  -1.2915   0.0000   0.0000   0.0000   0.1160
  -9.000  -0.2787   0.09879   0.09415  -0.0363  1.0000  0.0644  -1.4345   0.0000   0.0000   0.0000   0.1162
  -8.500  -0.2683   0.09214   0.08757  -0.0340  1.0000  0.0696  -1.3633   0.0000   0.0000   0.0000   0.1200
  -8.000  -0.2907   0.08798   0.08360  -0.0343  1.0000  0.0712  -1.5125   0.0000   0.0000   0.0000   0.1292
  -7.500  -0.2852   0.08199   0.07768  -0.0305  1.0000  0.0766  -1.4337   0.0000   0.0000   0.0000   0.1407
  -7.000  -0.3204   0.07925   0.07514  -0.0274  1.0000  0.0779  -1.5640   0.0000   0.0000   0.0000   0.1628
  -6.500  -0.3312   0.07438   0.07041  -0.0221  1.0000  0.0799  -1.5374   0.0000   0.0000   0.0000   0.1816
  -6.000  -0.3494   0.07036   0.06652  -0.0195  1.0000  0.0829  -1.5700   0.0000   0.0000   0.0000   0.1928
  -5.000  -0.3701   0.06814   0.06392  -0.0314  1.0000  0.0892  -1.8447   0.0000   0.0000   0.0000   0.1631
  -4.500  -0.2962   0.05774   0.05322  -0.0489  0.9892  0.1024  -1.8142   0.0000   0.0000   0.0000   0.0825
  -3.500  -0.1101   0.02930   0.02214  -0.0787  0.9690  0.0544  -2.3638   0.0000   0.0000   0.0000  -0.4728
  -3.000  -0.0290   0.02409   0.01569  -0.0839  0.9582  0.0606  -2.1776   0.0000   0.0000   0.0000  -2.6712
  -2.500   0.0504   0.02131   0.01229  -0.0881  0.9465  0.0755  -1.8914   0.0000   0.0000   0.0000   2.0133
  -2.000   0.1245   0.01945   0.01028  -0.0913  0.9324  0.1020  -1.5608   0.0000   0.0000   0.0000   0.9878
  -1.500   0.1979   0.01805   0.00907  -0.0944  0.9175  0.1610  -1.2475   0.0000   0.0000   0.0000   0.7292
  -1.000   0.2742   0.01663   0.00824  -0.0982  0.9037  0.3207  -0.9171   0.0000   0.0000   0.0000   0.6089
  -0.500   0.3555   0.01450   0.00756  -0.1018  0.8907  1.0000  -0.6091   0.0000   0.0000   0.0000   0.5364
   0.000   0.4215   0.01441   0.00708  -0.1029  0.8694  1.0000  -0.5929   0.0000   0.0000   0.0000   0.4937
   0.500   0.4872   0.01430   0.00670  -0.1039  0.8477  1.0000  -0.6383   0.0000   0.0000   0.0000   0.4622
   1.000   0.5525   0.01416   0.00637  -0.1046  0.8255  1.0000  -0.6862   0.0000   0.0000   0.0000   0.4379
   1.500   0.6140   0.01411   0.00618  -0.1046  0.8009  1.0000  -0.7344   0.0000   0.0000   0.0000   0.4185
   2.000   0.6720   0.01420   0.00617  -0.1040  0.7737  1.0000  -0.7838   0.0000   0.0000   0.0000   0.4025
   2.500   0.7286   0.01440   0.00632  -0.1032  0.7460  1.0000  -0.8362   0.0000   0.0000   0.0000   0.3890
   3.000   0.7838   0.01473   0.00662  -0.1022  0.7182  1.0000  -0.8938   0.0000   0.0000   0.0000   0.3773
   3.500   0.8379   0.01516   0.00709  -0.1011  0.6908  1.0000  -1.1128   0.0000   0.0000   0.0000   0.3672
   4.000   0.8912   0.01568   0.00769  -0.0999  0.6640  1.0000  -1.3851   0.0000   0.0000   0.0000   0.3581
   4.500   0.9440   0.01626   0.00842  -0.0986  0.6376  1.0000  -1.6933   0.0000   0.0000   0.0000   0.3500
   5.000   0.9960   0.01687   0.00923  -0.0970  0.6097  1.0000  -2.0613   0.0000   0.0000   0.0000   0.3424
   5.500   1.0399   0.01701   0.00935  -0.0929  0.5515  1.0000  -2.4729   0.0000   0.0000   0.0000   0.3338
   6.000   1.0788   0.01744   0.00979  -0.0883  0.4794  1.0000  -2.9086   0.0000   0.0000   0.0000   0.3257
   6.500   1.1074   0.01851   0.01059  -0.0824  0.3452  1.0000  -3.3119   0.0000   0.0000   0.0000   0.3177
   7.000   1.1027   0.02356   0.01378  -0.0737  0.0963  1.0000  -3.4951   0.0000   0.0000   0.0000   0.3095
   7.500   1.1182   0.02696   0.01711  -0.0675  0.0673  1.0000  -3.7515   0.0000   0.0000   0.0000   0.3025
   8.000   1.1350   0.03015   0.02035  -0.0616  0.0547  1.0000  -4.0167   0.0000   0.0000   0.0000   0.2958
   8.500   1.1644   0.03387   0.02397  -0.0578  0.0462  1.0000  -4.3508   0.0000   0.0000   0.0000   0.2905
   9.000   1.2167   0.03856   0.02903  -0.0566  0.0395  1.0000  -4.7652   0.0000   0.0000   0.0000   0.2868
   9.500   1.2570   0.04389   0.03487  -0.0544  0.0345  1.0000  -5.1128   0.0000   0.0000   0.0000   0.2829
  10.000   1.2791   0.05050   0.04236  -0.0502  0.0330  1.0000  -5.2540   0.0000   0.0000   0.0000   0.2782
  10.500   1.2768   0.05705   0.04965  -0.0442  0.0324  1.0000  -5.3053   0.0000   0.0000   0.0000   0.2730
  11.000   1.2763   0.06353   0.05641  -0.0401  0.0309  1.0000  -5.4926   0.0000   0.0000   0.0000   0.2692
  11.500   1.2403   0.07067   0.06420  -0.0351  0.0307  1.0000  -5.3870   0.0000   0.0000   0.0000   0.2655
  12.000   1.2032   0.07947   0.07352  -0.0341  0.0306  1.0000  -5.2687   0.0000   0.0000   0.0000   0.2648
  12.500   1.1667   0.08997   0.08444  -0.0365  0.0307  1.0000  -5.1352   0.0000   0.0000   0.0000   0.2670
  16.500   1.0292   0.21834   0.21347  -0.1104  0.0704  1.0000  -2.1797   0.0000   0.0000   0.0000   0.3401
  17.000   1.0412   0.22631   0.22144  -0.1150  0.0653  1.0000  -2.1975   0.0000   0.0000   0.0000   0.3425
  17.500   1.0502   0.23479   0.22989  -0.1211  0.0622  1.0000  -2.1367   0.0000   0.0000   0.0000   0.3467
  18.000   1.0741   0.24342   0.23859  -0.1217  0.0581  1.0000  -2.3125   0.0000   0.0000   0.0000   0.3438
  18.500   1.0775   0.25041   0.24551  -0.1306  0.0547  1.0000  -2.1394   0.0000   0.0000   0.0000   0.3510
  19.000   1.0935   0.25809   0.25319  -0.1344  0.0513  1.0000  -2.1823   0.0000   0.0000   0.0000   0.3518
  19.500   1.1090   0.26530   0.26042  -0.1387  0.0468  1.0000  -2.2134   0.0000   0.0000   0.0000   0.3530
  20.000   1.1220   0.27299   0.26809  -0.1446  0.0450  1.0000  -2.1454   0.0000   0.0000   0.0000   0.3560


