xflr5 v6.61

 Calculated polar for: NACA4412_9_00

 1 1 Reynolds number fixed          Mach number fixed         

 xtrf =   1.000 (top)        1.000 (bottom)
 Mach =   0.200     Re =     0.050 e 6     Ncrit =   9.000

  alpha     CL        CD       CDp       Cm    Top Xtr Bot Xtr   Cpmin    Chinge    XCp    
 ------- -------- --------- --------- -------- ------- ------- -------- --------- ---------
 -23.500  -0.7364   0.28670   0.27851   0.0479  1.0000  0.0478  -1.5099   0.0000   0.0000   0.0000   0.2966
 -23.000  -0.7193   0.28092   0.27270   0.0437  1.0000  0.0501  -1.4970   0.0000   0.0000   0.0000   0.2929
 -22.500  -0.7032   0.27685   0.26864   0.0388  1.0000  0.0518  -1.5277   0.0000   0.0000   0.0000   0.2880
 -22.000  -0.6852   0.26949   0.26128   0.0352  1.0000  0.0535  -1.4970   0.0000   0.0000   0.0000   0.2847
 -21.500  -0.6677   0.26354   0.25532   0.0313  1.0000  0.0561  -1.4801   0.0000   0.0000   0.0000   0.2807
 -21.000  -0.6519   0.25932   0.25111   0.0266  1.0000  0.0579  -1.5022   0.0000   0.0000   0.0000   0.2752
 -20.500  -0.6336   0.25184   0.24364   0.0232  1.0000  0.0595  -1.4657   0.0000   0.0000   0.0000   0.2716
 -20.000  -0.6159   0.24573   0.23751   0.0196  1.0000  0.0624  -1.4395   0.0000   0.0000   0.0000   0.2671
 -19.500  -0.6012   0.24185   0.23365   0.0149  1.0000  0.0643  -1.4599   0.0000   0.0000   0.0000   0.2607
 -19.000  -0.5818   0.23367   0.22548   0.0121  1.0000  0.0667  -1.4007   0.0000   0.0000   0.0000   0.2572
 -18.500  -0.5656   0.22827   0.22009   0.0084  1.0000  0.0702  -1.3963   0.0000   0.0000   0.0000   0.2515
 -18.000  -0.5488   0.22185   0.21369   0.0050  1.0000  0.0727  -1.4015   0.0000   0.0000   0.0000   0.2463
 -17.500  -0.5324   0.21607   0.20792   0.0017  1.0000  0.0770  -1.4049   0.0000   0.0000   0.0000   0.2407
 -17.000  -0.5168   0.21001   0.20191  -0.0016  1.0000  0.0793  -1.4179   0.0000   0.0000   0.0000   0.2347
 -16.500  -0.4999   0.20362   0.19551  -0.0044  1.0000  0.0836  -1.4066   0.0000   0.0000   0.0000   0.2293
 -16.000  -0.4868   0.19828   0.19022  -0.0079  1.0000  0.0861  -1.4317   0.0000   0.0000   0.0000   0.2223
 -15.500  -0.4694   0.19137   0.18333  -0.0102  1.0000  0.0910  -1.4052   0.0000   0.0000   0.0000   0.2171
 -15.000  -0.4569   0.18573   0.17774  -0.0132  1.0000  0.0940  -1.4204   0.0000   0.0000   0.0000   0.2101
 -14.500  -0.4426   0.17972   0.17175  -0.0157  1.0000  0.0998  -1.4070   0.0000   0.0000   0.0000   0.2040
 -14.000  -0.4271   0.17280   0.16487  -0.0176  1.0000  0.1050  -1.3803   0.0000   0.0000   0.0000   0.1983
 -13.500  -0.4188   0.16783   0.15998  -0.0205  1.0000  0.1098  -1.3992   0.0000   0.0000   0.0000   0.1910
 -13.000  -0.4057   0.16160   0.15378  -0.0223  1.0000  0.1164  -1.3752   0.0000   0.0000   0.0000   0.1851
 -12.500  -0.3910   0.15453   0.14675  -0.0237  1.0000  0.1218  -1.3668   0.0000   0.0000   0.0000   0.1796
 -12.000  -0.3847   0.14929   0.14159  -0.0260  1.0000  0.1272  -1.4024   0.0000   0.0000   0.0000   0.1731
 -11.500  -0.3783   0.14420   0.13658  -0.0279  1.0000  0.1346  -1.4248   0.0000   0.0000   0.0000   0.1674
 -11.000  -0.3663   0.13756   0.13001  -0.0288  1.0000  0.1432  -1.4146   0.0000   0.0000   0.0000   0.1628
 -10.500  -0.3579   0.13160   0.12414  -0.0297  1.0000  0.1525  -1.4135   0.0000   0.0000   0.0000   0.1587
 -10.000  -0.3500   0.12566   0.11827  -0.0303  1.0000  0.1618  -1.4088   0.0000   0.0000   0.0000   0.1554
  -9.750  -0.3477   0.12269   0.11538  -0.0307  1.0000  0.1651  -1.4134   0.0000   0.0000   0.0000   0.1540
  -9.500  -0.3428   0.11975   0.11248  -0.0305  1.0000  0.1711  -1.4004   0.0000   0.0000   0.0000   0.1532
  -9.000  -0.3385   0.11426   0.10712  -0.0305  1.0000  0.1810  -1.3948   0.0000   0.0000   0.0000   0.1527
  -8.500  -0.3377   0.10918   0.10219  -0.0300  1.0000  0.1918  -1.3920   0.0000   0.0000   0.0000   0.1545
  -8.250  -0.3373   0.10642   0.09952  -0.0294  1.0000  0.1967  -1.3876   0.0000   0.0000   0.0000   0.1562
  -8.000  -0.3446   0.10499   0.09820  -0.0289  1.0000  0.2036  -1.4042   0.0000   0.0000   0.0000   0.1602
  -7.750  -0.3376   0.10154   0.09481  -0.0275  1.0000  0.2116  -1.3845   0.0000   0.0000   0.0000   0.1626
  -7.500  -0.3610   0.10165   0.09511  -0.0264  1.0000  0.2152  -1.4425   0.0000   0.0000   0.0000   0.1718
  -7.250  -0.3535   0.09816   0.09165  -0.0245  1.0000  0.2251  -1.4160   0.0000   0.0000   0.0000   0.1756
  -7.000  -0.3512   0.09521   0.08878  -0.0226  1.0000  0.2328  -1.4022   0.0000   0.0000   0.0000   0.1808
  -6.750  -0.3771   0.09523   0.08899  -0.0205  1.0000  0.2374  -1.4543   0.0000   0.0000   0.0000   0.1915
  -6.500  -0.3713   0.09191   0.08572  -0.0180  1.0000  0.2466  -1.4273   0.0000   0.0000   0.0000   0.1973
  -6.000  -0.3981   0.08911   0.08317  -0.0165  1.0000  0.2610  -1.4830   0.0000   0.0000   0.0000   0.2053
  -5.750  -0.3935   0.08592   0.08004  -0.0135  1.0000  0.2716  -1.4533   0.0000   0.0000   0.0000   0.2125
  -5.500  -0.3931   0.08316   0.07735  -0.0111  1.0000  0.2812  -1.4374   0.0000   0.0000   0.0000   0.2186
  -5.250  -0.3963   0.08078   0.07505  -0.0095  1.0000  0.2919  -1.4331   0.0000   0.0000   0.0000   0.2232
  -5.000  -0.3994   0.07847   0.07280  -0.0079  1.0000  0.3048  -1.4278   0.0000   0.0000   0.0000   0.2274
  -4.500  -0.4033   0.07371   0.06818  -0.0044  1.0000  0.3392  -1.4043   0.0000   0.0000   0.0000   0.2367
  -4.000  -0.4053   0.06916   0.06376   0.0002  1.0000  0.3896  -1.3650   0.0000   0.0000   0.0000   0.2482
  -3.750  -0.4043   0.06671   0.06136   0.0042  1.0000  0.4180  -1.3315   0.0000   0.0000   0.0000   0.2583
  -3.250  -0.2672   0.04802   0.04082  -0.0471  1.0000  0.1835  -1.7133   0.0000   0.0000   0.0000   0.0707
  -3.000  -0.2366   0.04388   0.03628  -0.0500  1.0000  0.1716  -1.7250   0.0000   0.0000   0.0000   0.0351
  -2.750  -0.2014   0.03982   0.03153  -0.0536  1.0000  0.1622  -1.7491   0.0000   0.0000   0.0000  -0.0198
  -2.500  -0.1708   0.03703   0.02814  -0.0554  1.0000  0.1635  -1.7285   0.0000   0.0000   0.0000  -0.0791
  -2.250  -0.1463   0.03525   0.02615  -0.0558  1.0000  0.1691  -1.6683   0.0000   0.0000   0.0000  -0.1363
  -2.000  -0.1191   0.03349   0.02395  -0.0566  1.0000  0.1760  -1.6337   0.0000   0.0000   0.0000  -0.2305
  -1.750  -0.0937   0.03219   0.02230  -0.0568  1.0000  0.1861  -1.5812   0.0000   0.0000   0.0000  -0.3634
  -1.500  -0.0698   0.03126   0.02116  -0.0569  1.0000  0.2004  -1.5131   0.0000   0.0000   0.0000  -0.5743
  -1.250  -0.0461   0.03050   0.02017  -0.0569  1.0000  0.2177  -1.4416   0.0000   0.0000   0.0000  -0.9961
  -1.000  -0.0237   0.02995   0.01953  -0.0568  1.0000  0.2401  -1.3605   0.0000   0.0000   0.0000  -2.1679
  -0.750  -0.0010   0.02957   0.01909  -0.0566  1.0000  0.2702  -1.2835   0.0000   0.0000   0.0000  -56.9726
  -0.500   0.0398   0.02919   0.01873  -0.0595  0.9945  0.3290  -1.1723   0.0000   0.0000   0.0000   1.7526
  -0.250   0.0920   0.02808   0.01844  -0.0641  0.9855  0.4796  -1.0350   0.0000   0.0000   0.0000   0.9491
   0.000   0.1376   0.02702   0.01816  -0.0669  0.9726  1.0000  -0.9183   0.0000   0.0000   0.0000   0.7375
   0.250   0.1800   0.02803   0.01865  -0.0707  0.9582  1.0000  -0.7848   0.0000   0.0000   0.0000   0.6428
   0.500   0.2251   0.02907   0.01931  -0.0748  0.9450  1.0000  -0.6527   0.0000   0.0000   0.0000   0.5817
   0.750   0.2604   0.02996   0.01995  -0.0772  0.9307  1.0000  -0.5467   0.0000   0.0000   0.0000   0.5455
   1.000   0.2985   0.03087   0.02063  -0.0799  0.9171  1.0000  -0.5360   0.0000   0.0000   0.0000   0.5166
   1.250   0.3360   0.03177   0.02135  -0.0825  0.9042  1.0000  -0.5591   0.0000   0.0000   0.0000   0.4941
   1.500   0.3723   0.03264   0.02208  -0.0848  0.8915  1.0000  -0.5824   0.0000   0.0000   0.0000   0.4760
   1.750   0.4066   0.03351   0.02284  -0.0867  0.8790  1.0000  -0.6051   0.0000   0.0000   0.0000   0.4611
   2.000   0.4388   0.03437   0.02361  -0.0882  0.8666  1.0000  -0.6272   0.0000   0.0000   0.0000   0.4486
   2.250   0.4688   0.03524   0.02443  -0.0893  0.8542  1.0000  -0.6489   0.0000   0.0000   0.0000   0.4379
   2.500   0.4966   0.03615   0.02529  -0.0900  0.8420  1.0000  -0.6699   0.0000   0.0000   0.0000   0.4285
   2.750   0.5230   0.03710   0.02622  -0.0906  0.8298  1.0000  -0.6907   0.0000   0.0000   0.0000   0.4202
   3.000   0.5481   0.03809   0.02720  -0.0909  0.8178  1.0000  -0.7116   0.0000   0.0000   0.0000   0.4126
   3.250   0.5730   0.03912   0.02823  -0.0912  0.8060  1.0000  -0.7333   0.0000   0.0000   0.0000   0.4057
   3.500   0.5985   0.04015   0.02929  -0.0915  0.7945  1.0000  -0.7569   0.0000   0.0000   0.0000   0.3992
   3.750   0.6266   0.04115   0.03034  -0.0921  0.7832  1.0000  -0.7844   0.0000   0.0000   0.0000   0.3931
   4.000   0.6619   0.04194   0.03119  -0.0934  0.7725  1.0000  -0.8209   0.0000   0.0000   0.0000   0.3870
   4.250   0.6824   0.04313   0.03243  -0.0931  0.7604  1.0000  -0.8470   0.0000   0.0000   0.0000   0.3820
   4.500   0.7000   0.04444   0.03381  -0.0924  0.7481  1.0000  -0.8753   0.0000   0.0000   0.0000   0.3774
   4.750   0.7190   0.04576   0.03523  -0.0919  0.7358  1.0000  -0.9235   0.0000   0.0000   0.0000   0.3730
   5.000   0.7398   0.04706   0.03662  -0.0915  0.7235  1.0000  -0.9892   0.0000   0.0000   0.0000   0.3687
   5.250   0.7629   0.04827   0.03794  -0.0913  0.7112  1.0000  -1.0699   0.0000   0.0000   0.0000   0.3644
   5.500   0.7886   0.04937   0.03917  -0.0912  0.6987  1.0000  -1.1669   0.0000   0.0000   0.0000   0.3601
   5.750   0.8168   0.05032   0.04030  -0.0912  0.6859  1.0000  -1.2801   0.0000   0.0000   0.0000   0.3559
   6.000   0.8461   0.05114   0.04130  -0.0911  0.6725  1.0000  -1.4075   0.0000   0.0000   0.0000   0.3516
   6.250   0.8714   0.05209   0.04243  -0.0905  0.6583  1.0000  -1.5295   0.0000   0.0000   0.0000   0.3475
   6.500   0.8882   0.05347   0.04400  -0.0892  0.6428  1.0000  -1.6306   0.0000   0.0000   0.0000   0.3439
   6.750   0.9019   0.05500   0.04569  -0.0878  0.6262  1.0000  -1.7323   0.0000   0.0000   0.0000   0.3405
   7.000   0.9210   0.05610   0.04698  -0.0863  0.6085  1.0000  -1.8548   0.0000   0.0000   0.0000   0.3366
   7.250   0.9779   0.05378   0.04506  -0.0851  0.5884  1.0000  -2.1204   0.0000   0.0000   0.0000   0.3297
   7.500   1.1405   0.03803   0.03019  -0.0821  0.5367  1.0000  -2.9486   0.0000   0.0000   0.0000   0.3140
   7.750   1.1903   0.03301   0.02529  -0.0774  0.4807  1.0000  -3.3049   0.0000   0.0000   0.0000   0.3066
   8.000   1.1992   0.03126   0.02345  -0.0705  0.4141  1.0000  -3.4611   0.0000   0.0000   0.0000   0.2999
   8.250   1.1857   0.03167   0.02341  -0.0625  0.3290  1.0000  -3.4961   0.0000   0.0000   0.0000   0.2934
   8.500   1.1707   0.03381   0.02464  -0.0559  0.2552  1.0000  -3.5078   0.0000   0.0000   0.0000   0.2880
   8.750   1.1655   0.03654   0.02677  -0.0514  0.2091  1.0000  -3.5475   0.0000   0.0000   0.0000   0.2840
   9.000   1.1748   0.03924   0.02909  -0.0488  0.1761  1.0000  -3.6374   0.0000   0.0000   0.0000   0.2811
   9.250   1.2015   0.04204   0.03166  -0.0479  0.1504  1.0000  -3.7843   0.0000   0.0000   0.0000   0.2791
   9.500   1.2424   0.04537   0.03495  -0.0488  0.1317  1.0000  -3.9666   0.0000   0.0000   0.0000   0.2782
   9.750   1.2726   0.04869   0.03839  -0.0486  0.1199  1.0000  -4.1130   0.0000   0.0000   0.0000   0.2768
  10.000   1.2952   0.05247   0.04255  -0.0477  0.1140  1.0000  -4.2050   0.0000   0.0000   0.0000   0.2751
  10.250   1.3156   0.05626   0.04649  -0.0469  0.1081  1.0000  -4.3093   0.0000   0.0000   0.0000   0.2736
  10.500   1.3123   0.05972   0.05048  -0.0437  0.1056  1.0000  -4.3123   0.0000   0.0000   0.0000   0.2710
  10.750   1.3114   0.06347   0.05462  -0.0411  0.1036  1.0000  -4.3352   0.0000   0.0000   0.0000   0.2688
  11.000   1.3052   0.06737   0.05887  -0.0383  0.1030  1.0000  -4.3414   0.0000   0.0000   0.0000   0.2665
  11.250   1.2904   0.07121   0.06304  -0.0352  0.1030  1.0000  -4.3141   0.0000   0.0000   0.0000   0.2641
  11.500   1.2670   0.07522   0.06738  -0.0324  0.1035  1.0000  -4.2513   0.0000   0.0000   0.0000   0.2621
  11.750   1.2394   0.07974   0.07220  -0.0307  0.1044  1.0000  -4.1679   0.0000   0.0000   0.0000   0.2610
  12.000   1.2105   0.08497   0.07768  -0.0305  0.1054  1.0000  -4.0718   0.0000   0.0000   0.0000   0.2611
  12.250   1.1818   0.09096   0.08387  -0.0316  0.1065  1.0000  -3.9671   0.0000   0.0000   0.0000   0.2623
  12.500   1.1554   0.09763   0.09069  -0.0338  0.1077  1.0000  -3.8602   0.0000   0.0000   0.0000   0.2645
  12.750   1.1340   0.10470   0.09786  -0.0366  0.1087  1.0000  -3.7637   0.0000   0.0000   0.0000   0.2672
  13.000   1.0572   0.12190   0.11515  -0.0498  0.1183  1.0000  -3.2729   0.0000   0.0000   0.0000   0.2822
  13.250   1.0251   0.13594   0.12912  -0.0587  0.1259  1.0000  -2.9770   0.0000   0.0000   0.0000   0.2924
  13.500   1.0016   0.14876   0.14185  -0.0667  0.1348  1.0000  -2.7127   0.0000   0.0000   0.0000   0.3018
  14.000   0.9291   0.18254   0.17535  -0.0947  0.2641  1.0000  -1.8695   0.0000   0.0000   0.0000   0.3378
  14.250   0.9443   0.18842   0.18128  -0.0954  0.2615  1.0000  -1.8961   0.0000   0.0000   0.0000   0.3366
  14.500   0.7099   0.16926   0.16274  -0.0737  0.2681  1.0000  -1.3295   0.0000   0.0000   0.0000   0.3418
  14.750   0.9421   0.19519   0.18801  -0.0997  0.2528  1.0000  -1.8399   0.0000   0.0000   0.0000   0.3407
  15.000   0.7143   0.17545   0.16898  -0.0755  0.2554  1.0000  -1.3191   0.0000   0.0000   0.0000   0.3431
  15.500   0.7211   0.18175   0.17536  -0.0771  0.2416  1.0000  -1.3137   0.0000   0.0000   0.0000   0.3439
  16.000   0.7268   0.18807   0.18173  -0.0791  0.2301  1.0000  -1.2977   0.0000   0.0000   0.0000   0.3452
  16.500   0.7440   0.19627   0.19001  -0.0801  0.2157  1.0000  -1.3213   0.0000   0.0000   0.0000   0.3434
  17.000   0.7494   0.20259   0.19637  -0.0821  0.2049  1.0000  -1.3097   0.0000   0.0000   0.0000   0.3448
  17.500   0.7577   0.20964   0.20348  -0.0841  0.1939  1.0000  -1.3168   0.0000   0.0000   0.0000   0.3456
  18.000   0.7586   0.21489   0.20876  -0.0867  0.1830  1.0000  -1.2900   0.0000   0.0000   0.0000   0.3483
  18.500   0.7646   0.22132   0.21524  -0.0890  0.1727  1.0000  -1.2794   0.0000   0.0000   0.0000   0.3497
  19.000   0.7741   0.22870   0.22266  -0.0910  0.1632  1.0000  -1.2812   0.0000   0.0000   0.0000   0.3502
  19.500   0.7815   0.23558   0.22961  -0.0932  0.1536  1.0000  -1.2708   0.0000   0.0000   0.0000   0.3513
  20.000   0.7878   0.24230   0.23637  -0.0956  0.1441  1.0000  -1.2538   0.0000   0.0000   0.0000   0.3526


