xflr5 v6.61

 Calculated polar for: NACA4412_8_00

 1 1 Reynolds number fixed          Mach number fixed         

 xtrf =   1.000 (top)        1.000 (bottom)
 Mach =   0.200     Re =     0.125 e 6     Ncrit =   9.000

  alpha     CL        CD       CDp       Cm    Top Xtr Bot Xtr   Cpmin    Chinge    XCp    
 ------- -------- --------- --------- -------- ------- ------- -------- --------- ---------
 -22.000  -0.7038   0.26960   0.26440   0.0413  1.0000  0.0192  -1.5297   0.0000   0.0000   0.0000   0.2942
 -21.500  -0.6864   0.26357   0.25835   0.0372  1.0000  0.0203  -1.4787   0.0000   0.0000   0.0000   0.2904
 -21.000  -0.6687   0.25748   0.25227   0.0331  1.0000  0.0215  -1.4788   0.0000   0.0000   0.0000   0.2861
 -20.500  -0.6512   0.25185   0.24664   0.0285  1.0000  0.0221  -1.5411   0.0000   0.0000   0.0000   0.2808
 -20.000  -0.6341   0.24551   0.24030   0.0244  1.0000  0.0224  -1.5634   0.0000   0.0000   0.0000   0.2760
 -19.500  -0.6165   0.23866   0.23345   0.0213  1.0000  0.0233  -1.4993   0.0000   0.0000   0.0000   0.2725
 -19.000  -0.5990   0.23243   0.22722   0.0176  1.0000  0.0244  -1.4800   0.0000   0.0000   0.0000   0.2678
 -18.500  -0.5817   0.22622   0.22101   0.0138  1.0000  0.0256  -1.4818   0.0000   0.0000   0.0000   0.2625
 -18.000  -0.5656   0.22081   0.21561   0.0094  1.0000  0.0263  -1.5363   0.0000   0.0000   0.0000   0.2557
 -17.500  -0.5484   0.21359   0.20841   0.0065  1.0000  0.0269  -1.4872   0.0000   0.0000   0.0000   0.2513
 -17.000  -0.5314   0.20707   0.20189   0.0036  1.0000  0.0282  -1.4259   0.0000   0.0000   0.0000   0.2465
 -16.500  -0.5150   0.20085   0.19568   0.0002  1.0000  0.0301  -1.4117   0.0000   0.0000   0.0000   0.2404
 -16.000  -0.5019   0.19558   0.19044  -0.0043  1.0000  0.0310  -1.4953   0.0000   0.0000   0.0000   0.2318
 -15.500  -0.4837   0.18787   0.18273  -0.0059  1.0000  0.0325  -1.4151   0.0000   0.0000   0.0000   0.2284
 -15.000  -0.4686   0.18154   0.17641  -0.0088  1.0000  0.0343  -1.4303   0.0000   0.0000   0.0000   0.2221
 -14.500  -0.4574   0.17626   0.17117  -0.0129  1.0000  0.0356  -1.5375   0.0000   0.0000   0.0000   0.2129
 -14.000  -0.4409   0.16860   0.16352  -0.0145  1.0000  0.0367  -1.4870   0.0000   0.0000   0.0000   0.2085
 -13.500  -0.4267   0.16220   0.15714  -0.0167  1.0000  0.0387  -1.4720   0.0000   0.0000   0.0000   0.2024
 -13.000  -0.4172   0.15660   0.15158  -0.0203  1.0000  0.0406  -1.5527   0.0000   0.0000   0.0000   0.1933
 -12.500  -0.4034   0.14940   0.14441  -0.0218  1.0000  0.0417  -1.5231   0.0000   0.0000   0.0000   0.1879
 -12.000  -0.3908   0.14312   0.13815  -0.0236  1.0000  0.0447  -1.4981   0.0000   0.0000   0.0000   0.1817
 -11.500  -0.3851   0.13738   0.13249  -0.0269  1.0000  0.0466  -1.5818   0.0000   0.0000   0.0000   0.1726
 -11.000  -0.3700   0.13056   0.12569  -0.0274  1.0000  0.0497  -1.4948   0.0000   0.0000   0.0000   0.1686
 -10.500  -0.3702   0.12583   0.12105  -0.0314  1.0000  0.0519  -1.6165   0.0000   0.0000   0.0000   0.1584
 -10.000  -0.3534   0.11831   0.11355  -0.0307  1.0000  0.0542  -1.5052   0.0000   0.0000   0.0000   0.1563
  -9.750  -0.3495   0.11542   0.11070  -0.0313  1.0000  0.0559  -1.5156   0.0000   0.0000   0.0000   0.1537
  -9.500  -0.2611   0.10219   0.09794  -0.0349  1.0000  0.0614  -1.2827   0.0000   0.0000   0.0000   0.1119
  -9.250  -0.3580   0.11130   0.10671  -0.0354  1.0000  0.0580  -1.6949   0.0000   0.0000   0.0000   0.1452
  -9.000  -0.2725   0.09730   0.09316  -0.0361  1.0000  0.0642  -1.4010   0.0000   0.0000   0.0000   0.1137
  -8.750  -0.3397   0.10398   0.09944  -0.0331  1.0000  0.0611  -1.5782   0.0000   0.0000   0.0000   0.1467
  -8.500  -0.2656   0.09093   0.08687  -0.0337  1.0000  0.0675  -1.3432   0.0000   0.0000   0.0000   0.1196
  -8.250  -0.3499   0.09980   0.09541  -0.0350  1.0000  0.0642  -1.7072   0.0000   0.0000   0.0000   0.1448
  -8.000  -0.2850   0.08673   0.08281  -0.0331  1.0000  0.0708  -1.4547   0.0000   0.0000   0.0000   0.1310
  -7.750  -0.3436   0.09391   0.08961  -0.0324  1.0000  0.0670  -1.6483   0.0000   0.0000   0.0000   0.1508
  -7.500  -0.2862   0.08124   0.07741  -0.0292  1.0000  0.0744  -1.4034   0.0000   0.0000   0.0000   0.1454
  -7.000  -0.3136   0.07799   0.07433  -0.0256  1.0000  0.0773  -1.4855   0.0000   0.0000   0.0000   0.1661
  -6.500  -0.3559   0.07581   0.07235  -0.0223  1.0000  0.0779  -1.6235   0.0000   0.0000   0.0000   0.1858
  -6.250  -0.3917   0.08230   0.07848  -0.0255  1.0000  0.0769  -1.7886   0.0000   0.0000   0.0000   0.1821
  -5.750  -0.3958   0.07688   0.07314  -0.0260  1.0000  0.0800  -1.8178   0.0000   0.0000   0.0000   0.1818
  -5.500  -0.3939   0.07431   0.07058  -0.0261  1.0000  0.0826  -1.8068   0.0000   0.0000   0.0000   0.1813
  -5.250  -0.3866   0.07019   0.06641  -0.0327  1.0000  0.0860  -1.9076   0.0000   0.0000   0.0000   0.1632
  -5.000  -0.3831   0.06790   0.06417  -0.0298  1.0000  0.0880  -1.8265   0.0000   0.0000   0.0000   0.1700
  -4.750  -0.3635   0.06335   0.05948  -0.0371  0.9993  0.0936  -1.8861   0.0000   0.0000   0.0000   0.1457
  -4.500  -0.3213   0.05819   0.05415  -0.0456  0.9935  0.1016  -1.8270   0.0000   0.0000   0.0000   0.1056
  -4.250  -0.2835   0.05394   0.04979  -0.0514  0.9877  0.1106  -1.7365   0.0000   0.0000   0.0000   0.0662
  -4.000  -0.2443   0.05013   0.04583  -0.0570  0.9814  0.1230  -1.6699   0.0000   0.0000   0.0000   0.0137
  -3.500  -0.1357   0.03257   0.02660  -0.0753  0.9730  0.0730  -2.1114   0.0000   0.0000   0.0000  -0.3114
  -3.250  -0.0928   0.02795   0.02108  -0.0787  0.9678  0.0700  -2.1592   0.0000   0.0000   0.0000  -0.6073
  -3.000  -0.0470   0.02476   0.01709  -0.0820  0.9642  0.0703  -2.1018   0.0000   0.0000   0.0000  -1.5133
  -2.750  -0.0084   0.02314   0.01516  -0.0840  0.9573  0.0758  -1.9751   0.0000   0.0000   0.0000  -9.8486
  -2.500   0.0317   0.02165   0.01335  -0.0861  0.9509  0.0822  -1.8515   0.0000   0.0000   0.0000   2.9874
  -2.250   0.0759   0.02048   0.01197  -0.0889  0.9458  0.0942  -1.6868   0.0000   0.0000   0.0000   1.4304
  -2.000   0.1132   0.01962   0.01104  -0.0905  0.9376  0.1094  -1.5421   0.0000   0.0000   0.0000   1.0548
  -1.750   0.1510   0.01882   0.01035  -0.0923  0.9299  0.1312  -1.3913   0.0000   0.0000   0.0000   0.8644
  -1.500   0.1959   0.01799   0.00968  -0.0953  0.9248  0.1697  -1.2172   0.0000   0.0000   0.0000   0.7390
  -1.250   0.2315   0.01731   0.00924  -0.0967  0.9158  0.2258  -1.0630   0.0000   0.0000   0.0000   0.6693
  -1.000   0.2678   0.01651   0.00886  -0.0982  0.9074  0.3225  -0.9206   0.0000   0.0000   0.0000   0.6179
  -0.750   0.3192   0.01432   0.00846  -0.1019  0.9047  1.0000  -0.7398   0.0000   0.0000   0.0000   0.5697
  -0.500   0.3575   0.01423   0.00810  -0.1035  0.8953  1.0000  -0.6045   0.0000   0.0000   0.0000   0.5395
  -0.250   0.3965   0.01408   0.00775  -0.1051  0.8865  1.0000  -0.5828   0.0000   0.0000   0.0000   0.5149
   0.000   0.4376   0.01386   0.00736  -0.1070  0.8790  1.0000  -0.6095   0.0000   0.0000   0.0000   0.4942
   0.250   0.4708   0.01375   0.00712  -0.1075  0.8678  1.0000  -0.6325   0.0000   0.0000   0.0000   0.4776
   0.500   0.5034   0.01363   0.00691  -0.1078  0.8564  1.0000  -0.6558   0.0000   0.0000   0.0000   0.4632
   0.750   0.5356   0.01352   0.00670  -0.1080  0.8447  1.0000  -0.6793   0.0000   0.0000   0.0000   0.4505
   1.000   0.5671   0.01343   0.00653  -0.1081  0.8327  1.0000  -0.7033   0.0000   0.0000   0.0000   0.4392
   1.250   0.5978   0.01335   0.00638  -0.1080  0.8202  1.0000  -0.7275   0.0000   0.0000   0.0000   0.4290
   1.500   0.6279   0.01331   0.00629  -0.1078  0.8073  1.0000  -0.7519   0.0000   0.0000   0.0000   0.4198
   1.750   0.6572   0.01331   0.00622  -0.1074  0.7939  1.0000  -0.7767   0.0000   0.0000   0.0000   0.4115
   2.000   0.6860   0.01335   0.00620  -0.1070  0.7803  1.0000  -0.8020   0.0000   0.0000   0.0000   0.4038
   2.250   0.7143   0.01342   0.00624  -0.1066  0.7665  1.0000  -0.8281   0.0000   0.0000   0.0000   0.3968
   2.500   0.7422   0.01353   0.00631  -0.1061  0.7528  1.0000  -0.8551   0.0000   0.0000   0.0000   0.3903
   2.750   0.7698   0.01367   0.00642  -0.1056  0.7391  1.0000  -0.8832   0.0000   0.0000   0.0000   0.3842
   3.000   0.7972   0.01384   0.00656  -0.1050  0.7256  1.0000  -0.9133   0.0000   0.0000   0.0000   0.3786
   3.250   0.8246   0.01403   0.00676  -0.1045  0.7125  1.0000  -0.9982   0.0000   0.0000   0.0000   0.3734
   3.500   0.8519   0.01425   0.00696  -0.1039  0.6996  1.0000  -1.1113   0.0000   0.0000   0.0000   0.3685
   3.750   0.8794   0.01447   0.00718  -0.1034  0.6871  1.0000  -1.2412   0.0000   0.0000   0.0000   0.3638
   4.000   0.9059   0.01473   0.00749  -0.1028  0.6741  1.0000  -1.3745   0.0000   0.0000   0.0000   0.3594
   4.250   0.9318   0.01502   0.00783  -0.1020  0.6607  1.0000  -1.5226   0.0000   0.0000   0.0000   0.3552
   4.500   0.9576   0.01532   0.00818  -0.1013  0.6474  1.0000  -1.6751   0.0000   0.0000   0.0000   0.3512
   4.750   0.9834   0.01561   0.00854  -0.1005  0.6338  1.0000  -1.8320   0.0000   0.0000   0.0000   0.3474
   5.000   1.0091   0.01582   0.00881  -0.0994  0.6178  1.0000  -2.0145   0.0000   0.0000   0.0000   0.3435
   5.250   1.0316   0.01583   0.00880  -0.0975  0.5922  1.0000  -2.2156   0.0000   0.0000   0.0000   0.3392
   5.500   1.0532   0.01582   0.00876  -0.0953  0.5631  1.0000  -2.4197   0.0000   0.0000   0.0000   0.3349
   5.750   1.0751   0.01596   0.00891  -0.0935  0.5371  1.0000  -2.6272   0.0000   0.0000   0.0000   0.3310
   6.000   1.0958   0.01613   0.00913  -0.0915  0.5083  1.0000  -2.8334   0.0000   0.0000   0.0000   0.3272
   6.250   1.1148   0.01634   0.00936  -0.0891  0.4734  1.0000  -3.0383   0.0000   0.0000   0.0000   0.3234
   6.500   1.1304   0.01665   0.00965  -0.0863  0.4227  1.0000  -3.2457   0.0000   0.0000   0.0000   0.3194
   6.750   1.1332   0.01773   0.01011  -0.0815  0.2885  1.0000  -3.3805   0.0000   0.0000   0.0000   0.3147
   7.000   1.1203   0.02100   0.01205  -0.0757  0.1244  1.0000  -3.4136   0.0000   0.0000   0.0000   0.3100
   7.250   1.1228   0.02310   0.01386  -0.0718  0.0931  1.0000  -3.5098   0.0000   0.0000   0.0000   0.3062
   7.500   1.1294   0.02476   0.01547  -0.0684  0.0796  1.0000  -3.6266   0.0000   0.0000   0.0000   0.3025
   7.750   1.1359   0.02643   0.01706  -0.0651  0.0709  1.0000  -3.7520   0.0000   0.0000   0.0000   0.2990
   8.000   1.1456   0.02814   0.01870  -0.0623  0.0645  1.0000  -3.8850   0.0000   0.0000   0.0000   0.2957
   8.250   1.1627   0.02987   0.02045  -0.0604  0.0590  1.0000  -4.0332   0.0000   0.0000   0.0000   0.2930
   8.500   1.1838   0.03174   0.02236  -0.0593  0.0534  1.0000  -4.2024   0.0000   0.0000   0.0000   0.2908
   8.750   1.2144   0.03420   0.02492  -0.0592  0.0496  1.0000  -4.3866   0.0000   0.0000   0.0000   0.2892
   9.000   1.2441   0.03682   0.02755  -0.0594  0.0457  1.0000  -4.6255   0.0000   0.0000   0.0000   0.2878
   9.250   1.2643   0.03920   0.03032  -0.0579  0.0429  1.0000  -4.7789   0.0000   0.0000   0.0000   0.2856
   9.500   1.2904   0.04236   0.03366  -0.0576  0.0414  1.0000  -4.9641   0.0000   0.0000   0.0000   0.2840
   9.750   1.3138   0.04639   0.03792  -0.0570  0.0407  1.0000  -5.1045   0.0000   0.0000   0.0000   0.2825
  10.000   1.3243   0.04997   0.04195  -0.0547  0.0407  1.0000  -5.1605   0.0000   0.0000   0.0000   0.2801
  10.250   1.3244   0.05332   0.04579  -0.0513  0.0405  1.0000  -5.1728   0.0000   0.0000   0.0000   0.2772
  10.500   1.3181   0.05659   0.04953  -0.0475  0.0403  1.0000  -5.1626   0.0000   0.0000   0.0000   0.2743
  10.750   1.3074   0.05979   0.05311  -0.0436  0.0401  1.0000  -5.1420   0.0000   0.0000   0.0000   0.2713
  11.000   1.2937   0.06301   0.05664  -0.0398  0.0401  1.0000  -5.1166   0.0000   0.0000   0.0000   0.2685
  11.250   1.2791   0.06649   0.06039  -0.0368  0.0401  1.0000  -5.0889   0.0000   0.0000   0.0000   0.2661
  11.500   1.2650   0.07032   0.06446  -0.0346  0.0403  1.0000  -5.0640   0.0000   0.0000   0.0000   0.2644
  11.750   1.2601   0.07483   0.06911  -0.0334  0.0407  1.0000  -5.0785   0.0000   0.0000   0.0000   0.2633
  12.000   1.2053   0.08000   0.07487  -0.0325  0.0426  1.0000  -4.7580   0.0000   0.0000   0.0000   0.2634
  12.250   1.1777   0.08614   0.08126  -0.0340  0.0437  1.0000  -4.6183   0.0000   0.0000   0.0000   0.2649
  12.500   1.1550   0.09243   0.08774  -0.0363  0.0445  1.0000  -4.5140   0.0000   0.0000   0.0000   0.2671
  12.750   1.1355   0.09894   0.09437  -0.0392  0.0451  1.0000  -4.4253   0.0000   0.0000   0.0000   0.2699
  13.000   1.1210   0.10539   0.10092  -0.0421  0.0457  1.0000  -4.3599   0.0000   0.0000   0.0000   0.2726


