xflr5 v6.61

 Calculated polar for: NACA4412_6_80

 1 1 Reynolds number fixed          Mach number fixed         

 xtrf =   1.000 (top)        1.000 (bottom)
 Mach =   0.200     Re =     0.070 e 6     Ncrit =   9.000

  alpha     CL        CD       CDp       Cm    Top Xtr Bot Xtr   Cpmin    Chinge    XCp    
 ------- -------- --------- --------- -------- ------- ------- -------- --------- ---------
 -20.000  -0.4476   0.21056   0.20473   0.0072  1.0000  0.0368  -0.9451   0.0000   0.0000   0.0000   0.2621
 -19.500  -0.4365   0.20530   0.19944   0.0045  1.0000  0.0387  -0.9526   0.0000   0.0000   0.0000   0.2566
 -19.000  -0.4266   0.20077   0.19487   0.0016  1.0000  0.0403  -0.9863   0.0000   0.0000   0.0000   0.2502
 -18.500  -0.4171   0.19624   0.19035  -0.0013  1.0000  0.0411  -1.0207   0.0000   0.0000   0.0000   0.2435
 -18.000  -0.4046   0.19032   0.18438  -0.0034  1.0000  0.0434  -0.9917   0.0000   0.0000   0.0000   0.2383
 -17.500  -0.3953   0.18618   0.18023  -0.0062  1.0000  0.0458  -1.0169   0.0000   0.0000   0.0000   0.2312
 -17.000  -0.3849   0.18116   0.17521  -0.0086  1.0000  0.0471  -1.0185   0.0000   0.0000   0.0000   0.2247
 -16.500  -0.3738   0.17614   0.17018  -0.0107  1.0000  0.0498  -0.9987   0.0000   0.0000   0.0000   0.2184
 -16.000  -0.3666   0.17277   0.16679  -0.0135  1.0000  0.0517  -1.0290   0.0000   0.0000   0.0000   0.2104
 -15.500  -0.3554   0.16723   0.16124  -0.0153  1.0000  0.0534  -1.0010   0.0000   0.0000   0.0000   0.2042
 -15.000  -0.3461   0.16282   0.15682  -0.0172  1.0000  0.0565  -0.9859   0.0000   0.0000   0.0000   0.1974
 -14.500  -0.3445   0.16098   0.15499  -0.0199  1.0000  0.0580  -1.0685   0.0000   0.0000   0.0000   0.1894
 -14.000  -0.3306   0.15428   0.14828  -0.0208  1.0000  0.0611  -1.0397   0.0000   0.0000   0.0000   0.1842
 -13.500  -0.3282   0.15153   0.14552  -0.0227  1.0000  0.0640  -1.1000   0.0000   0.0000   0.0000   0.1778
 -13.000  -0.3189   0.14605   0.14006  -0.0239  1.0000  0.0667  -1.1054   0.0000   0.0000   0.0000   0.1720
 -12.500  -0.3155   0.14232   0.13636  -0.0259  1.0000  0.0707  -1.1582   0.0000   0.0000   0.0000   0.1648
 -12.000  -0.3044   0.13599   0.13005  -0.0267  1.0000  0.0747  -1.1444   0.0000   0.0000   0.0000   0.1592
 -11.500  -0.3057   0.13248   0.12658  -0.0291  1.0000  0.0780  -1.2216   0.0000   0.0000   0.0000   0.1520
 -11.000  -0.2916   0.12511   0.11925  -0.0292  1.0000  0.0826  -1.1801   0.0000   0.0000   0.0000   0.1471
 -10.500  -0.2986   0.12171   0.11593  -0.0316  1.0000  0.0854  -1.2778   0.0000   0.0000   0.0000   0.1415
 -10.000  -0.2832   0.11391   0.10817  -0.0311  1.0000  0.0915  -1.2186   0.0000   0.0000   0.0000   0.1375
  -9.750  -0.3827   0.12373   0.11754  -0.0275  1.0000  0.0853  -1.5541   0.0000   0.0000   0.0000   0.1739
  -9.500  -0.2785   0.10775   0.10209  -0.0315  1.0000  0.0956  -1.2235   0.0000   0.0000   0.0000   0.1344
  -9.250  -0.3658   0.11593   0.10980  -0.0273  1.0000  0.0911  -1.4913   0.0000   0.0000   0.0000   0.1712
  -9.000  -0.2848   0.10330   0.09776  -0.0327  1.0000  0.1006  -1.2842   0.0000   0.0000   0.0000   0.1330
  -8.750  -0.3590   0.11008   0.10406  -0.0284  1.0000  0.0954  -1.4988   0.0000   0.0000   0.0000   0.1670
  -8.500  -0.2770   0.09648   0.09102  -0.0316  1.0000  0.1074  -1.2459   0.0000   0.0000   0.0000   0.1337
  -8.250  -0.3642   0.10643   0.10058  -0.0303  1.0000  0.1006  -1.5657   0.0000   0.0000   0.0000   0.1632
  -8.000  -0.2763   0.09058   0.08524  -0.0307  1.0000  0.1143  -1.2369   0.0000   0.0000   0.0000   0.1370
  -7.750  -0.3548   0.09993   0.09417  -0.0290  1.0000  0.1073  -1.5159   0.0000   0.0000   0.0000   0.1649
  -7.000  -0.3672   0.09376   0.08832  -0.0273  1.0000  0.1165  -1.5517   0.0000   0.0000   0.0000   0.1730
  -6.500  -0.3685   0.08870   0.08342  -0.0265  1.0000  0.1246  -1.5506   0.0000   0.0000   0.0000   0.1759
  -6.000  -0.3694   0.08370   0.07856  -0.0263  1.0000  0.1333  -1.5753   0.0000   0.0000   0.0000   0.1769
  -5.750  -0.3690   0.08095   0.07588  -0.0267  1.0000  0.1369  -1.5929   0.0000   0.0000   0.0000   0.1758
  -5.500  -0.3666   0.07862   0.07359  -0.0285  1.0000  0.1434  -1.6161   0.0000   0.0000   0.0000   0.1705
  -5.250  -0.3629   0.07547   0.07048  -0.0268  1.0000  0.1475  -1.5986   0.0000   0.0000   0.0000   0.1744
  -5.000  -0.3565   0.07266   0.06768  -0.0300  1.0000  0.1548  -1.6268   0.0000   0.0000   0.0000   0.1644
  -4.750  -0.3466   0.06984   0.06483  -0.0328  1.0000  0.1638  -1.6404   0.0000   0.0000   0.0000   0.1538
  -4.500  -0.3356   0.06686   0.06183  -0.0344  1.0000  0.1736  -1.6345   0.0000   0.0000   0.0000   0.1460
  -4.250  -0.3245   0.06376   0.05869  -0.0349  1.0000  0.1840  -1.6135   0.0000   0.0000   0.0000   0.1409
  -2.500  -0.1142   0.03509   0.02786  -0.0616  1.0000  0.1251  -1.7004   0.0000   0.0000   0.0000  -0.2930
  -2.250  -0.0718   0.03081   0.02260  -0.0646  1.0000  0.1088  -1.7862   0.0000   0.0000   0.0000  -0.6547
  -2.000  -0.0434   0.02877   0.02027  -0.0653  1.0000  0.1115  -1.7181   0.0000   0.0000   0.0000  -1.2618
  -1.750  -0.0135   0.02697   0.01797  -0.0658  1.0000  0.1151  -1.6623   0.0000   0.0000   0.0000  -4.6426
  -1.500   0.0138   0.02567   0.01633  -0.0661  1.0000  0.1227  -1.5743   0.0000   0.0000   0.0000   5.0637
  -1.250   0.0403   0.02464   0.01500  -0.0661  1.0000  0.1333  -1.5067   0.0000   0.0000   0.0000   1.8974
  -1.000   0.0649   0.02393   0.01419  -0.0660  1.0000  0.1499  -1.4176   0.0000   0.0000   0.0000   1.2713
  -0.750   0.1033   0.02327   0.01344  -0.0683  0.9953  0.1834  -1.2907   0.0000   0.0000   0.0000   0.9134
  -0.500   0.1530   0.02252   0.01293  -0.0725  0.9874  0.2597  -1.1348   0.0000   0.0000   0.0000   0.7246
  -0.250   0.1975   0.01968   0.01224  -0.0751  0.9804  1.0000  -0.9960   0.0000   0.0000   0.0000   0.6308
   0.000   0.2446   0.02031   0.01222  -0.0792  0.9673  1.0000  -0.8085   0.0000   0.0000   0.0000   0.5738
   0.250   0.2934   0.02092   0.01245  -0.0837  0.9552  1.0000  -0.6311   0.0000   0.0000   0.0000   0.5349
   0.500   0.3343   0.02142   0.01270  -0.0867  0.9409  1.0000  -0.5031   0.0000   0.0000   0.0000   0.5088
   0.750   0.3777   0.02187   0.01297  -0.0901  0.9275  1.0000  -0.5290   0.0000   0.0000   0.0000   0.4875
   1.000   0.4214   0.02227   0.01322  -0.0933  0.9148  1.0000  -0.5558   0.0000   0.0000   0.0000   0.4703
   1.250   0.4647   0.02260   0.01345  -0.0964  0.9023  1.0000  -0.5837   0.0000   0.0000   0.0000   0.4560
   1.500   0.4996   0.02295   0.01375  -0.0979  0.8878  1.0000  -0.6073   0.0000   0.0000   0.0000   0.4444
   1.750   0.5369   0.02325   0.01401  -0.0997  0.8742  1.0000  -0.6333   0.0000   0.0000   0.0000   0.4339
   2.000   0.5748   0.02350   0.01427  -0.1015  0.8612  1.0000  -0.6609   0.0000   0.0000   0.0000   0.4246
   2.250   0.6134   0.02369   0.01448  -0.1033  0.8489  1.0000  -0.6903   0.0000   0.0000   0.0000   0.4163
   2.500   0.6520   0.02383   0.01466  -0.1049  0.8372  1.0000  -0.7213   0.0000   0.0000   0.0000   0.4086
   2.750   0.6947   0.02375   0.01468  -0.1069  0.8273  1.0000  -0.7576   0.0000   0.0000   0.0000   0.4013
   3.000   0.7269   0.02395   0.01495  -0.1072  0.8145  1.0000  -0.7883   0.0000   0.0000   0.0000   0.3948
   3.250   0.7580   0.02417   0.01527  -0.1074  0.8017  1.0000  -0.8987   0.0000   0.0000   0.0000   0.3888
   3.500   0.7881   0.02442   0.01567  -0.1073  0.7888  1.0000  -1.0325   0.0000   0.0000   0.0000   0.3831
   3.750   0.8176   0.02469   0.01607  -0.1071  0.7759  1.0000  -1.1793   0.0000   0.0000   0.0000   0.3777
   4.000   0.8466   0.02498   0.01650  -0.1068  0.7630  1.0000  -1.3362   0.0000   0.0000   0.0000   0.3726
   4.250   0.8755   0.02526   0.01695  -0.1064  0.7499  1.0000  -1.5010   0.0000   0.0000   0.0000   0.3677
   4.500   0.9044   0.02552   0.01743  -0.1058  0.7368  1.0000  -1.7102   0.0000   0.0000   0.0000   0.3630
   4.750   0.9335   0.02574   0.01787  -0.1052  0.7232  1.0000  -1.9350   0.0000   0.0000   0.0000   0.3585
   5.000   0.9628   0.02590   0.01826  -0.1044  0.7090  1.0000  -2.1831   0.0000   0.0000   0.0000   0.3539
   5.250   1.0005   0.02488   0.01752  -0.1030  0.6894  1.0000  -2.5122   0.0000   0.0000   0.0000   0.3482
   5.500   1.0337   0.02183   0.01442  -0.0970  0.6337  1.0000  -2.8657   0.0000   0.0000   0.0000   0.3388
   5.750   1.0555   0.02081   0.01341  -0.0925  0.5832  1.0000  -3.1335   0.0000   0.0000   0.0000   0.3323
   6.000   1.0673   0.02033   0.01291  -0.0870  0.5102  1.0000  -3.3259   0.0000   0.0000   0.0000   0.3257
   6.250   1.0552   0.02167   0.01296  -0.0784  0.2667  1.0000  -3.3465   0.0000   0.0000   0.0000   0.3181
   6.500   1.0474   0.02555   0.01543  -0.0735  0.1406  1.0000  -3.3453   0.0000   0.0000   0.0000   0.3138
   6.750   1.0544   0.02795   0.01759  -0.0702  0.1135  1.0000  -3.4141   0.0000   0.0000   0.0000   0.3099
   7.000   1.0677   0.03011   0.01962  -0.0674  0.0984  1.0000  -3.5069   0.0000   0.0000   0.0000   0.3062
   7.250   1.0919   0.03244   0.02178  -0.0660  0.0865  1.0000  -3.6614   0.0000   0.0000   0.0000   0.3033
   7.500   1.1275   0.03537   0.02462  -0.0661  0.0773  1.0000  -3.8580   0.0000   0.0000   0.0000   0.3012
   7.750   1.1626   0.03862   0.02794  -0.0663  0.0715  1.0000  -4.0340   0.0000   0.0000   0.0000   0.2992
   8.000   1.1887   0.04189   0.03173  -0.0649  0.0690  1.0000  -4.1201   0.0000   0.0000   0.0000   0.2966
   8.250   1.2106   0.04521   0.03537  -0.0636  0.0655  1.0000  -4.2327   0.0000   0.0000   0.0000   0.2942
   8.500   1.2321   0.04936   0.03982  -0.0624  0.0646  1.0000  -4.3185   0.0000   0.0000   0.0000   0.2921
   8.750   1.2381   0.05294   0.04424  -0.0589  0.0662  1.0000  -4.2681   0.0000   0.0000   0.0000   0.2887
   9.000   1.2423   0.05724   0.04918  -0.0559  0.0683  1.0000  -4.2279   0.0000   0.0000   0.0000   0.2860
   9.250   1.2493   0.06192   0.05421  -0.0538  0.0703  1.0000  -4.2282   0.0000   0.0000   0.0000   0.2838
   9.500   1.2387   0.06611   0.05906  -0.0501  0.0736  1.0000  -4.1221   0.0000   0.0000   0.0000   0.2810
   9.750   1.2302   0.07080   0.06413  -0.0475  0.0764  1.0000  -4.0607   0.0000   0.0000   0.0000   0.2789
  10.000   1.2174   0.07525   0.06893  -0.0449  0.0797  1.0000  -3.9834   0.0000   0.0000   0.0000   0.2770
  10.250   1.1875   0.07921   0.07320  -0.0419  0.0819  1.0000  -3.8691   0.0000   0.0000   0.0000   0.2752
  10.500   1.1846   0.08459   0.07872  -0.0411  0.0860  1.0000  -3.8366   0.0000   0.0000   0.0000   0.2744
  10.750   1.1445   0.08907   0.08344  -0.0410  0.0869  1.0000  -3.6977   0.0000   0.0000   0.0000   0.2752
  11.000   1.1109   0.09516   0.08967  -0.0436  0.0876  1.0000  -3.5667   0.0000   0.0000   0.0000   0.2784
  11.250   1.0785   0.10289   0.09751  -0.0486  0.0886  1.0000  -3.4110   0.0000   0.0000   0.0000   0.2840
  11.500   1.0631   0.11108   0.10576  -0.0528  0.0939  1.0000  -3.2786   0.0000   0.0000   0.0000   0.2885
  11.750   1.0266   0.12431   0.11895  -0.0637  0.0992  1.0000  -2.9664   0.0000   0.0000   0.0000   0.3008


