xflr5 v6.61

 Calculated polar for: NACA4412_6_80

 1 1 Reynolds number fixed          Mach number fixed         

 xtrf =   1.000 (top)        1.000 (bottom)
 Mach =   0.200     Re =     0.100 e 6     Ncrit =   7.000

  alpha     CL        CD       CDp       Cm    Top Xtr Bot Xtr   Cpmin    Chinge    XCp    
 ------- -------- --------- --------- -------- ------- ------- -------- --------- ---------
 -23.500  -0.7877   0.29170   0.28602   0.0628  1.0000  0.0154  -1.6268   0.0000   0.0000   0.0000   0.3162
 -23.000  -0.7708   0.28564   0.27995   0.0585  1.0000  0.0160  -1.5950   0.0000   0.0000   0.0000   0.3130
 -22.500  -0.7535   0.27964   0.27394   0.0541  1.0000  0.0167  -1.5764   0.0000   0.0000   0.0000   0.3096
 -22.000  -0.7360   0.27361   0.26790   0.0498  1.0000  0.0174  -1.5644   0.0000   0.0000   0.0000   0.3059
 -21.500  -0.7183   0.26763   0.26190   0.0454  1.0000  0.0181  -1.5648   0.0000   0.0000   0.0000   0.3020
 -21.000  -0.7006   0.26215   0.25642   0.0407  1.0000  0.0184  -1.5909   0.0000   0.0000   0.0000   0.2974
 -20.500  -0.6833   0.25512   0.24940   0.0371  1.0000  0.0190  -1.5254   0.0000   0.0000   0.0000   0.2940
 -20.000  -0.6658   0.24883   0.24309   0.0333  1.0000  0.0202  -1.4706   0.0000   0.0000   0.0000   0.2902
 -19.500  -0.6481   0.24260   0.23687   0.0293  1.0000  0.0213  -1.4430   0.0000   0.0000   0.0000   0.2858
 -19.000  -0.6305   0.23664   0.23091   0.0251  1.0000  0.0220  -1.4903   0.0000   0.0000   0.0000   0.2808
 -18.500  -0.6137   0.23104   0.22533   0.0207  1.0000  0.0223  -1.5554   0.0000   0.0000   0.0000   0.2751
 -18.000  -0.5960   0.22349   0.21776   0.0180  1.0000  0.0232  -1.4839   0.0000   0.0000   0.0000   0.2718
 -17.500  -0.5788   0.21712   0.21140   0.0145  1.0000  0.0244  -1.4719   0.0000   0.0000   0.0000   0.2671
 -17.000  -0.5619   0.21085   0.20514   0.0109  1.0000  0.0257  -1.4821   0.0000   0.0000   0.0000   0.2617
 -16.500  -0.5461   0.20518   0.19948   0.0068  1.0000  0.0263  -1.5314   0.0000   0.0000   0.0000   0.2551
 -16.000  -0.5294   0.19801   0.19233   0.0040  1.0000  0.0269  -1.4916   0.0000   0.0000   0.0000   0.2504
 -15.500  -0.5131   0.19140   0.18572   0.0013  1.0000  0.0283  -1.4401   0.0000   0.0000   0.0000   0.2456
 -15.000  -0.4978   0.18519   0.17952  -0.0020  1.0000  0.0301  -1.4327   0.0000   0.0000   0.0000   0.2394
 -14.500  -0.4851   0.17970   0.17408  -0.0059  1.0000  0.0310  -1.4845   0.0000   0.0000   0.0000   0.2314
 -14.000  -0.4681   0.17209   0.16647  -0.0075  1.0000  0.0328  -1.3743   0.0000   0.0000   0.0000   0.2278
 -13.500  -0.4544   0.16583   0.16023  -0.0104  1.0000  0.0348  -1.4046   0.0000   0.0000   0.0000   0.2212
 -13.000  -0.4451   0.16074   0.15518  -0.0143  1.0000  0.0356  -1.5207   0.0000   0.0000   0.0000   0.2121
 -12.500  -0.4282   0.15275   0.14721  -0.0153  1.0000  0.0372  -1.4550   0.0000   0.0000   0.0000   0.2087
 -12.000  -0.4159   0.14645   0.14094  -0.0176  1.0000  0.0395  -1.4785   0.0000   0.0000   0.0000   0.2021
 -11.500  -0.4093   0.14137   0.13592  -0.0214  1.0000  0.0407  -1.5969   0.0000   0.0000   0.0000   0.1925
 -11.000  -0.3933   0.13365   0.12824  -0.0219  1.0000  0.0426  -1.5288   0.0000   0.0000   0.0000   0.1891
 -10.500  -0.3833   0.12766   0.12228  -0.0241  1.0000  0.0452  -1.5568   0.0000   0.0000   0.0000   0.1821
 -10.000  -0.3772   0.12194   0.11665  -0.0270  1.0000  0.0466  -1.6354   0.0000   0.0000   0.0000   0.1738
  -9.500  -0.3646   0.11552   0.11028  -0.0276  1.0000  0.0507  -1.5823   0.0000   0.0000   0.0000   0.1698
  -9.000  -0.3595   0.10979   0.10465  -0.0296  1.0000  0.0528  -1.6319   0.0000   0.0000   0.0000   0.1634
  -8.500  -0.3513   0.10406   0.09900  -0.0301  1.0000  0.0565  -1.6081   0.0000   0.0000   0.0000   0.1604
  -8.000  -0.3623   0.10049   0.09563  -0.0326  1.0000  0.0580  -1.7616   0.0000   0.0000   0.0000   0.1566
  -7.500  -0.3498   0.09373   0.08894  -0.0299  1.0000  0.0613  -1.6391   0.0000   0.0000   0.0000   0.1613
  -7.000  -0.3660   0.09028   0.08569  -0.0289  1.0000  0.0639  -1.7289   0.0000   0.0000   0.0000   0.1682
  -6.000  -0.3700   0.08014   0.07581  -0.0282  1.0000  0.0698  -1.7353   0.0000   0.0000   0.0000   0.1717
  -5.500  -0.3656   0.07433   0.07008  -0.0302  1.0000  0.0727  -1.7821   0.0000   0.0000   0.0000   0.1656
  -5.000  -0.3486   0.06783   0.06355  -0.0357  1.0000  0.0789  -1.8515   0.0000   0.0000   0.0000   0.1460
  -4.500  -0.3285   0.06189   0.05758  -0.0370  1.0000  0.0879  -1.8067   0.0000   0.0000   0.0000   0.1358
  -3.500  -0.1444   0.03636   0.03049  -0.0703  0.9829  0.0551  -2.2076   0.0000   0.0000   0.0000  -0.2409
  -3.000  -0.0519   0.02653   0.01892  -0.0793  0.9747  0.0512  -2.3056   0.0000   0.0000   0.0000  -1.2907
  -2.500   0.0316   0.02225   0.01356  -0.0846  0.9647  0.0594  -2.0644   0.0000   0.0000   0.0000   2.9428
  -2.000   0.1085   0.01983   0.01070  -0.0883  0.9515  0.0770  -1.7188   0.0000   0.0000   0.0000   1.0682
  -1.500   0.1852   0.01811   0.00900  -0.0921  0.9378  0.1178  -1.3770   0.0000   0.0000   0.0000   0.7494
  -1.000   0.2634   0.01662   0.00804  -0.0964  0.9247  0.2502  -1.0308   0.0000   0.0000   0.0000   0.6168
  -0.500   0.3384   0.01432   0.00742  -0.0993  0.9096  1.0000  -0.6924   0.0000   0.0000   0.0000   0.5437
   0.000   0.4138   0.01422   0.00686  -0.1024  0.8918  1.0000  -0.5584   0.0000   0.0000   0.0000   0.4971
   0.500   0.4809   0.01414   0.00651  -0.1038  0.8700  1.0000  -0.6032   0.0000   0.0000   0.0000   0.4649
   1.000   0.5461   0.01404   0.00624  -0.1046  0.8470  1.0000  -0.6494   0.0000   0.0000   0.0000   0.4403
   1.500   0.6088   0.01397   0.00608  -0.1049  0.8221  1.0000  -0.6973   0.0000   0.0000   0.0000   0.4206
   2.000   0.6688   0.01399   0.00603  -0.1046  0.7949  1.0000  -0.7466   0.0000   0.0000   0.0000   0.4044
   2.500   0.7265   0.01412   0.00617  -0.1039  0.7662  1.0000  -0.7987   0.0000   0.0000   0.0000   0.3906
   3.000   0.7827   0.01438   0.00644  -0.1030  0.7369  1.0000  -0.9535   0.0000   0.0000   0.0000   0.3788
   3.500   0.8378   0.01476   0.00690  -0.1019  0.7077  1.0000  -1.2367   0.0000   0.0000   0.0000   0.3685
   4.000   0.8918   0.01525   0.00751  -0.1007  0.6788  1.0000  -1.5599   0.0000   0.0000   0.0000   0.3593
   4.500   0.9450   0.01582   0.00831  -0.0994  0.6497  1.0000  -1.9918   0.0000   0.0000   0.0000   0.3510
   5.000   0.9921   0.01603   0.00861  -0.0958  0.5946  1.0000  -2.4935   0.0000   0.0000   0.0000   0.3419
   5.500   1.0290   0.01638   0.00876  -0.0903  0.4948  1.0000  -2.9746   0.0000   0.0000   0.0000   0.3325
   6.000   1.0434   0.01906   0.00998  -0.0825  0.1977  1.0000  -3.3015   0.0000   0.0000   0.0000   0.3232
   6.500   1.0557   0.02383   0.01376  -0.0761  0.0678  1.0000  -3.5133   0.0000   0.0000   0.0000   0.3157
   7.000   1.0784   0.02712   0.01707  -0.0708  0.0523  1.0000  -3.7973   0.0000   0.0000   0.0000   0.3087
   7.500   1.1114   0.03071   0.02076  -0.0668  0.0424  1.0000  -4.1660   0.0000   0.0000   0.0000   0.3026
   8.000   1.1594   0.03528   0.02546  -0.0650  0.0350  1.0000  -4.5797   0.0000   0.0000   0.0000   0.2980
   8.500   1.2090   0.04134   0.03228  -0.0629  0.0325  1.0000  -4.8203   0.0000   0.0000   0.0000   0.2934
   9.000   1.2367   0.04777   0.03945  -0.0591  0.0300  1.0000  -5.0132   0.0000   0.0000   0.0000   0.2886
   9.500   1.2417   0.05477   0.04745  -0.0532  0.0290  1.0000  -5.0153   0.0000   0.0000   0.0000   0.2832
  10.000   1.2299   0.06213   0.05555  -0.0470  0.0294  1.0000  -4.9576   0.0000   0.0000   0.0000   0.2780
  10.500   1.2030   0.06929   0.06325  -0.0413  0.0298  1.0000  -4.8797   0.0000   0.0000   0.0000   0.2736
  11.000   1.1712   0.07752   0.07190  -0.0390  0.0302  1.0000  -4.7974   0.0000   0.0000   0.0000   0.2719
  11.500   1.1404   0.08718   0.08189  -0.0401  0.0306  1.0000  -4.7258   0.0000   0.0000   0.0000   0.2732
  12.000   1.0855   0.10167   0.09686  -0.0484  0.0318  1.0000  -4.3249   0.0000   0.0000   0.0000   0.2820
  12.500   1.0358   0.12177   0.11718  -0.0626  0.0335  1.0000  -3.8268   0.0000   0.0000   0.0000   0.2976
  13.000   1.0192   0.13780   0.13322  -0.0716  0.0352  1.0000  -3.5464   0.0000   0.0000   0.0000   0.3071


