xflr5 v6.61

 Calculated polar for: NACA4412_6_80

 1 1 Reynolds number fixed          Mach number fixed         

 xtrf =   1.000 (top)        1.000 (bottom)
 Mach =   0.200     Re =     0.060 e 6     Ncrit =   7.000

  alpha     CL        CD       CDp       Cm    Top Xtr Bot Xtr   Cpmin    Chinge    XCp    
 ------- -------- --------- --------- -------- ------- ------- -------- --------- ---------
 -25.500  -0.8574   0.31575   0.30856   0.0812  1.0000  0.0227  -1.6273   0.0000   0.0000   0.0000   0.3287
 -25.000  -0.8411   0.30972   0.30250   0.0768  1.0000  0.0235  -1.6042   0.0000   0.0000   0.0000   0.3259
 -24.500  -0.8244   0.30396   0.29671   0.0722  1.0000  0.0245  -1.5957   0.0000   0.0000   0.0000   0.3229
 -24.000  -0.8075   0.29826   0.29099   0.0675  1.0000  0.0254  -1.5958   0.0000   0.0000   0.0000   0.3196
 -23.500  -0.7903   0.29306   0.28578   0.0626  1.0000  0.0262  -1.6141   0.0000   0.0000   0.0000   0.3159
 -23.000  -0.7733   0.28697   0.27968   0.0582  1.0000  0.0267  -1.6053   0.0000   0.0000   0.0000   0.3125
 -22.500  -0.7561   0.28050   0.27320   0.0542  1.0000  0.0281  -1.5590   0.0000   0.0000   0.0000   0.3094
 -22.000  -0.7387   0.27460   0.26729   0.0499  1.0000  0.0295  -1.5401   0.0000   0.0000   0.0000   0.3058
 -21.500  -0.7213   0.26911   0.26178   0.0453  1.0000  0.0305  -1.5398   0.0000   0.0000   0.0000   0.3017
 -21.000  -0.7043   0.26426   0.25695   0.0405  1.0000  0.0309  -1.5561   0.0000   0.0000   0.0000   0.2969
 -20.500  -0.6863   0.25638   0.24906   0.0373  1.0000  0.0322  -1.4773   0.0000   0.0000   0.0000   0.2941
 -20.000  -0.6686   0.25020   0.24285   0.0333  1.0000  0.0338  -1.4426   0.0000   0.0000   0.0000   0.2901
 -19.500  -0.6513   0.24450   0.23716   0.0291  1.0000  0.0352  -1.4688   0.0000   0.0000   0.0000   0.2854
 -19.000  -0.6348   0.23944   0.23214   0.0246  1.0000  0.0357  -1.5163   0.0000   0.0000   0.0000   0.2799
 -18.500  -0.6164   0.23158   0.22425   0.0218  1.0000  0.0374  -1.4639   0.0000   0.0000   0.0000   0.2768
 -18.000  -0.5992   0.22548   0.21815   0.0181  1.0000  0.0395  -1.4631   0.0000   0.0000   0.0000   0.2720
 -17.500  -0.5840   0.22097   0.21366   0.0135  1.0000  0.0408  -1.5153   0.0000   0.0000   0.0000   0.2654
 -17.000  -0.5654   0.21284   0.20555   0.0111  1.0000  0.0429  -1.4488   0.0000   0.0000   0.0000   0.2621
 -16.500  -0.5491   0.20693   0.19964   0.0075  1.0000  0.0454  -1.4474   0.0000   0.0000   0.0000   0.2565
 -16.000  -0.5353   0.20199   0.19475   0.0034  1.0000  0.0463  -1.4828   0.0000   0.0000   0.0000   0.2495
 -15.500  -0.5168   0.19391   0.18667   0.0014  1.0000  0.0487  -1.4070   0.0000   0.0000   0.0000   0.2459
 -15.000  -0.5022   0.18814   0.18091  -0.0020  1.0000  0.0513  -1.4046   0.0000   0.0000   0.0000   0.2396
 -14.500  -0.4881   0.18186   0.17467  -0.0051  1.0000  0.0526  -1.3966   0.0000   0.0000   0.0000   0.2334
 -14.000  -0.4721   0.17497   0.16780  -0.0073  1.0000  0.0557  -1.3727   0.0000   0.0000   0.0000   0.2285
 -13.500  -0.4620   0.17013   0.16300  -0.0109  1.0000  0.0579  -1.4423   0.0000   0.0000   0.0000   0.2206
 -13.000  -0.4450   0.16229   0.15517  -0.0124  1.0000  0.0610  -1.4120   0.0000   0.0000   0.0000   0.2164
 -12.500  -0.4372   0.15763   0.15057  -0.0159  1.0000  0.0643  -1.4816   0.0000   0.0000   0.0000   0.2082
 -12.000  -0.4205   0.14983   0.14280  -0.0171  1.0000  0.0686  -1.4444   0.0000   0.0000   0.0000   0.2040
 -11.500  -0.4172   0.14583   0.13891  -0.0209  1.0000  0.0712  -1.5361   0.0000   0.0000   0.0000   0.1950
 -11.000  -0.3985   0.13748   0.13058  -0.0213  1.0000  0.0759  -1.4755   0.0000   0.0000   0.0000   0.1916
 -10.500  -0.3929   0.13224   0.12542  -0.0242  1.0000  0.0786  -1.5319   0.0000   0.0000   0.0000   0.1839
 -10.000  -0.3800   0.12556   0.11879  -0.0252  1.0000  0.0840  -1.5073   0.0000   0.0000   0.0000   0.1792
  -9.500  -0.3712   0.11941   0.11274  -0.0267  1.0000  0.0874  -1.5162   0.0000   0.0000   0.0000   0.1738
  -9.000  -0.3689   0.11475   0.10820  -0.0289  1.0000  0.0926  -1.5597   0.0000   0.0000   0.0000   0.1677
  -8.500  -0.3577   0.10814   0.10169  -0.0288  1.0000  0.0986  -1.5211   0.0000   0.0000   0.0000   0.1656
  -8.000  -0.3539   0.10271   0.09641  -0.0290  1.0000  0.1048  -1.5186   0.0000   0.0000   0.0000   0.1645
  -7.500  -0.3733   0.10039   0.09436  -0.0297  1.0000  0.1090  -1.6218   0.0000   0.0000   0.0000   0.1676
  -7.000  -0.3711   0.09484   0.08896  -0.0288  1.0000  0.1171  -1.5970   0.0000   0.0000   0.0000   0.1699
  -6.500  -0.3678   0.08916   0.08343  -0.0274  1.0000  0.1248  -1.5878   0.0000   0.0000   0.0000   0.1731
  -6.000  -0.3662   0.08377   0.07818  -0.0268  1.0000  0.1318  -1.6020   0.0000   0.0000   0.0000   0.1748
  -5.500  -0.3626   0.07842   0.07295  -0.0276  1.0000  0.1407  -1.6251   0.0000   0.0000   0.0000   0.1721
  -5.000  -0.3502   0.07291   0.06745  -0.0338  1.0000  0.1538  -1.6857   0.0000   0.0000   0.0000   0.1519
  -4.500  -0.3361   0.06684   0.06144  -0.0314  1.0000  0.1694  -1.6261   0.0000   0.0000   0.0000   0.1552
  -4.000  -0.3105   0.06078   0.05530  -0.0350  1.0000  0.1958  -1.5967   0.0000   0.0000   0.0000   0.1359
  -3.500  -0.2228   0.04706   0.04058  -0.0538  1.0000  0.0999  -1.9315   0.0000   0.0000   0.0000   0.0062
  -3.000  -0.1565   0.03791   0.03052  -0.0605  1.0000  0.0818  -2.0166   0.0000   0.0000   0.0000  -0.1399
  -2.500  -0.0892   0.03131   0.02270  -0.0648  1.0000  0.0808  -1.9919   0.0000   0.0000   0.0000  -0.4819
  -2.000  -0.0301   0.02748   0.01785  -0.0663  1.0000  0.0902  -1.8652   0.0000   0.0000   0.0000  -1.9672
  -1.500   0.0452   0.02485   0.01455  -0.0703  0.9921  0.1127  -1.6121   0.0000   0.0000   0.0000   1.8123
  -1.000   0.1330   0.02313   0.01258  -0.0764  0.9760  0.1744  -1.3040   0.0000   0.0000   0.0000   0.8261
  -0.500   0.2169   0.02032   0.01163  -0.0822  0.9615  0.5877  -0.9947   0.0000   0.0000   0.0000   0.6295
   0.000   0.2991   0.02026   0.01117  -0.0869  0.9373  1.0000  -0.6638   0.0000   0.0000   0.0000   0.5404
   0.500   0.3810   0.02084   0.01123  -0.0922  0.9142  1.0000  -0.5354   0.0000   0.0000   0.0000   0.4912
   1.000   0.4595   0.02125   0.01136  -0.0965  0.8904  1.0000  -0.5854   0.0000   0.0000   0.0000   0.4588
   1.500   0.5346   0.02156   0.01154  -0.0998  0.8662  1.0000  -0.6372   0.0000   0.0000   0.0000   0.4352
   2.000   0.6039   0.02183   0.01179  -0.1018  0.8412  1.0000  -0.6892   0.0000   0.0000   0.0000   0.4166
   2.500   0.6690   0.02211   0.01212  -0.1027  0.8157  1.0000  -0.7432   0.0000   0.0000   0.0000   0.4012
   3.000   0.7310   0.02246   0.01262  -0.1030  0.7900  1.0000  -0.8041   0.0000   0.0000   0.0000   0.3882
   3.500   0.7906   0.02288   0.01328  -0.1027  0.7641  1.0000  -1.0558   0.0000   0.0000   0.0000   0.3768
   4.000   0.8491   0.02335   0.01403  -0.1021  0.7384  1.0000  -1.3634   0.0000   0.0000   0.0000   0.3667
   4.500   0.9071   0.02385   0.01493  -0.1012  0.7123  1.0000  -1.7456   0.0000   0.0000   0.0000   0.3576
   5.000   0.9634   0.02440   0.01593  -0.0998  0.6844  1.0000  -2.2080   0.0000   0.0000   0.0000   0.3491
   5.500   1.0221   0.02316   0.01507  -0.0952  0.6298  1.0000  -2.7863   0.0000   0.0000   0.0000   0.3380
   6.000   1.0518   0.02195   0.01374  -0.0851  0.5057  1.0000  -3.2397   0.0000   0.0000   0.0000   0.3251
   7.000   1.0523   0.03093   0.01995  -0.0671  0.0945  1.0000  -3.5371   0.0000   0.0000   0.0000   0.3069
   7.500   1.0794   0.03501   0.02405  -0.0623  0.0732  1.0000  -3.7837   0.0000   0.0000   0.0000   0.3003
   8.000   1.1423   0.04015   0.02924  -0.0614  0.0589  1.0000  -4.1958   0.0000   0.0000   0.0000   0.2957
   8.500   1.2000   0.04692   0.03657  -0.0603  0.0524  1.0000  -4.4917   0.0000   0.0000   0.0000   0.2917
   9.000   1.2238   0.05383   0.04458  -0.0560  0.0486  1.0000  -4.5944   0.0000   0.0000   0.0000   0.2866
   9.500   1.2307   0.06161   0.05330  -0.0509  0.0483  1.0000  -4.6022   0.0000   0.0000   0.0000   0.2818
  10.000   1.2157   0.06952   0.06202  -0.0454  0.0490  1.0000  -4.5271   0.0000   0.0000   0.0000   0.2773
  10.500   1.1837   0.07714   0.07019  -0.0404  0.0498  1.0000  -4.4228   0.0000   0.0000   0.0000   0.2736
  11.000   1.1464   0.08607   0.07954  -0.0393  0.0506  1.0000  -4.2971   0.0000   0.0000   0.0000   0.2732
  11.500   1.1109   0.09684   0.09061  -0.0423  0.0515  1.0000  -4.1568   0.0000   0.0000   0.0000   0.2763
  12.000   1.0578   0.11249   0.10656  -0.0526  0.0532  1.0000  -3.8041   0.0000   0.0000   0.0000   0.2876
  12.500   1.0188   0.13201   0.12610  -0.0661  0.0565  1.0000  -3.3635   0.0000   0.0000   0.0000   0.3025
  13.000   1.0013   0.15032   0.14433  -0.0771  0.0621  1.0000  -2.9557   0.0000   0.0000   0.0000   0.3144
  13.500   0.9961   0.16564   0.15959  -0.0854  0.0733  1.0000  -2.6429   0.0000   0.0000   0.0000   0.3229
  14.000   0.9887   0.18735   0.18125  -0.1000  0.1476  1.0000  -2.0716   0.0000   0.0000   0.0000   0.3383
  14.500   1.0060   0.19729   0.19120  -0.1023  0.1437  1.0000  -2.0713   0.0000   0.0000   0.0000   0.3383
  15.000   1.0194   0.20621   0.20014  -0.1054  0.1351  1.0000  -2.0751   0.0000   0.0000   0.0000   0.3393
  15.500   1.0285   0.21422   0.20813  -0.1094  0.1262  1.0000  -2.0862   0.0000   0.0000   0.0000   0.3416


