xflr5 v6.61

 Calculated polar for: NACA4412_7_70

 1 1 Reynolds number fixed          Mach number fixed         

 xtrf =   1.000 (top)        1.000 (bottom)
 Mach =   0.200     Re =     0.025 e 6     Ncrit =   9.000

  alpha     CL        CD       CDp       Cm    Top Xtr Bot Xtr   Cpmin    Chinge    XCp    
 ------- -------- --------- --------- -------- ------- ------- -------- --------- ---------
 -28.500  -0.9364   0.34958   0.33873   0.1037  1.0000  0.0660  -1.6362   0.0000   0.0000   0.0000   0.3378
 -28.000  -0.9214   0.34401   0.33311   0.0989  1.0000  0.0685  -1.6260   0.0000   0.0000   0.0000   0.3353
 -27.500  -0.9066   0.34034   0.32938   0.0936  1.0000  0.0705  -1.6336   0.0000   0.0000   0.0000   0.3322
 -27.000  -0.8913   0.33519   0.32423   0.0887  1.0000  0.0718  -1.6324   0.0000   0.0000   0.0000   0.3293
 -26.500  -0.8751   0.32822   0.31721   0.0843  1.0000  0.0747  -1.6077   0.0000   0.0000   0.0000   0.3270
 -26.000  -0.8597   0.32417   0.31311   0.0793  1.0000  0.0773  -1.6076   0.0000   0.0000   0.0000   0.3237
 -25.500  -0.8438   0.31873   0.30767   0.0745  1.0000  0.0791  -1.5992   0.0000   0.0000   0.0000   0.3206
 -25.000  -0.8270   0.31214   0.30104   0.0703  1.0000  0.0828  -1.5718   0.0000   0.0000   0.0000   0.3179
 -24.500  -0.8122   0.30966   0.29853   0.0651  1.0000  0.0852  -1.5786   0.0000   0.0000   0.0000   0.3138
 -24.000  -0.7942   0.30104   0.28989   0.0613  1.0000  0.0885  -1.5366   0.0000   0.0000   0.0000   0.3115
 -23.500  -0.7781   0.29673   0.28557   0.0566  1.0000  0.0921  -1.5234   0.0000   0.0000   0.0000   0.3077
 -23.000  -0.7613   0.29056   0.27938   0.0523  1.0000  0.0945  -1.4985   0.0000   0.0000   0.0000   0.3043
 -22.500  -0.7440   0.28443   0.27324   0.0483  1.0000  0.0988  -1.4647   0.0000   0.0000   0.0000   0.3010
 -22.000  -0.7287   0.28076   0.26959   0.0436  1.0000  0.1013  -1.4784   0.0000   0.0000   0.0000   0.2966
 -21.500  -0.7098   0.27269   0.26147   0.0401  1.0000  0.1061  -1.4551   0.0000   0.0000   0.0000   0.2937
 -21.000  -0.6951   0.26944   0.25827   0.0355  1.0000  0.1093  -1.4726   0.0000   0.0000   0.0000   0.2889
 -20.500  -0.6760   0.26133   0.25013   0.0322  1.0000  0.1152  -1.4455   0.0000   0.0000   0.0000   0.2859
 -20.000  -0.6593   0.25556   0.24437   0.0283  1.0000  0.1194  -1.4400   0.0000   0.0000   0.0000   0.2817
 -19.500  -0.6437   0.25106   0.23987   0.0244  1.0000  0.1254  -1.4367   0.0000   0.0000   0.0000   0.2771
 -19.000  -0.6248   0.24319   0.23201   0.0212  1.0000  0.1309  -1.4083   0.0000   0.0000   0.0000   0.2736
 -18.500  -0.6113   0.23959   0.22845   0.0172  1.0000  0.1355  -1.4133   0.0000   0.0000   0.0000   0.2682
 -18.000  -0.5929   0.23222   0.22107   0.0142  1.0000  0.1427  -1.3809   0.0000   0.0000   0.0000   0.2644
 -17.500  -0.5752   0.22519   0.21407   0.0112  1.0000  0.1487  -1.3520   0.0000   0.0000   0.0000   0.2602
 -17.000  -0.5617   0.22062   0.20956   0.0078  1.0000  0.1547  -1.3421   0.0000   0.0000   0.0000   0.2549
 -16.500  -0.5477   0.21568   0.20462   0.0047  1.0000  0.1630  -1.3511   0.0000   0.0000   0.0000   0.2501
 -16.000  -0.5306   0.20857   0.19754   0.0022  1.0000  0.1723  -1.3464   0.0000   0.0000   0.0000   0.2458
 -15.500  -0.5146   0.20195   0.19097  -0.0002  1.0000  0.1819  -1.3446   0.0000   0.0000   0.0000   0.2414
 -15.000  -0.4994   0.19550   0.18455  -0.0026  1.0000  0.1919  -1.3433   0.0000   0.0000   0.0000   0.2369
 -14.500  -0.4847   0.18915   0.17825  -0.0048  1.0000  0.2021  -1.3415   0.0000   0.0000   0.0000   0.2324
 -14.000  -0.4711   0.18298   0.17214  -0.0068  1.0000  0.2129  -1.3395   0.0000   0.0000   0.0000   0.2280
 -13.500  -0.4589   0.17714   0.16636  -0.0087  1.0000  0.2247  -1.3384   0.0000   0.0000   0.0000   0.2237
 -13.000  -0.4501   0.17216   0.16144  -0.0105  1.0000  0.2373  -1.3430   0.0000   0.0000   0.0000   0.2197
 -12.500  -0.4319   0.16394   0.15327  -0.0116  1.0000  0.2534  -1.3144   0.0000   0.0000   0.0000   0.2162
 -12.000  -0.4233   0.15869   0.14811  -0.0127  1.0000  0.2715  -1.3083   0.0000   0.0000   0.0000   0.2133
 -11.500  -0.4078   0.15122   0.14072  -0.0133  1.0000  0.2907  -1.2797   0.0000   0.0000   0.0000   0.2106
 -11.000  -0.4065   0.14738   0.13700  -0.0139  1.0000  0.3097  -1.2864   0.0000   0.0000   0.0000   0.2094
 -10.500  -0.3916   0.14003   0.12971  -0.0139  1.0000  0.3343  -1.2818   0.0000   0.0000   0.0000   0.2082
 -10.000  -0.3841   0.13432   0.12412  -0.0135  1.0000  0.3611  -1.2875   0.0000   0.0000   0.0000   0.2089
  -9.500  -0.3662   0.12649   0.11638  -0.0123  1.0000  0.3996  -1.2671   0.0000   0.0000   0.0000   0.2103
  -9.000  -0.3584   0.12076   0.11078  -0.0103  1.0000  0.4425  -1.2596   0.0000   0.0000   0.0000   0.2154
  -8.500  -0.3409   0.11339   0.10348  -0.0077  1.0000  0.4987  -1.2299   0.0000   0.0000   0.0000   0.2214
  -8.000  -0.3086   0.10404   0.09418  -0.0050  1.0000  0.5804  -1.1708   0.0000   0.0000   0.0000   0.2273
  -7.500  -0.0835   0.07207   0.06139  -0.0329  1.0000  1.0000  -0.9246   0.0000   0.0000   0.0000  -0.1701
  -7.000  -0.0658   0.06718   0.05658  -0.0343  1.0000  1.0000  -0.9197   0.0000   0.0000   0.0000  -0.3024
  -6.500  -0.0486   0.06255   0.05203  -0.0355  1.0000  1.0000  -0.9107   0.0000   0.0000   0.0000  -0.5205
  -6.000  -0.0321   0.05816   0.04772  -0.0365  1.0000  1.0000  -0.8978   0.0000   0.0000   0.0000  -0.9447
  -5.500  -0.0609   0.05806   0.04793  -0.0264  1.0000  0.9724  -0.9249   0.0000   0.0000   0.0000  -0.2098
  -5.000  -0.1596   0.06289   0.05347  -0.0040  1.0000  0.8595  -1.0211   0.0000   0.0000   0.0000   0.2168
  -4.500  -0.2505   0.06586   0.05714   0.0101  1.0000  0.7470  -1.1298   0.0000   0.0000   0.0000   0.2861
  -4.000  -0.3315   0.06680   0.05870   0.0200  1.0000  0.6612  -1.2369   0.0000   0.0000   0.0000   0.3078
  -3.000  -0.2498   0.05294   0.04382  -0.0386  1.0000  0.3088  -1.5196   0.0000   0.0000   0.0000   0.0931
  -2.500  -0.1770   0.04558   0.03558  -0.0492  1.0000  0.2880  -1.4931   0.0000   0.0000   0.0000  -0.0310
  -2.000  -0.1067   0.04003   0.02894  -0.0559  1.0000  0.2979  -1.4484   0.0000   0.0000   0.0000  -0.2782
  -1.500  -0.0400   0.03595   0.02387  -0.0593  1.0000  0.3364  -1.3378   0.0000   0.0000   0.0000  -1.2434
  -1.000   0.0224   0.03262   0.02001  -0.0606  1.0000  0.4204  -1.2224   0.0000   0.0000   0.0000   2.9751
  -0.500   0.0711   0.02820   0.01726  -0.0570  1.0000  0.6925  -1.1119   0.0000   0.0000   0.0000   1.0558
   0.000   0.1272   0.02834   0.01539  -0.0594  1.0000  1.0000  -0.9763   0.0000   0.0000   0.0000   0.7174
   0.500   0.1673   0.02975   0.01585  -0.0590  1.0000  1.0000  -0.7801   0.0000   0.0000   0.0000   0.6024
   1.000   0.2049   0.03139   0.01688  -0.0588  1.0000  1.0000  -0.6047   0.0000   0.0000   0.0000   0.5356
   1.500   0.2408   0.03327   0.01829  -0.0587  1.0000  1.0000  -0.4723   0.0000   0.0000   0.0000   0.4918
   2.000   0.2755   0.03538   0.02008  -0.0587  1.0000  1.0000  -0.4905   0.0000   0.0000   0.0000   0.4608
   2.500   0.3091   0.03771   0.02218  -0.0589  1.0000  1.0000  -0.5088   0.0000   0.0000   0.0000   0.4378
   3.000   0.3417   0.04026   0.02457  -0.0593  1.0000  1.0000  -0.5281   0.0000   0.0000   0.0000   0.4201
   3.500   0.3735   0.04302   0.02726  -0.0597  1.0000  1.0000  -0.5484   0.0000   0.0000   0.0000   0.4061
   4.000   0.4043   0.04601   0.03025  -0.0603  1.0000  1.0000  -0.5703   0.0000   0.0000   0.0000   0.3949
   4.500   0.4341   0.04923   0.03353  -0.0610  1.0000  1.0000  -0.5945   0.0000   0.0000   0.0000   0.3858
   5.000   0.4629   0.05272   0.03712  -0.0618  1.0000  1.0000  -0.6222   0.0000   0.0000   0.0000   0.3785
   5.500   0.4905   0.05649   0.04109  -0.0628  1.0000  1.0000  -0.6576   0.0000   0.0000   0.0000   0.3725
   6.000   0.5168   0.06057   0.04539  -0.0640  1.0000  1.0000  -0.7232   0.0000   0.0000   0.0000   0.3678
   6.500   0.5417   0.06499   0.05008  -0.0654  1.0000  1.0000  -0.8186   0.0000   0.0000   0.0000   0.3641
   7.000   0.5652   0.06980   0.05523  -0.0669  1.0000  1.0000  -0.9288   0.0000   0.0000   0.0000   0.3613
   7.500   0.5872   0.07502   0.06080  -0.0687  1.0000  1.0000  -1.0464   0.0000   0.0000   0.0000   0.3594
   8.000   0.6075   0.08073   0.06689  -0.0708  1.0000  1.0000  -1.1616   0.0000   0.0000   0.0000   0.3584
   8.500   0.6259   0.08698   0.07359  -0.0732  1.0000  1.0000  -1.2787   0.0000   0.0000   0.0000   0.3583
   9.000   0.6547   0.09529   0.08243  -0.0790  0.9900  1.0000  -1.4064   0.0000   0.0000   0.0000   0.3615
   9.500   1.1718   0.07257   0.06289  -0.0494  0.2113  1.0000  -3.4882   0.0000   0.0000   0.0000   0.2825
  10.000   1.1284   0.08411   0.07484  -0.0484  0.2132  1.0000  -3.3284   0.0000   0.0000   0.0000   0.2829
  11.000   0.9815   0.12429   0.11470  -0.0720  0.2543  1.0000  -2.5668   0.0000   0.0000   0.0000   0.3130
  11.500   0.9655   0.13794   0.12823  -0.0779  0.2585  1.0000  -2.4184   0.0000   0.0000   0.0000   0.3199
  12.000   0.9526   0.15139   0.14159  -0.0845  0.2710  1.0000  -2.2683   0.0000   0.0000   0.0000   0.3276
  12.500   0.9329   0.16762   0.15773  -0.0961  0.3346  1.0000  -2.0388   0.0000   0.0000   0.0000   0.3416
  13.000   0.8988   0.18089   0.17089  -0.1106  0.4687  1.0000  -1.7933   0.0000   0.0000   0.0000   0.3611
  13.500   0.9167   0.19075   0.18081  -0.1131  0.4564  1.0000  -1.7862   0.0000   0.0000   0.0000   0.3609
  14.000   0.9282   0.19849   0.18858  -0.1154  0.4418  1.0000  -1.7669   0.0000   0.0000   0.0000   0.3612
  14.500   0.9415   0.20628   0.19640  -0.1179  0.4275  1.0000  -1.7477   0.0000   0.0000   0.0000   0.3614
  15.000   0.9526   0.21261   0.20278  -0.1203  0.4097  1.0000  -1.7504   0.0000   0.0000   0.0000   0.3618
  15.500   0.9691   0.22040   0.21061  -0.1228  0.3932  1.0000  -1.7617   0.0000   0.0000   0.0000   0.3617
  16.000   0.9922   0.23053   0.22080  -0.1252  0.3754  1.0000  -1.7866   0.0000   0.0000   0.0000   0.3604
  16.500   1.0050   0.23673   0.22699  -0.1281  0.3592  1.0000  -1.7820   0.0000   0.0000   0.0000   0.3610
  17.000   1.0193   0.24308   0.23338  -0.1312  0.3431  1.0000  -1.7777   0.0000   0.0000   0.0000   0.3614
  17.500   1.0372   0.25066   0.24100  -0.1341  0.3265  1.0000  -1.7797   0.0000   0.0000   0.0000   0.3612
  18.000   1.0605   0.26135   0.25173  -0.1365  0.3096  1.0000  -1.7941   0.0000   0.0000   0.0000   0.3600
  18.500   1.0721   0.26564   0.25602  -0.1403  0.2948  1.0000  -1.7918   0.0000   0.0000   0.0000   0.3612
  19.000   1.0877   0.27197   0.26238  -0.1438  0.2806  1.0000  -1.8148   0.0000   0.0000   0.0000   0.3617
  19.500   1.1044   0.27881   0.26925  -0.1473  0.2666  1.0000  -1.8384   0.0000   0.0000   0.0000   0.3620
  20.000   1.1229   0.28653   0.27701  -0.1506  0.2520  1.0000  -1.8666   0.0000   0.0000   0.0000   0.3619


