xflr5 v6.61

 Calculated polar for: NACA4412_7_20

 1 1 Reynolds number fixed          Mach number fixed         

 xtrf =   1.000 (top)        1.000 (bottom)
 Mach =   0.200     Re =     0.100 e 6     Ncrit =   9.000

  alpha     CL        CD       CDp       Cm    Top Xtr Bot Xtr   Cpmin    Chinge    XCp    
 ------- -------- --------- --------- -------- ------- ------- -------- --------- ---------
 -18.500  -0.6038   0.22904   0.22330   0.0191  1.0000  0.0274  -1.4779   0.0000   0.0000   0.0000   0.2722
 -18.000  -0.5864   0.22269   0.21695   0.0156  1.0000  0.0288  -1.4606   0.0000   0.0000   0.0000   0.2676
 -17.500  -0.5695   0.21656   0.21083   0.0119  1.0000  0.0302  -1.4702   0.0000   0.0000   0.0000   0.2622
 -17.000  -0.5544   0.21167   0.20596   0.0074  1.0000  0.0308  -1.5339   0.0000   0.0000   0.0000   0.2549
 -16.500  -0.5364   0.20364   0.19793   0.0051  1.0000  0.0319  -1.4532   0.0000   0.0000   0.0000   0.2514
 -16.000  -0.5199   0.19723   0.19153   0.0021  1.0000  0.0339  -1.4183   0.0000   0.0000   0.0000   0.2462
 -15.500  -0.5061   0.19207   0.18640  -0.0021  1.0000  0.0355  -1.4637   0.0000   0.0000   0.0000   0.2384
 -15.000  -0.4892   0.18443   0.17877  -0.0042  1.0000  0.0369  -1.3906   0.0000   0.0000   0.0000   0.2342
 -14.500  -0.4740   0.17802   0.17237  -0.0069  1.0000  0.0391  -1.3700   0.0000   0.0000   0.0000   0.2283
 -14.000  -0.4626   0.17282   0.16721  -0.0108  1.0000  0.0406  -1.4590   0.0000   0.0000   0.0000   0.2199
 -13.500  -0.4466   0.16517   0.15958  -0.0125  1.0000  0.0421  -1.4299   0.0000   0.0000   0.0000   0.2154
 -13.000  -0.4329   0.15878   0.15321  -0.0148  1.0000  0.0446  -1.4364   0.0000   0.0000   0.0000   0.2093
 -12.500  -0.4259   0.15406   0.14853  -0.0188  1.0000  0.0462  -1.5454   0.0000   0.0000   0.0000   0.1997
 -12.000  -0.4085   0.14592   0.14042  -0.0195  1.0000  0.0483  -1.4745   0.0000   0.0000   0.0000   0.1962
 -11.500  -0.3983   0.14003   0.13458  -0.0220  1.0000  0.0512  -1.5061   0.0000   0.0000   0.0000   0.1888
 -11.000  -0.3875   0.13349   0.12809  -0.0239  1.0000  0.0533  -1.5148   0.0000   0.0000   0.0000   0.1825
 -10.500  -0.3784   0.12778   0.12242  -0.0261  1.0000  0.0574  -1.5287   0.0000   0.0000   0.0000   0.1756
 -10.000  -0.3678   0.12122   0.11593  -0.0274  1.0000  0.0599  -1.5155   0.0000   0.0000   0.0000   0.1703
  -9.750  -0.3628   0.11823   0.11297  -0.0280  1.0000  0.0619  -1.5060   0.0000   0.0000   0.0000   0.1677
  -9.500  -0.3616   0.11583   0.11062  -0.0294  1.0000  0.0638  -1.5430   0.0000   0.0000   0.0000   0.1636
  -9.250  -0.3668   0.11436   0.10923  -0.0319  1.0000  0.0644  -1.6325   0.0000   0.0000   0.0000   0.1585
  -9.000  -0.3533   0.10954   0.10441  -0.0302  1.0000  0.0662  -1.5305   0.0000   0.0000   0.0000   0.1597
  -8.750  -0.3492   0.10670   0.10162  -0.0304  1.0000  0.0684  -1.5144   0.0000   0.0000   0.0000   0.1583
  -8.500  -0.3509   0.10455   0.09954  -0.0315  1.0000  0.0704  -1.5542   0.0000   0.0000   0.0000   0.1557
  -8.250  -0.3603   0.10333   0.09843  -0.0332  1.0000  0.0711  -1.6457   0.0000   0.0000   0.0000   0.1538
  -8.000  -0.3469   0.09877   0.09388  -0.0312  1.0000  0.0731  -1.5380   0.0000   0.0000   0.0000   0.1560
  -7.750  -0.3462   0.09631   0.09148  -0.0308  1.0000  0.0754  -1.5431   0.0000   0.0000   0.0000   0.1573
  -7.500  -0.3542   0.09468   0.08996  -0.0306  1.0000  0.0773  -1.5947   0.0000   0.0000   0.0000   0.1602
  -7.250  -0.3703   0.09379   0.08921  -0.0302  1.0000  0.0779  -1.6744   0.0000   0.0000   0.0000   0.1655
  -7.000  -0.3669   0.09041   0.08587  -0.0281  1.0000  0.0793  -1.6458   0.0000   0.0000   0.0000   0.1703
  -6.750  -0.3665   0.08793   0.08344  -0.0266  1.0000  0.0816  -1.6274   0.0000   0.0000   0.0000   0.1747
  -6.500  -0.3722   0.08590   0.08150  -0.0268  1.0000  0.0840  -1.6639   0.0000   0.0000   0.0000   0.1754
  -6.250  -0.3802   0.08407   0.07974  -0.0322  1.0000  0.0854  -1.7943   0.0000   0.0000   0.0000   0.1631
  -6.000  -0.3761   0.08088   0.07660  -0.0263  1.0000  0.0880  -1.6905   0.0000   0.0000   0.0000   0.1780
  -5.750  -0.3761   0.07846   0.07422  -0.0283  1.0000  0.0920  -1.7284   0.0000   0.0000   0.0000   0.1727
  -5.500  -0.3742   0.07546   0.07125  -0.0288  1.0000  0.0944  -1.7394   0.0000   0.0000   0.0000   0.1710
  -5.250  -0.3690   0.07282   0.06862  -0.0299  1.0000  0.0996  -1.7381   0.0000   0.0000   0.0000   0.1672
  -5.000  -0.3630   0.06963   0.06544  -0.0308  1.0000  0.1027  -1.7397   0.0000   0.0000   0.0000   0.1633
  -4.750  -0.3474   0.06613   0.06184  -0.0370  1.0000  0.1093  -1.7951   0.0000   0.0000   0.0000   0.1419
  -4.500  -0.3431   0.06349   0.05927  -0.0336  1.0000  0.1123  -1.7192   0.0000   0.0000   0.0000   0.1504
  -4.250  -0.3264   0.05997   0.05567  -0.0372  1.0000  0.1191  -1.7243   0.0000   0.0000   0.0000   0.1344
  -4.000  -0.3078   0.05664   0.05223  -0.0403  1.0000  0.1273  -1.7107   0.0000   0.0000   0.0000   0.1175
  -3.750  -0.2888   0.05350   0.04897  -0.0425  1.0000  0.1363  -1.6772   0.0000   0.0000   0.0000   0.1011
  -3.500  -0.2713   0.05067   0.04609  -0.0435  1.0000  0.1465  -1.6181   0.0000   0.0000   0.0000   0.0881
  -2.750  -0.1137   0.03171   0.02504  -0.0659  0.9932  0.0841  -1.9489   0.0000   0.0000   0.0000  -0.3345
  -2.500  -0.0648   0.02807   0.02068  -0.0703  0.9884  0.0830  -1.9317   0.0000   0.0000   0.0000  -0.8429
  -2.250  -0.0173   0.02517   0.01701  -0.0737  0.9832  0.0829  -1.8859   0.0000   0.0000   0.0000  -4.0454
  -2.000   0.0281   0.02352   0.01486  -0.0769  0.9768  0.0914  -1.7458   0.0000   0.0000   0.0000   3.0072
  -1.750   0.0724   0.02222   0.01333  -0.0799  0.9700  0.1034  -1.6180   0.0000   0.0000   0.0000   1.3594
  -1.500   0.1167   0.02122   0.01223  -0.0829  0.9629  0.1227  -1.4622   0.0000   0.0000   0.0000   0.9638
  -1.250   0.1604   0.02036   0.01142  -0.0858  0.9553  0.1547  -1.2917   0.0000   0.0000   0.0000   0.7872
  -1.000   0.2012   0.01958   0.01091  -0.0884  0.9465  0.2101  -1.1404   0.0000   0.0000   0.0000   0.6906
  -0.750   0.2406   0.01866   0.01050  -0.0906  0.9376  0.3263  -0.9820   0.0000   0.0000   0.0000   0.6276
  -0.500   0.2824   0.01666   0.01008  -0.0926  0.9305  1.0000  -0.8134   0.0000   0.0000   0.0000   0.5782
  -0.250   0.3245   0.01677   0.00986  -0.0952  0.9200  1.0000  -0.6544   0.0000   0.0000   0.0000   0.5433
   0.000   0.3663   0.01683   0.00968  -0.0977  0.9097  1.0000  -0.5371   0.0000   0.0000   0.0000   0.5164
   0.250   0.4105   0.01680   0.00947  -0.1005  0.9003  1.0000  -0.5645   0.0000   0.0000   0.0000   0.4944
   0.500   0.4547   0.01672   0.00925  -0.1033  0.8911  1.0000  -0.5928   0.0000   0.0000   0.0000   0.4764
   0.750   0.4925   0.01665   0.00909  -0.1048  0.8798  1.0000  -0.6184   0.0000   0.0000   0.0000   0.4618
   1.000   0.5288   0.01658   0.00895  -0.1059  0.8683  1.0000  -0.6439   0.0000   0.0000   0.0000   0.4491
   1.250   0.5642   0.01649   0.00881  -0.1068  0.8566  1.0000  -0.6696   0.0000   0.0000   0.0000   0.4378
   1.500   0.5984   0.01641   0.00869  -0.1074  0.8447  1.0000  -0.6955   0.0000   0.0000   0.0000   0.4278
   1.750   0.6317   0.01633   0.00859  -0.1078  0.8325  1.0000  -0.7219   0.0000   0.0000   0.0000   0.4187
   2.000   0.6640   0.01627   0.00852  -0.1079  0.8201  1.0000  -0.7487   0.0000   0.0000   0.0000   0.4105
   2.250   0.6955   0.01623   0.00848  -0.1079  0.8074  1.0000  -0.7760   0.0000   0.0000   0.0000   0.4029
   2.500   0.7261   0.01623   0.00851  -0.1077  0.7945  1.0000  -0.8041   0.0000   0.0000   0.0000   0.3960
   2.750   0.7559   0.01627   0.00856  -0.1075  0.7814  1.0000  -0.8333   0.0000   0.0000   0.0000   0.3895
   3.000   0.7851   0.01635   0.00866  -0.1071  0.7683  1.0000  -0.9063   0.0000   0.0000   0.0000   0.3835
   3.250   0.8139   0.01646   0.00883  -0.1066  0.7551  1.0000  -1.0305   0.0000   0.0000   0.0000   0.3779
   3.500   0.8423   0.01661   0.00901  -0.1061  0.7420  1.0000  -1.1670   0.0000   0.0000   0.0000   0.3727
   3.750   0.8705   0.01678   0.00924  -0.1056  0.7289  1.0000  -1.3208   0.0000   0.0000   0.0000   0.3678
   4.000   0.8986   0.01697   0.00949  -0.1050  0.7158  1.0000  -1.4795   0.0000   0.0000   0.0000   0.3631
   4.250   0.9261   0.01721   0.00983  -0.1043  0.7023  1.0000  -1.6603   0.0000   0.0000   0.0000   0.3587
   4.500   0.9526   0.01749   0.01022  -0.1035  0.6882  1.0000  -1.8592   0.0000   0.0000   0.0000   0.3545
   4.750   0.9791   0.01776   0.01060  -0.1026  0.6737  1.0000  -2.0753   0.0000   0.0000   0.0000   0.3504
   5.000   1.0025   0.01781   0.01078  -0.1007  0.6507  1.0000  -2.2888   0.0000   0.0000   0.0000   0.3458
   5.250   1.0260   0.01725   0.01011  -0.0977  0.6131  1.0000  -2.5249   0.0000   0.0000   0.0000   0.3402
   5.500   1.0462   0.01710   0.00995  -0.0948  0.5752  1.0000  -2.7695   0.0000   0.0000   0.0000   0.3353
   5.750   1.0658   0.01714   0.01001  -0.0921  0.5364  1.0000  -3.0098   0.0000   0.0000   0.0000   0.3308
   6.000   1.0815   0.01727   0.01013  -0.0887  0.4805  1.0000  -3.2260   0.0000   0.0000   0.0000   0.3261
   6.250   1.0812   0.01830   0.01039  -0.0828  0.3046  1.0000  -3.3322   0.0000   0.0000   0.0000   0.3203
   6.500   1.0691   0.02211   0.01258  -0.0771  0.1195  1.0000  -3.3412   0.0000   0.0000   0.0000   0.3156
   6.750   1.0751   0.02425   0.01449  -0.0736  0.0937  1.0000  -3.4306   0.0000   0.0000   0.0000   0.3117
   7.000   1.0845   0.02604   0.01622  -0.0706  0.0800  1.0000  -3.5428   0.0000   0.0000   0.0000   0.3080
   7.250   1.0969   0.02795   0.01801  -0.0679  0.0718  1.0000  -3.6635   0.0000   0.0000   0.0000   0.3046
   7.500   1.1176   0.03012   0.02004  -0.0665  0.0644  1.0000  -3.8088   0.0000   0.0000   0.0000   0.3019
   7.750   1.1460   0.03249   0.02238  -0.0661  0.0582  1.0000  -4.0195   0.0000   0.0000   0.0000   0.2997
   8.000   1.1760   0.03501   0.02521  -0.0654  0.0546  1.0000  -4.1836   0.0000   0.0000   0.0000   0.2974
   8.250   1.2028   0.03786   0.02822  -0.0649  0.0506  1.0000  -4.3666   0.0000   0.0000   0.0000   0.2954
   8.500   1.2266   0.04105   0.03186  -0.0636  0.0492  1.0000  -4.4720   0.0000   0.0000   0.0000   0.2930
   8.750   1.2458   0.04463   0.03592  -0.0617  0.0491  1.0000  -4.5364   0.0000   0.0000   0.0000   0.2904
   9.000   1.2590   0.04852   0.04032  -0.0594  0.0499  1.0000  -4.5616   0.0000   0.0000   0.0000   0.2878
   9.250   1.2671   0.05244   0.04471  -0.0568  0.0504  1.0000  -4.5770   0.0000   0.0000   0.0000   0.2852
   9.500   1.2697   0.05632   0.04903  -0.0539  0.0505  1.0000  -4.5797   0.0000   0.0000   0.0000   0.2825
   9.750   1.2684   0.06025   0.05337  -0.0510  0.0508  1.0000  -4.5720   0.0000   0.0000   0.0000   0.2800
  10.000   1.2660   0.06440   0.05783  -0.0484  0.0513  1.0000  -4.5676   0.0000   0.0000   0.0000   0.2778
  10.250   1.2443   0.06827   0.06224  -0.0439  0.0541  1.0000  -4.4159   0.0000   0.0000   0.0000   0.2747
  10.500   1.2242   0.07229   0.06655  -0.0406  0.0559  1.0000  -4.3286   0.0000   0.0000   0.0000   0.2723
  10.750   1.2160   0.07693   0.07139  -0.0388  0.0589  1.0000  -4.2822   0.0000   0.0000   0.0000   0.2708
  11.000   1.1764   0.08148   0.07629  -0.0374  0.0607  1.0000  -4.1063   0.0000   0.0000   0.0000   0.2704
  11.250   1.1533   0.08699   0.08198  -0.0380  0.0626  1.0000  -4.0079   0.0000   0.0000   0.0000   0.2713
  11.500   1.1173   0.09460   0.08986  -0.0415  0.0674  1.0000  -3.7888   0.0000   0.0000   0.0000   0.2752
  11.750   1.0778   0.10535   0.10079  -0.0485  0.0753  1.0000  -3.4950   0.0000   0.0000   0.0000   0.2829


