xflr5 v6.61

 Calculated polar for: NACA4412_7_00

 1 1 Reynolds number fixed          Mach number fixed         

 xtrf =   1.000 (top)        1.000 (bottom)
 Mach =   0.200     Re =     0.080 e 6     Ncrit =   9.000

  alpha     CL        CD       CDp       Cm    Top Xtr Bot Xtr   Cpmin    Chinge    XCp    
 ------- -------- --------- --------- -------- ------- ------- -------- --------- ---------
 -19.000  -0.6275   0.23661   0.23023   0.0242  1.0000  0.0320  -1.4619   0.0000   0.0000   0.0000   0.2792
 -18.500  -0.6099   0.23027   0.22389   0.0206  1.0000  0.0336  -1.4519   0.0000   0.0000   0.0000   0.2748
 -18.000  -0.5929   0.22442   0.21804   0.0166  1.0000  0.0351  -1.4733   0.0000   0.0000   0.0000   0.2694
 -17.500  -0.5777   0.21956   0.21322   0.0121  1.0000  0.0357  -1.5291   0.0000   0.0000   0.0000   0.2628
 -17.000  -0.5590   0.21135   0.20500   0.0099  1.0000  0.0376  -1.4485   0.0000   0.0000   0.0000   0.2598
 -16.500  -0.5427   0.20534   0.19899   0.0063  1.0000  0.0400  -1.4473   0.0000   0.0000   0.0000   0.2541
 -16.000  -0.5279   0.19962   0.19331   0.0025  1.0000  0.0411  -1.4719   0.0000   0.0000   0.0000   0.2474
 -15.500  -0.5104   0.19230   0.18599   0.0002  1.0000  0.0435  -1.4054   0.0000   0.0000   0.0000   0.2433
 -15.000  -0.4960   0.18656   0.18027  -0.0032  1.0000  0.0457  -1.4129   0.0000   0.0000   0.0000   0.2366
 -14.500  -0.4816   0.18002   0.17376  -0.0062  1.0000  0.0469  -1.4023   0.0000   0.0000   0.0000   0.2305
 -14.000  -0.4658   0.17317   0.16693  -0.0084  1.0000  0.0496  -1.3759   0.0000   0.0000   0.0000   0.2255
 -13.500  -0.4554   0.16815   0.16195  -0.0121  1.0000  0.0518  -1.4495   0.0000   0.0000   0.0000   0.2173
 -13.000  -0.4392   0.16043   0.15424  -0.0137  1.0000  0.0539  -1.4225   0.0000   0.0000   0.0000   0.2128
 -12.500  -0.4273   0.15445   0.14830  -0.0163  1.0000  0.0571  -1.4469   0.0000   0.0000   0.0000   0.2061
 -12.000  -0.4160   0.14805   0.14195  -0.0187  1.0000  0.0591  -1.4720   0.0000   0.0000   0.0000   0.1994
 -11.500  -0.4044   0.14197   0.13591  -0.0208  1.0000  0.0636  -1.4733   0.0000   0.0000   0.0000   0.1932
 -11.000  -0.3926   0.13533   0.12933  -0.0225  1.0000  0.0666  -1.4690   0.0000   0.0000   0.0000   0.1875
 -10.500  -0.3862   0.13021   0.12426  -0.0252  1.0000  0.0707  -1.5110   0.0000   0.0000   0.0000   0.1797
 -10.000  -0.3728   0.12310   0.11721  -0.0260  1.0000  0.0739  -1.4745   0.0000   0.0000   0.0000   0.1754
  -9.750  -0.3690   0.12036   0.11451  -0.0270  1.0000  0.0764  -1.4808   0.0000   0.0000   0.0000   0.1722
  -9.500  -0.3716   0.11874   0.11297  -0.0291  1.0000  0.0779  -1.5422   0.0000   0.0000   0.0000   0.1673
  -9.000  -0.3569   0.11144   0.10573  -0.0288  1.0000  0.0823  -1.4740   0.0000   0.0000   0.0000   0.1650
  -8.750  -0.2742   0.09801   0.09284  -0.0326  1.0000  0.0917  -1.2215   0.0000   0.0000   0.0000   0.1286
  -8.500  -0.3671   0.10850   0.10297  -0.0321  1.0000  0.0854  -1.5938   0.0000   0.0000   0.0000   0.1588
  -8.250  -0.2727   0.09197   0.08691  -0.0318  1.0000  0.0963  -1.2370   0.0000   0.0000   0.0000   0.1310
  -8.000  -0.3517   0.10111   0.09566  -0.0303  1.0000  0.0917  -1.4919   0.0000   0.0000   0.0000   0.1601
  -7.750  -0.2910   0.08835   0.08348  -0.0318  1.0000  0.1007  -1.3345   0.0000   0.0000   0.0000   0.1389
  -7.500  -0.3521   0.09592   0.09060  -0.0293  1.0000  0.0957  -1.5130   0.0000   0.0000   0.0000   0.1634
  -7.250  -0.2911   0.08244   0.07769  -0.0288  1.0000  0.1079  -1.3179   0.0000   0.0000   0.0000   0.1496
  -7.000  -0.3701   0.09301   0.08793  -0.0289  1.0000  0.1004  -1.6006   0.0000   0.0000   0.0000   0.1693
  -6.750  -0.3014   0.07755   0.07297  -0.0249  1.0000  0.1128  -1.3275   0.0000   0.0000   0.0000   0.1660
  -6.500  -0.3691   0.08758   0.08264  -0.0268  1.0000  0.1075  -1.5890   0.0000   0.0000   0.0000   0.1750
  -6.000  -0.3706   0.08254   0.07774  -0.0259  1.0000  0.1143  -1.6006   0.0000   0.0000   0.0000   0.1779
  -5.500  -0.3688   0.07730   0.07260  -0.0266  1.0000  0.1220  -1.6196   0.0000   0.0000   0.0000   0.1761
  -5.250  -0.3643   0.07444   0.06975  -0.0306  1.0000  0.1269  -1.6687   0.0000   0.0000   0.0000   0.1642
  -5.000  -0.3593   0.07168   0.06702  -0.0288  1.0000  0.1320  -1.6315   0.0000   0.0000   0.0000   0.1683
  -4.750  -0.3511   0.06854   0.06387  -0.0307  1.0000  0.1375  -1.6374   0.0000   0.0000   0.0000   0.1611
  -4.500  -0.3387   0.06538   0.06067  -0.0338  1.0000  0.1455  -1.6443   0.0000   0.0000   0.0000   0.1488
  -4.250  -0.3246   0.06226   0.05750  -0.0361  1.0000  0.1546  -1.6331   0.0000   0.0000   0.0000   0.1373
  -4.000  -0.3101   0.05919   0.05436  -0.0375  1.0000  0.1645  -1.6053   0.0000   0.0000   0.0000   0.1276
  -3.750  -0.2973   0.05632   0.05149  -0.0374  1.0000  0.1760  -1.5554   0.0000   0.0000   0.0000   0.1228
  -3.500  -0.2774   0.05346   0.04852  -0.0400  1.0000  0.1952  -1.5171   0.0000   0.0000   0.0000   0.1041
  -2.500  -0.1148   0.03343   0.02640  -0.0616  1.0000  0.1074  -1.8005   0.0000   0.0000   0.0000  -0.2907
  -2.250  -0.0781   0.02982   0.02204  -0.0637  1.0000  0.0988  -1.8455   0.0000   0.0000   0.0000  -0.5718
  -2.000  -0.0466   0.02748   0.01912  -0.0646  1.0000  0.0987  -1.8221   0.0000   0.0000   0.0000  -1.1449
  -1.750  -0.0191   0.02599   0.01725  -0.0650  1.0000  0.1043  -1.7439   0.0000   0.0000   0.0000  -3.1673
  -1.500   0.0263   0.02451   0.01531  -0.0682  0.9946  0.1149  -1.6139   0.0000   0.0000   0.0000   2.8578
  -1.250   0.0752   0.02340   0.01391  -0.0721  0.9874  0.1343  -1.4856   0.0000   0.0000   0.0000   1.2125
  -1.000   0.1215   0.02252   0.01306  -0.0757  0.9792  0.1660  -1.3236   0.0000   0.0000   0.0000   0.8754
  -0.750   0.1657   0.02177   0.01250  -0.0789  0.9700  0.2248  -1.1598   0.0000   0.0000   0.0000   0.7277
  -0.500   0.2131   0.02055   0.01200  -0.0828  0.9626  0.3858  -0.9980   0.0000   0.0000   0.0000   0.6394
  -0.250   0.2546   0.01903   0.01161  -0.0848  0.9527  1.0000  -0.8323   0.0000   0.0000   0.0000   0.5832
   0.000   0.2976   0.01939   0.01161  -0.0879  0.9400  1.0000  -0.6687   0.0000   0.0000   0.0000   0.5452
   0.250   0.3408   0.01971   0.01167  -0.0910  0.9279  1.0000  -0.5136   0.0000   0.0000   0.0000   0.5166
   0.500   0.3837   0.01997   0.01172  -0.0940  0.9158  1.0000  -0.5397   0.0000   0.0000   0.0000   0.4942
   0.750   0.4258   0.02017   0.01179  -0.0967  0.9039  1.0000  -0.5661   0.0000   0.0000   0.0000   0.4761
   1.000   0.4672   0.02032   0.01183  -0.0992  0.8918  1.0000  -0.5930   0.0000   0.0000   0.0000   0.4611
   1.250   0.5078   0.02042   0.01186  -0.1014  0.8798  1.0000  -0.6203   0.0000   0.0000   0.0000   0.4483
   1.500   0.5477   0.02048   0.01188  -0.1034  0.8679  1.0000  -0.6484   0.0000   0.0000   0.0000   0.4372
   1.750   0.5851   0.02053   0.01193  -0.1048  0.8558  1.0000  -0.6760   0.0000   0.0000   0.0000   0.4273
   2.000   0.6210   0.02057   0.01196  -0.1058  0.8435  1.0000  -0.7037   0.0000   0.0000   0.0000   0.4185
   2.250   0.6554   0.02062   0.01203  -0.1066  0.8312  1.0000  -0.7317   0.0000   0.0000   0.0000   0.4104
   2.500   0.6888   0.02067   0.01211  -0.1070  0.8189  1.0000  -0.7605   0.0000   0.0000   0.0000   0.4030
   2.750   0.7214   0.02073   0.01225  -0.1073  0.8066  1.0000  -0.7905   0.0000   0.0000   0.0000   0.3962
   3.000   0.7535   0.02080   0.01237  -0.1075  0.7945  1.0000  -0.8346   0.0000   0.0000   0.0000   0.3899
   3.250   0.7856   0.02085   0.01250  -0.1075  0.7827  1.0000  -0.9582   0.0000   0.0000   0.0000   0.3839
   3.500   0.8188   0.02083   0.01260  -0.1076  0.7715  1.0000  -1.1047   0.0000   0.0000   0.0000   0.3783
   3.750   0.8502   0.02088   0.01276  -0.1074  0.7595  1.0000  -1.2667   0.0000   0.0000   0.0000   0.3730
   4.000   0.8778   0.02112   0.01311  -0.1068  0.7461  1.0000  -1.4305   0.0000   0.0000   0.0000   0.3681
   4.250   0.9052   0.02138   0.01354  -0.1061  0.7327  1.0000  -1.6113   0.0000   0.0000   0.0000   0.3634
   4.500   0.9325   0.02164   0.01395  -0.1053  0.7190  1.0000  -1.8164   0.0000   0.0000   0.0000   0.3589
   4.750   0.9600   0.02188   0.01436  -0.1044  0.7049  1.0000  -2.0354   0.0000   0.0000   0.0000   0.3545
   5.000   0.9881   0.02203   0.01470  -0.1035  0.6901  1.0000  -2.2647   0.0000   0.0000   0.0000   0.3502
   5.250   1.0188   0.02091   0.01365  -0.1006  0.6597  1.0000  -2.5302   0.0000   0.0000   0.0000   0.3439
   5.500   1.0411   0.01970   0.01238  -0.0961  0.6112  1.0000  -2.7991   0.0000   0.0000   0.0000   0.3371
   5.750   1.0612   0.01931   0.01201  -0.0926  0.5676  1.0000  -3.0485   0.0000   0.0000   0.0000   0.3317
   6.000   1.0752   0.01913   0.01184  -0.0882  0.5057  1.0000  -3.2554   0.0000   0.0000   0.0000   0.3262
   6.250   1.0699   0.02006   0.01187  -0.0808  0.3074  1.0000  -3.3234   0.0000   0.0000   0.0000   0.3193
   6.500   1.0578   0.02403   0.01416  -0.0752  0.1352  1.0000  -3.3187   0.0000   0.0000   0.0000   0.3146
   6.750   1.0637   0.02637   0.01624  -0.0717  0.1065  1.0000  -3.3913   0.0000   0.0000   0.0000   0.3107
   7.000   1.0736   0.02841   0.01815  -0.0687  0.0921  1.0000  -3.4902   0.0000   0.0000   0.0000   0.3070
   7.250   1.0916   0.03043   0.02011  -0.0666  0.0812  1.0000  -3.6074   0.0000   0.0000   0.0000   0.3037
   7.500   1.1199   0.03286   0.02243  -0.0659  0.0729  1.0000  -3.7759   0.0000   0.0000   0.0000   0.3012
   7.750   1.1522   0.03560   0.02524  -0.0657  0.0664  1.0000  -3.9737   0.0000   0.0000   0.0000   0.2991
   8.000   1.1859   0.03902   0.02881  -0.0657  0.0635  1.0000  -4.1418   0.0000   0.0000   0.0000   0.2972
   8.250   1.2084   0.04198   0.03222  -0.0642  0.0602  1.0000  -4.2589   0.0000   0.0000   0.0000   0.2947
   8.500   1.2340   0.04588   0.03624  -0.0637  0.0580  1.0000  -4.4126   0.0000   0.0000   0.0000   0.2929
   8.750   1.2482   0.04945   0.04043  -0.0612  0.0585  1.0000  -4.4423   0.0000   0.0000   0.0000   0.2901
   9.000   1.2519   0.05328   0.04507  -0.0575  0.0604  1.0000  -4.3814   0.0000   0.0000   0.0000   0.2868
   9.250   1.2558   0.05765   0.04997  -0.0547  0.0624  1.0000  -4.3551   0.0000   0.0000   0.0000   0.2841
   9.500   1.2649   0.06250   0.05507  -0.0530  0.0641  1.0000  -4.3808   0.0000   0.0000   0.0000   0.2822
   9.750   1.2454   0.06643   0.05976  -0.0484  0.0676  1.0000  -4.2245   0.0000   0.0000   0.0000   0.2790
  10.000   1.2384   0.07105   0.06467  -0.0459  0.0698  1.0000  -4.1851   0.0000   0.0000   0.0000   0.2770
  10.250   1.2182   0.07508   0.06908  -0.0426  0.0730  1.0000  -4.0804   0.0000   0.0000   0.0000   0.2747
  10.500   1.1903   0.07931   0.07359  -0.0401  0.0754  1.0000  -3.9691   0.0000   0.0000   0.0000   0.2731
  10.750   1.1800   0.08442   0.07886  -0.0393  0.0791  1.0000  -3.9143   0.0000   0.0000   0.0000   0.2725
  11.000   1.1712   0.09119   0.08577  -0.0395  0.0854  1.0000  -3.8244   0.0000   0.0000   0.0000   0.2727
  11.250   1.1062   0.09647   0.09132  -0.0436  0.0815  1.0000  -3.6096   0.0000   0.0000   0.0000   0.2781
  11.500   1.0890   0.10399   0.09894  -0.0470  0.0865  1.0000  -3.4867   0.0000   0.0000   0.0000   0.2817
  11.750   1.0502   0.11465   0.10964  -0.0558  0.0873  1.0000  -3.2424   0.0000   0.0000   0.0000   0.2915
  12.000   1.0098   0.13270   0.12762  -0.0699  0.1052  1.0000  -2.7473   0.0000   0.0000   0.0000   0.3078
  12.500   0.8369   0.13217   0.12745  -0.0570  0.1013  1.0000  -2.3297   0.0000   0.0000   0.0000   0.3071
  12.750   0.9736   0.16404   0.15880  -0.0910  0.1757  1.0000  -2.0933   0.0000   0.0000   0.0000   0.3319
  13.000   0.7952   0.15574   0.15096  -0.0717  0.1834  1.0000  -1.6910   0.0000   0.0000   0.0000   0.3298
  13.250   0.9901   0.17328   0.16807  -0.0919  0.1638  1.0000  -2.1332   0.0000   0.0000   0.0000   0.3307
  13.500   0.7848   0.16208   0.15731  -0.0744  0.1729  1.0000  -1.6253   0.0000   0.0000   0.0000   0.3341
  13.750   0.9923   0.18244   0.17719  -0.0959  0.1531  1.0000  -2.0922   0.0000   0.0000   0.0000   0.3340
  14.000   0.7710   0.16744   0.16265  -0.0778  0.1614  1.0000  -1.5404   0.0000   0.0000   0.0000   0.3397
  14.250   0.9903   0.19050   0.18519  -0.1013  0.1417  1.0000  -2.0219   0.0000   0.0000   0.0000   0.3391
  14.500   0.7702   0.17352   0.16875  -0.0802  0.1479  1.0000  -1.5079   0.0000   0.0000   0.0000   0.3425
  14.750   0.9979   0.19860   0.19327  -0.1053  0.1309  1.0000  -1.9933   0.0000   0.0000   0.0000   0.3416
  15.000   0.7738   0.18016   0.17541  -0.0824  0.1378  1.0000  -1.4854   0.0000   0.0000   0.0000   0.3443
  15.500   0.7771   0.18684   0.18212  -0.0849  0.1288  1.0000  -1.4538   0.0000   0.0000   0.0000   0.3466
  16.000   0.7805   0.19354   0.18884  -0.0875  0.1204  1.0000  -1.4175   0.0000   0.0000   0.0000   0.3489
  16.500   0.7853   0.20028   0.19560  -0.0901  0.1118  1.0000  -1.3955   0.0000   0.0000   0.0000   0.3509
  17.000   0.7915   0.20707   0.20242  -0.0925  0.1028  1.0000  -1.4104   0.0000   0.0000   0.0000   0.3525
  17.500   0.7955   0.21391   0.20928  -0.0954  0.0957  1.0000  -1.3973   0.0000   0.0000   0.0000   0.3550
  18.000   0.8007   0.22100   0.21641  -0.0983  0.0902  1.0000  -1.3846   0.0000   0.0000   0.0000   0.3571
  18.500   0.8103   0.22867   0.22411  -0.1003  0.0848  1.0000  -1.4078   0.0000   0.0000   0.0000   0.3575
  19.000   0.8171   0.23573   0.23121  -0.1030  0.0787  1.0000  -1.4048   0.0000   0.0000   0.0000   0.3590
  19.500   0.8186   0.24255   0.23804  -0.1068  0.0744  1.0000  -1.3378   0.0000   0.0000   0.0000   0.3627
  20.000   0.8260   0.25008   0.24560  -0.1093  0.0700  1.0000  -1.3306   0.0000   0.0000   0.0000   0.3639


