xflr5 v6.61

 Calculated polar for: NACA4412_9_00

 1 1 Reynolds number fixed          Mach number fixed         

 xtrf =   1.000 (top)        1.000 (bottom)
 Mach =   0.200     Re =     0.025 e 6     Ncrit =   7.000

  alpha     CL        CD       CDp       Cm    Top Xtr Bot Xtr   Cpmin    Chinge    XCp    
 ------- -------- --------- --------- -------- ------- ------- -------- --------- ---------
 -30.000  -0.9479   0.36111   0.35005   0.1091  1.0000  0.0579  -1.7033   0.0000   0.0000   0.0000   0.3358
 -29.500  -0.9335   0.35478   0.34369   0.1043  1.0000  0.0590  -1.6905   0.0000   0.0000   0.0000   0.3335
 -29.000  -0.9187   0.34894   0.33779   0.0996  1.0000  0.0611  -1.6732   0.0000   0.0000   0.0000   0.3311
 -28.500  -0.9040   0.34442   0.33323   0.0945  1.0000  0.0631  -1.6705   0.0000   0.0000   0.0000   0.3283
 -28.000  -0.8896   0.34158   0.33035   0.0891  1.0000  0.0643  -1.6835   0.0000   0.0000   0.0000   0.3248
 -27.500  -0.8737   0.33400   0.32274   0.0848  1.0000  0.0663  -1.6522   0.0000   0.0000   0.0000   0.3226
 -27.000  -0.8581   0.32878   0.31748   0.0801  1.0000  0.0692  -1.6357   0.0000   0.0000   0.0000   0.3197
 -26.500  -0.8434   0.32593   0.31461   0.0748  1.0000  0.0710  -1.6427   0.0000   0.0000   0.0000   0.3160
 -26.000  -0.8265   0.31825   0.30690   0.0707  1.0000  0.0732  -1.6057   0.0000   0.0000   0.0000   0.3136
 -25.500  -0.8103   0.31290   0.30151   0.0661  1.0000  0.0761  -1.5833   0.0000   0.0000   0.0000   0.3104
 -25.000  -0.7953   0.30991   0.29852   0.0609  1.0000  0.0780  -1.5826   0.0000   0.0000   0.0000   0.3063
 -24.500  -0.7776   0.30193   0.29051   0.0571  1.0000  0.0804  -1.5370   0.0000   0.0000   0.0000   0.3037
 -24.000  -0.7611   0.29671   0.28527   0.0526  1.0000  0.0837  -1.5241   0.0000   0.0000   0.0000   0.3002
 -23.500  -0.7463   0.29390   0.28248   0.0476  1.0000  0.0855  -1.5463   0.0000   0.0000   0.0000   0.2957
 -23.000  -0.7274   0.28514   0.27368   0.0442  1.0000  0.0895  -1.5106   0.0000   0.0000   0.0000   0.2931
 -22.500  -0.7124   0.28205   0.27059   0.0394  1.0000  0.0927  -1.5248   0.0000   0.0000   0.0000   0.2884
 -22.000  -0.6936   0.27389   0.26243   0.0360  1.0000  0.0966  -1.4922   0.0000   0.0000   0.0000   0.2854
 -21.500  -0.6784   0.27035   0.25888   0.0314  1.0000  0.1004  -1.4979   0.0000   0.0000   0.0000   0.2805
 -21.000  -0.6597   0.26251   0.25104   0.0280  1.0000  0.1041  -1.4656   0.0000   0.0000   0.0000   0.2772
 -20.500  -0.6442   0.25834   0.24689   0.0238  1.0000  0.1083  -1.4615   0.0000   0.0000   0.0000   0.2722
 -20.000  -0.6258   0.25096   0.23950   0.0205  1.0000  0.1120  -1.4288   0.0000   0.0000   0.0000   0.2684
 -19.500  -0.6108   0.24680   0.23536   0.0165  1.0000  0.1168  -1.4195   0.0000   0.0000   0.0000   0.2632
 -19.000  -0.5919   0.23918   0.22775   0.0134  1.0000  0.1217  -1.3987   0.0000   0.0000   0.0000   0.2592
 -18.500  -0.5788   0.23564   0.22426   0.0094  1.0000  0.1264  -1.4233   0.0000   0.0000   0.0000   0.2534
 -18.000  -0.5605   0.22851   0.21713   0.0066  1.0000  0.1337  -1.4092   0.0000   0.0000   0.0000   0.2491
 -17.500  -0.5428   0.22156   0.21020   0.0037  1.0000  0.1396  -1.3991   0.0000   0.0000   0.0000   0.2445
 -17.000  -0.5301   0.21729   0.20600   0.0002  1.0000  0.1449  -1.4150   0.0000   0.0000   0.0000   0.2386
 -16.500  -0.5135   0.21090   0.19961  -0.0024  1.0000  0.1526  -1.4031   0.0000   0.0000   0.0000   0.2337
 -16.000  -0.4959   0.20370   0.19245  -0.0049  1.0000  0.1593  -1.3852   0.0000   0.0000   0.0000   0.2289
 -15.500  -0.4816   0.19787   0.18668  -0.0075  1.0000  0.1665  -1.3790   0.0000   0.0000   0.0000   0.2235
 -15.000  -0.4688   0.19243   0.18130  -0.0100  1.0000  0.1752  -1.3730   0.0000   0.0000   0.0000   0.2181
 -14.500  -0.4561   0.18681   0.17573  -0.0122  1.0000  0.1849  -1.3620   0.0000   0.0000   0.0000   0.2129
 -14.000  -0.4440   0.18114   0.17013  -0.0142  1.0000  0.1949  -1.3486   0.0000   0.0000   0.0000   0.2079
 -13.500  -0.4334   0.17575   0.16482  -0.0161  1.0000  0.2050  -1.3499   0.0000   0.0000   0.0000   0.2031
 -13.000  -0.4219   0.16979   0.15893  -0.0177  1.0000  0.2158  -1.3560   0.0000   0.0000   0.0000   0.1986
 -12.500  -0.4066   0.16251   0.15169  -0.0188  1.0000  0.2281  -1.3472   0.0000   0.0000   0.0000   0.1942
 -12.000  -0.3916   0.15553   0.14477  -0.0196  1.0000  0.2440  -1.3330   0.0000   0.0000   0.0000   0.1905
 -11.500  -0.3868   0.15089   0.14024  -0.0206  1.0000  0.2602  -1.3435   0.0000   0.0000   0.0000   0.1879
 -11.000  -0.3714   0.14353   0.13296  -0.0209  1.0000  0.2776  -1.3216   0.0000   0.0000   0.0000   0.1849
 -10.500  -0.3667   0.13859   0.12812  -0.0211  1.0000  0.2961  -1.3225   0.0000   0.0000   0.0000   0.1839
 -10.000  -0.3523   0.13147   0.12110  -0.0209  1.0000  0.3162  -1.2942   0.0000   0.0000   0.0000   0.1824
  -9.500  -0.3433   0.12552   0.11528  -0.0200  1.0000  0.3421  -1.2716   0.0000   0.0000   0.0000   0.1834
  -9.000  -0.3403   0.12057   0.11049  -0.0184  1.0000  0.3732  -1.2684   0.0000   0.0000   0.0000   0.1880
  -8.500  -0.3251   0.11361   0.10365  -0.0165  1.0000  0.4093  -1.2471   0.0000   0.0000   0.0000   0.1915
  -8.000  -0.3151   0.10758   0.09775  -0.0138  1.0000  0.4501  -1.2297   0.0000   0.0000   0.0000   0.1986
  -7.500  -0.3051   0.10186   0.09217  -0.0095  1.0000  0.5116  -1.2015   0.0000   0.0000   0.0000   0.2114
  -7.000  -0.2713   0.09346   0.08382  -0.0054  1.0000  0.6084  -1.1296   0.0000   0.0000   0.0000   0.2220
  -6.000  -0.1251   0.07075   0.06080  -0.0133  1.0000  0.8930  -0.9668   0.0000   0.0000   0.0000   0.1273
  -5.500  -0.2538   0.07793   0.06880   0.0031  1.0000  0.6847  -1.1156   0.0000   0.0000   0.0000   0.2554
  -5.000  -0.3796   0.07832   0.06972  -0.0250  1.0000  0.2485  -1.6446   0.0000   0.0000   0.0000   0.1813
  -4.500  -0.3552   0.06930   0.06042  -0.0344  1.0000  0.2035  -1.7506   0.0000   0.0000   0.0000   0.1503
  -4.000  -0.3220   0.06138   0.05209  -0.0406  1.0000  0.1931  -1.7872   0.0000   0.0000   0.0000   0.1208
  -3.500  -0.2798   0.05420   0.04438  -0.0455  1.0000  0.1910  -1.7840   0.0000   0.0000   0.0000   0.0843
  -3.000  -0.2297   0.04792   0.03737  -0.0499  1.0000  0.1982  -1.7389   0.0000   0.0000   0.0000   0.0293
  -2.500  -0.1743   0.04280   0.03133  -0.0535  1.0000  0.2133  -1.6633   0.0000   0.0000   0.0000  -0.0615
  -1.500  -0.0619   0.03655   0.02338  -0.0568  1.0000  0.2860  -1.4236   0.0000   0.0000   0.0000  -0.6763
  -1.000  -0.0093   0.03443   0.02104  -0.0571  1.0000  0.3635  -1.2726   0.0000   0.0000   0.0000  -5.9629
  -0.500   0.0395   0.03170   0.01949  -0.0560  1.0000  0.5550  -1.1265   0.0000   0.0000   0.0000   1.6741
   0.000   0.0748   0.03074   0.01833  -0.0536  1.0000  1.0000  -1.0058   0.0000   0.0000   0.0000   0.9699
   0.500   0.1142   0.03234   0.01891  -0.0536  1.0000  1.0000  -0.8376   0.0000   0.0000   0.0000   0.7192
   1.000   0.1510   0.03415   0.02006  -0.0535  1.0000  1.0000  -0.6805   0.0000   0.0000   0.0000   0.6032
   1.500   0.1930   0.03635   0.02175  -0.0548  0.9963  1.0000  -0.5295   0.0000   0.0000   0.0000   0.5319
   2.000   0.2728   0.03967   0.02456  -0.0630  0.9686  1.0000  -0.5202   0.0000   0.0000   0.0000   0.4783
   2.500   0.3419   0.04273   0.02732  -0.0690  0.9415  1.0000  -0.5625   0.0000   0.0000   0.0000   0.4487
   3.000   0.4060   0.04576   0.03020  -0.0738  0.9153  1.0000  -0.6055   0.0000   0.0000   0.0000   0.4283
   3.500   0.4656   0.04882   0.03321  -0.0777  0.8898  1.0000  -0.6494   0.0000   0.0000   0.0000   0.4129
   4.000   0.5174   0.05188   0.03630  -0.0802  0.8644  1.0000  -0.6925   0.0000   0.0000   0.0000   0.4006
   4.500   0.5679   0.05510   0.03964  -0.0824  0.8391  1.0000  -0.7409   0.0000   0.0000   0.0000   0.3903
   5.000   0.6174   0.05848   0.04320  -0.0844  0.8137  1.0000  -0.8001   0.0000   0.0000   0.0000   0.3814
   5.500   0.6605   0.06199   0.04699  -0.0854  0.7875  1.0000  -0.8888   0.0000   0.0000   0.0000   0.3735
   6.000   0.7003   0.06570   0.05099  -0.0859  0.7604  1.0000  -1.0159   0.0000   0.0000   0.0000   0.3665
   6.500   0.7411   0.06961   0.05529  -0.0864  0.7316  1.0000  -1.1734   0.0000   0.0000   0.0000   0.3599
   7.000   0.7768   0.07372   0.05979  -0.0862  0.7008  1.0000  -1.3403   0.0000   0.0000   0.0000   0.3538
   7.500   0.8052   0.07807   0.06457  -0.0853  0.6668  1.0000  -1.5020   0.0000   0.0000   0.0000   0.3482
   8.000   0.8466   0.08221   0.06929  -0.0847  0.6269  1.0000  -1.7177   0.0000   0.0000   0.0000   0.3418
   8.500   0.8797   0.08626   0.07390  -0.0826  0.5795  1.0000  -1.9193   0.0000   0.0000   0.0000   0.3352
   9.000   0.9364   0.08767   0.07616  -0.0782  0.5109  1.0000  -2.2361   0.0000   0.0000   0.0000   0.3242
   9.500   1.1395   0.05832   0.04796  -0.0473  0.2786  1.0000  -3.4054   0.0000   0.0000   0.0000   0.2809
  10.000   1.1630   0.06247   0.05147  -0.0411  0.2147  1.0000  -3.6069   0.0000   0.0000   0.0000   0.2740
  10.500   1.1612   0.07046   0.05978  -0.0382  0.1896  1.0000  -3.6559   0.0000   0.0000   0.0000   0.2709
  11.000   1.1439   0.08034   0.07010  -0.0372  0.1774  1.0000  -3.6212   0.0000   0.0000   0.0000   0.2699
  11.500   1.1127   0.09258   0.08267  -0.0392  0.1721  1.0000  -3.5027   0.0000   0.0000   0.0000   0.2721
  12.500   0.9995   0.13252   0.12259  -0.0606  0.1825  1.0000  -2.7853   0.0000   0.0000   0.0000   0.2971
  13.000   0.9780   0.14755   0.13745  -0.0682  0.1815  1.0000  -2.5910   0.0000   0.0000   0.0000   0.3058
  13.500   0.9673   0.16035   0.15018  -0.0744  0.1796  1.0000  -2.4558   0.0000   0.0000   0.0000   0.3127
  14.000   0.9647   0.17204   0.16183  -0.0800  0.1793  1.0000  -2.3564   0.0000   0.0000   0.0000   0.3182
  14.500   0.9674   0.18310   0.17290  -0.0852  0.1810  1.0000  -2.2775   0.0000   0.0000   0.0000   0.3228


