xflr5 v6.61

 Calculated polar for: NACA4412_7_50

 1 1 Reynolds number fixed          Mach number fixed         

 xtrf =   1.000 (top)        1.000 (bottom)
 Mach =   0.200     Re =     0.080 e 6     Ncrit =   7.000

  alpha     CL        CD       CDp       Cm    Top Xtr Bot Xtr   Cpmin    Chinge    XCp    
 ------- -------- --------- --------- -------- ------- ------- -------- --------- ---------
 -20.000  -0.6495   0.24734   0.24090   0.0288  1.0000  0.0275  -1.4910   0.0000   0.0000   0.0000   0.2831
 -19.500  -0.6320   0.24112   0.23467   0.0250  1.0000  0.0288  -1.4815   0.0000   0.0000   0.0000   0.2788
 -19.000  -0.6146   0.23509   0.22864   0.0210  1.0000  0.0301  -1.4943   0.0000   0.0000   0.0000   0.2738
 -18.500  -0.5982   0.22988   0.22345   0.0166  1.0000  0.0308  -1.5438   0.0000   0.0000   0.0000   0.2677
 -18.000  -0.5803   0.22243   0.21601   0.0137  1.0000  0.0318  -1.4897   0.0000   0.0000   0.0000   0.2639
 -17.500  -0.5632   0.21612   0.20970   0.0104  1.0000  0.0338  -1.4591   0.0000   0.0000   0.0000   0.2591
 -17.000  -0.5475   0.21070   0.20430   0.0062  1.0000  0.0355  -1.4899   0.0000   0.0000   0.0000   0.2524
 -16.500  -0.5306   0.20363   0.19724   0.0034  1.0000  0.0365  -1.4502   0.0000   0.0000   0.0000   0.2476
 -16.000  -0.5139   0.19713   0.19075   0.0005  1.0000  0.0384  -1.4071   0.0000   0.0000   0.0000   0.2425
 -15.500  -0.4991   0.19128   0.18493  -0.0031  1.0000  0.0403  -1.4123   0.0000   0.0000   0.0000   0.2357
 -15.000  -0.4849   0.18503   0.17871  -0.0063  1.0000  0.0412  -1.4540   0.0000   0.0000   0.0000   0.2291
 -14.500  -0.4683   0.17801   0.17169  -0.0084  1.0000  0.0434  -1.4226   0.0000   0.0000   0.0000   0.2243
 -14.000  -0.4553   0.17213   0.16584  -0.0116  1.0000  0.0457  -1.4648   0.0000   0.0000   0.0000   0.2171
 -13.500  -0.4428   0.16580   0.15956  -0.0144  1.0000  0.0467  -1.5009   0.0000   0.0000   0.0000   0.2102
 -13.000  -0.4276   0.15898   0.15276  -0.0162  1.0000  0.0499  -1.4673   0.0000   0.0000   0.0000   0.2050
 -12.500  -0.4222   0.15455   0.14838  -0.0203  1.0000  0.0520  -1.5714   0.0000   0.0000   0.0000   0.1953
 -12.000  -0.4036   0.14640   0.14025  -0.0207  1.0000  0.0556  -1.4825   0.0000   0.0000   0.0000   0.1920
 -11.500  -0.3989   0.14160   0.13552  -0.0243  1.0000  0.0580  -1.5682   0.0000   0.0000   0.0000   0.1827
 -11.000  -0.3823   0.13388   0.12783  -0.0248  1.0000  0.0607  -1.4977   0.0000   0.0000   0.0000   0.1788
 -10.500  -0.3767   0.12861   0.12265  -0.0276  1.0000  0.0640  -1.5467   0.0000   0.0000   0.0000   0.1708
 -10.000  -0.3646   0.12174   0.11583  -0.0284  1.0000  0.0665  -1.5106   0.0000   0.0000   0.0000   0.1662
  -9.500  -0.3598   0.11647   0.11065  -0.0305  1.0000  0.0705  -1.5380   0.0000   0.0000   0.0000   0.1597
  -9.000  -0.3510   0.11013   0.10440  -0.0311  1.0000  0.0731  -1.5259   0.0000   0.0000   0.0000   0.1562
  -8.500  -0.3535   0.10568   0.10010  -0.0329  1.0000  0.0778  -1.6031   0.0000   0.0000   0.0000   0.1524
  -8.000  -0.3457   0.09965   0.09418  -0.0317  1.0000  0.0832  -1.5757   0.0000   0.0000   0.0000   0.1539
  -7.500  -0.3710   0.09720   0.09200  -0.0319  1.0000  0.0854  -1.7210   0.0000   0.0000   0.0000   0.1604
  -7.000  -0.3646   0.09121   0.08611  -0.0284  1.0000  0.0914  -1.6567   0.0000   0.0000   0.0000   0.1690
  -6.500  -0.3740   0.08646   0.08154  -0.0281  1.0000  0.0943  -1.7126   0.0000   0.0000   0.0000   0.1720
  -6.000  -0.3779   0.08171   0.07689  -0.0298  1.0000  0.1003  -1.7628   0.0000   0.0000   0.0000   0.1689
  -5.500  -0.3739   0.07605   0.07132  -0.0282  1.0000  0.1047  -1.7364   0.0000   0.0000   0.0000   0.1724
  -5.000  -0.3634   0.06999   0.06529  -0.0312  1.0000  0.1117  -1.7536   0.0000   0.0000   0.0000   0.1623
  -4.500  -0.3431   0.06386   0.05909  -0.0345  1.0000  0.1232  -1.7309   0.0000   0.0000   0.0000   0.1477
  -4.000  -0.3147   0.05764   0.05277  -0.0380  1.0000  0.1396  -1.6721   0.0000   0.0000   0.0000   0.1274
  -3.000  -0.0980   0.02951   0.02147  -0.0724  0.9821  0.0657  -2.2226   0.0000   0.0000   0.0000  -0.4962
  -2.500  -0.0124   0.02520   0.01606  -0.0783  0.9704  0.0764  -1.9820   0.0000   0.0000   0.0000  -6.1255
  -2.000   0.0697   0.02265   0.01300  -0.0832  0.9566  0.0981  -1.6956   0.0000   0.0000   0.0000   1.4521
  -1.500   0.1469   0.02096   0.01125  -0.0871  0.9406  0.1438  -1.3715   0.0000   0.0000   0.0000   0.8459
  -1.000   0.2266   0.01952   0.01027  -0.0916  0.9254  0.2680  -1.0450   0.0000   0.0000   0.0000   0.6555
  -0.500   0.3018   0.01713   0.00959  -0.0945  0.9085  1.0000  -0.7397   0.0000   0.0000   0.0000   0.5633
   0.000   0.3843   0.01714   0.00904  -0.0990  0.8908  1.0000  -0.5603   0.0000   0.0000   0.0000   0.5073
   0.500   0.4537   0.01716   0.00876  -0.1009  0.8685  1.0000  -0.6061   0.0000   0.0000   0.0000   0.4716
   1.000   0.5210   0.01715   0.00854  -0.1023  0.8456  1.0000  -0.6538   0.0000   0.0000   0.0000   0.4450
   1.500   0.5871   0.01710   0.00838  -0.1032  0.8224  1.0000  -0.7035   0.0000   0.0000   0.0000   0.4241
   2.000   0.6527   0.01704   0.00826  -0.1038  0.7994  1.0000  -0.7568   0.0000   0.0000   0.0000   0.4070
   2.500   0.7130   0.01714   0.00836  -0.1036  0.7739  1.0000  -0.8108   0.0000   0.0000   0.0000   0.3927
   3.000   0.7700   0.01740   0.00866  -0.1028  0.7472  1.0000  -0.8688   0.0000   0.0000   0.0000   0.3806
   3.500   0.8257   0.01779   0.00916  -0.1018  0.7205  1.0000  -1.0911   0.0000   0.0000   0.0000   0.3700
   4.000   0.8803   0.01828   0.00979  -0.1007  0.6941  1.0000  -1.3723   0.0000   0.0000   0.0000   0.3606
   4.500   0.9344   0.01885   0.01057  -0.0994  0.6677  1.0000  -1.6967   0.0000   0.0000   0.0000   0.3521
   5.000   0.9877   0.01945   0.01146  -0.0979  0.6400  1.0000  -2.0914   0.0000   0.0000   0.0000   0.3443
   5.500   1.0361   0.01947   0.01163  -0.0942  0.5912  1.0000  -2.5241   0.0000   0.0000   0.0000   0.3355
   6.000   1.0728   0.01936   0.01148  -0.0881  0.5077  1.0000  -2.9601   0.0000   0.0000   0.0000   0.3261
   6.500   1.0980   0.02024   0.01215  -0.0810  0.3687  1.0000  -3.3442   0.0000   0.0000   0.0000   0.3171
   7.000   1.0887   0.02574   0.01557  -0.0717  0.1058  1.0000  -3.4814   0.0000   0.0000   0.0000   0.3086
   7.500   1.1021   0.02955   0.01929  -0.0654  0.0756  1.0000  -3.7032   0.0000   0.0000   0.0000   0.3016
   8.000   1.1235   0.03308   0.02284  -0.0601  0.0609  1.0000  -3.9600   0.0000   0.0000   0.0000   0.2951
   8.500   1.1708   0.03745   0.02724  -0.0581  0.0504  1.0000  -4.3316   0.0000   0.0000   0.0000   0.2907
   9.000   1.2268   0.04328   0.03355  -0.0573  0.0444  1.0000  -4.7013   0.0000   0.0000   0.0000   0.2871
   9.500   1.2590   0.04937   0.04027  -0.0543  0.0398  1.0000  -4.9745   0.0000   0.0000   0.0000   0.2829
  10.000   1.2673   0.05650   0.04838  -0.0489  0.0390  1.0000  -5.0243   0.0000   0.0000   0.0000   0.2778
  10.500   1.2536   0.06354   0.05617  -0.0425  0.0389  1.0000  -4.9994   0.0000   0.0000   0.0000   0.2726
  11.000   1.2253   0.07086   0.06409  -0.0373  0.0392  1.0000  -4.9274   0.0000   0.0000   0.0000   0.2685
  11.500   1.1905   0.07940   0.07313  -0.0353  0.0396  1.0000  -4.8230   0.0000   0.0000   0.0000   0.2671
  12.000   1.1533   0.08962   0.08375  -0.0370  0.0401  1.0000  -4.6905   0.0000   0.0000   0.0000   0.2689
  12.500   1.1188   0.10151   0.09593  -0.0419  0.0406  1.0000  -4.5422   0.0000   0.0000   0.0000   0.2736
  13.000   1.0465   0.12374   0.11852  -0.0586  0.0430  1.0000  -3.8969   0.0000   0.0000   0.0000   0.2919
  13.500   1.0197   0.14283   0.13762  -0.0702  0.0454  1.0000  -3.4837   0.0000   0.0000   0.0000   0.3045
  14.000   1.0038   0.16208   0.15679  -0.0811  0.0508  1.0000  -2.9984   0.0000   0.0000   0.0000   0.3164


