xflr5 v6.61

 Calculated polar for: NACA4412_7_00

 1 1 Reynolds number fixed          Mach number fixed         

 xtrf =   1.000 (top)        1.000 (bottom)
 Mach =   0.200     Re =     0.025 e 6     Ncrit =   7.000

  alpha     CL        CD       CDp       Cm    Top Xtr Bot Xtr   Cpmin    Chinge    XCp    
 ------- -------- --------- --------- -------- ------- ------- -------- --------- ---------
 -28.000  -0.9377   0.34530   0.33452   0.1038  1.0000  0.0536  -1.6225   0.0000   0.0000   0.0000   0.3404
 -27.500  -0.9225   0.33986   0.32901   0.0989  1.0000  0.0556  -1.6142   0.0000   0.0000   0.0000   0.3378
 -27.000  -0.9072   0.33554   0.32466   0.0938  1.0000  0.0573  -1.6214   0.0000   0.0000   0.0000   0.3348
 -26.500  -0.8921   0.33189   0.32101   0.0885  1.0000  0.0582  -1.6366   0.0000   0.0000   0.0000   0.3315
 -26.000  -0.8756   0.32389   0.31294   0.0844  1.0000  0.0604  -1.6044   0.0000   0.0000   0.0000   0.3294
 -25.500  -0.8596   0.31867   0.30768   0.0796  1.0000  0.0628  -1.5974   0.0000   0.0000   0.0000   0.3264
 -25.000  -0.8441   0.31535   0.30433   0.0744  1.0000  0.0643  -1.6105   0.0000   0.0000   0.0000   0.3226
 -24.500  -0.8269   0.30749   0.29644   0.0703  1.0000  0.0667  -1.5771   0.0000   0.0000   0.0000   0.3202
 -24.000  -0.8105   0.30231   0.29124   0.0657  1.0000  0.0698  -1.5649   0.0000   0.0000   0.0000   0.3169
 -23.500  -0.7947   0.29840   0.28734   0.0608  1.0000  0.0714  -1.5679   0.0000   0.0000   0.0000   0.3130
 -23.000  -0.7767   0.29051   0.27940   0.0570  1.0000  0.0749  -1.5251   0.0000   0.0000   0.0000   0.3104
 -22.500  -0.7607   0.28643   0.27531   0.0522  1.0000  0.0776  -1.5191   0.0000   0.0000   0.0000   0.3064
 -22.000  -0.7431   0.27942   0.26830   0.0483  1.0000  0.0799  -1.4864   0.0000   0.0000   0.0000   0.3032
 -21.500  -0.7259   0.27365   0.26249   0.0442  1.0000  0.0836  -1.4622   0.0000   0.0000   0.0000   0.2996
 -21.000  -0.7103   0.26970   0.25858   0.0395  1.0000  0.0857  -1.4845   0.0000   0.0000   0.0000   0.2949
 -20.500  -0.6914   0.26155   0.25040   0.0362  1.0000  0.0899  -1.4598   0.0000   0.0000   0.0000   0.2920
 -20.000  -0.6768   0.25844   0.24730   0.0315  1.0000  0.0929  -1.4851   0.0000   0.0000   0.0000   0.2868
 -19.500  -0.6572   0.24975   0.23860   0.0285  1.0000  0.0977  -1.4538   0.0000   0.0000   0.0000   0.2839
 -19.000  -0.6425   0.24576   0.23466   0.0242  1.0000  0.1013  -1.4698   0.0000   0.0000   0.0000   0.2787
 -18.500  -0.6240   0.23837   0.22724   0.0210  1.0000  0.1073  -1.4442   0.0000   0.0000   0.0000   0.2751
 -18.000  -0.6071   0.23201   0.22091   0.0176  1.0000  0.1115  -1.4330   0.0000   0.0000   0.0000   0.2707
 -17.500  -0.5927   0.22761   0.21653   0.0139  1.0000  0.1169  -1.4343   0.0000   0.0000   0.0000   0.2655
 -17.000  -0.5739   0.21973   0.20867   0.0111  1.0000  0.1223  -1.4014   0.0000   0.0000   0.0000   0.2617
 -16.500  -0.5606   0.21509   0.20408   0.0075  1.0000  0.1269  -1.4019   0.0000   0.0000   0.0000   0.2562
 -16.000  -0.5443   0.20871   0.19771   0.0047  1.0000  0.1339  -1.3752   0.0000   0.0000   0.0000   0.2516
 -15.500  -0.5271   0.20149   0.19052   0.0021  1.0000  0.1406  -1.3467   0.0000   0.0000   0.0000   0.2473
 -15.000  -0.5125   0.19541   0.18447  -0.0006  1.0000  0.1477  -1.3548   0.0000   0.0000   0.0000   0.2424
 -14.500  -0.4995   0.18976   0.17888  -0.0032  1.0000  0.1557  -1.3661   0.0000   0.0000   0.0000   0.2373
 -14.000  -0.4879   0.18442   0.17362  -0.0057  1.0000  0.1643  -1.3787   0.0000   0.0000   0.0000   0.2323
 -13.500  -0.4776   0.17935   0.16863  -0.0080  1.0000  0.1735  -1.3919   0.0000   0.0000   0.0000   0.2274
 -13.000  -0.4656   0.17328   0.16259  -0.0100  1.0000  0.1834  -1.3944   0.0000   0.0000   0.0000   0.2229
 -12.500  -0.4535   0.16697   0.15633  -0.0118  1.0000  0.1938  -1.3932   0.0000   0.0000   0.0000   0.2187
 -12.000  -0.4424   0.16070   0.15016  -0.0134  1.0000  0.2047  -1.3912   0.0000   0.0000   0.0000   0.2146
 -11.500  -0.4238   0.15229   0.14179  -0.0142  1.0000  0.2191  -1.3587   0.0000   0.0000   0.0000   0.2112
 -11.000  -0.4145   0.14653   0.13613  -0.0152  1.0000  0.2356  -1.3506   0.0000   0.0000   0.0000   0.2082
 -10.500  -0.4044   0.14021   0.12989  -0.0160  1.0000  0.2521  -1.3362   0.0000   0.0000   0.0000   0.2055
 -10.000  -0.3983   0.13496   0.12476  -0.0164  1.0000  0.2721  -1.3266   0.0000   0.0000   0.0000   0.2040
  -9.500  -0.3841   0.12775   0.11766  -0.0163  1.0000  0.2938  -1.3049   0.0000   0.0000   0.0000   0.2029
  -9.000  -0.3742   0.12145   0.11149  -0.0159  1.0000  0.3172  -1.3085   0.0000   0.0000   0.0000   0.2030
  -8.500  -0.3700   0.11619   0.10639  -0.0148  1.0000  0.3466  -1.3163   0.0000   0.0000   0.0000   0.2057
  -8.000  -0.3609   0.10996   0.10029  -0.0126  1.0000  0.3863  -1.3062   0.0000   0.0000   0.0000   0.2109
  -7.500  -0.3484   0.10329   0.09377  -0.0092  1.0000  0.4407  -1.2820   0.0000   0.0000   0.0000   0.2195
  -7.000  -0.3369   0.09694   0.08757  -0.0042  1.0000  0.5132  -1.2513   0.0000   0.0000   0.0000   0.2335
  -6.500  -0.0643   0.06202   0.05154  -0.0332  1.0000  1.0000  -0.9412   0.0000   0.0000   0.0000  -0.2924
  -6.000  -0.0751   0.06030   0.05004  -0.0274  1.0000  0.9821  -0.9621   0.0000   0.0000   0.0000  -0.1355
  -5.500  -0.1668   0.06553   0.05592  -0.0057  1.0000  0.8702  -1.0399   0.0000   0.0000   0.0000   0.2082
  -5.000  -0.2614   0.06991   0.06101   0.0071  1.0000  0.7198  -1.1424   0.0000   0.0000   0.0000   0.2733
  -4.000  -0.2968   0.06384   0.05498  -0.0385  1.0000  0.2117  -1.6583   0.0000   0.0000   0.0000   0.1183
  -3.500  -0.2404   0.05529   0.04580  -0.0489  1.0000  0.1809  -1.7340   0.0000   0.0000   0.0000   0.0445
  -3.000  -0.1832   0.04814   0.03796  -0.0554  1.0000  0.1775  -1.7374   0.0000   0.0000   0.0000  -0.0548
  -2.500  -0.1187   0.04195   0.03069  -0.0611  1.0000  0.1830  -1.7038   0.0000   0.0000   0.0000  -0.2689
  -2.000  -0.0583   0.03741   0.02515  -0.0637  1.0000  0.2021  -1.5838   0.0000   0.0000   0.0000  -0.8511
  -1.500   0.0037   0.03406   0.02081  -0.0654  1.0000  0.2410  -1.4486   0.0000   0.0000   0.0000  17.9158
  -1.000   0.0632   0.03133   0.01756  -0.0662  1.0000  0.3202  -1.2809   0.0000   0.0000   0.0000   1.3011
  -0.500   0.1129   0.02665   0.01514  -0.0637  1.0000  0.6611  -1.1309   0.0000   0.0000   0.0000   0.8160
   0.000   0.1545   0.02710   0.01392  -0.0625  1.0000  1.0000  -0.9665   0.0000   0.0000   0.0000   0.6549
   0.500   0.1954   0.02839   0.01427  -0.0620  1.0000  1.0000  -0.7528   0.0000   0.0000   0.0000   0.5669
   1.000   0.2337   0.02993   0.01520  -0.0617  1.0000  1.0000  -0.5614   0.0000   0.0000   0.0000   0.5126
   1.500   0.2703   0.03171   0.01653  -0.0615  1.0000  1.0000  -0.4723   0.0000   0.0000   0.0000   0.4758
   2.000   0.3053   0.03374   0.01825  -0.0615  1.0000  1.0000  -0.4909   0.0000   0.0000   0.0000   0.4492
   2.500   0.3413   0.03605   0.02037  -0.0621  0.9986  1.0000  -0.5110   0.0000   0.0000   0.0000   0.4292
   3.000   0.4224   0.03954   0.02374  -0.0710  0.9680  1.0000  -0.5616   0.0000   0.0000   0.0000   0.4152
   3.500   0.4932   0.04281   0.02707  -0.0776  0.9379  1.0000  -0.6113   0.0000   0.0000   0.0000   0.4040
   4.000   0.5554   0.04599   0.03041  -0.0824  0.9084  1.0000  -0.6622   0.0000   0.0000   0.0000   0.3946
   4.500   0.6179   0.04929   0.03403  -0.0869  0.8793  1.0000  -0.7529   0.0000   0.0000   0.0000   0.3864
   5.000   0.6682   0.05260   0.03770  -0.0892  0.8495  1.0000  -0.9371   0.0000   0.0000   0.0000   0.3789
   5.500   0.7183   0.05609   0.04171  -0.0913  0.8187  1.0000  -1.1716   0.0000   0.0000   0.0000   0.3721
   6.000   0.7730   0.05974   0.04602  -0.0936  0.7859  1.0000  -1.4623   0.0000   0.0000   0.0000   0.3656
   6.500   0.8139   0.06352   0.05045  -0.0939  0.7493  1.0000  -1.7442   0.0000   0.0000   0.0000   0.3593
   8.000   1.0728   0.04717   0.03489  -0.0532  0.1999  1.0000  -3.5006   0.0000   0.0000   0.0000   0.2915
   8.500   1.1120   0.05424   0.04183  -0.0503  0.1550  1.0000  -3.6527   0.0000   0.0000   0.0000   0.2866
   9.000   1.1555   0.06243   0.05070  -0.0486  0.1332  1.0000  -3.8464   0.0000   0.0000   0.0000   0.2830
   9.500   1.1732   0.07134   0.06051  -0.0463  0.1247  1.0000  -3.9215   0.0000   0.0000   0.0000   0.2799
  10.000   1.1542   0.08051   0.07049  -0.0435  0.1231  1.0000  -3.8484   0.0000   0.0000   0.0000   0.2777
  10.500   1.1210   0.09072   0.08119  -0.0430  0.1237  1.0000  -3.7153   0.0000   0.0000   0.0000   0.2780
  11.000   1.0860   0.10291   0.09366  -0.0465  0.1255  1.0000  -3.5422   0.0000   0.0000   0.0000   0.2820
  11.500   1.0312   0.12041   0.11127  -0.0579  0.1330  1.0000  -3.1598   0.0000   0.0000   0.0000   0.2951
  12.500   0.9933   0.15106   0.14167  -0.0755  0.1427  1.0000  -2.6982   0.0000   0.0000   0.0000   0.3143
  13.000   0.9846   0.16427   0.15476  -0.0831  0.1496  1.0000  -2.5174   0.0000   0.0000   0.0000   0.3223


