xflr5 v6.61

 Calculated polar for: NACA4412_7_00

 1 1 Reynolds number fixed          Mach number fixed         

 xtrf =   1.000 (top)        1.000 (bottom)
 Mach =   0.200     Re =     0.050 e 6     Ncrit =   7.000

  alpha     CL        CD       CDp       Cm    Top Xtr Bot Xtr   Cpmin    Chinge    XCp    
 ------- -------- --------- --------- -------- ------- ------- -------- --------- ---------
 -28.000  -0.5975   0.30229   0.29612   0.0547  1.0000  0.0269  -0.9053   0.0000   0.0000   0.0000   0.3307
 -27.500  -0.5892   0.29594   0.28972   0.0516  1.0000  0.0279  -0.8874   0.0000   0.0000   0.0000   0.3272
 -27.000  -0.5807   0.28987   0.28358   0.0483  1.0000  0.0290  -0.8765   0.0000   0.0000   0.0000   0.3236
 -26.500  -0.5721   0.28397   0.27762   0.0450  1.0000  0.0300  -0.8953   0.0000   0.0000   0.0000   0.3196
 -26.000  -0.5635   0.27848   0.27207   0.0416  1.0000  0.0307  -0.9261   0.0000   0.0000   0.0000   0.3154
 -25.500  -0.5544   0.27227   0.26583   0.0385  1.0000  0.0314  -0.9332   0.0000   0.0000   0.0000   0.3115
 -25.000  -0.5448   0.26609   0.25959   0.0355  1.0000  0.0329  -0.9260   0.0000   0.0000   0.0000   0.3077
 -24.500  -0.5353   0.26038   0.25383   0.0323  1.0000  0.0344  -0.9341   0.0000   0.0000   0.0000   0.3034
 -24.000  -0.5261   0.25511   0.24851   0.0291  1.0000  0.0353  -0.9537   0.0000   0.0000   0.0000   0.2987
 -23.500  -0.5169   0.24990   0.24327   0.0258  1.0000  0.0358  -0.9716   0.0000   0.0000   0.0000   0.2938
 -23.000  -0.5059   0.24332   0.23663   0.0231  1.0000  0.0373  -0.9438   0.0000   0.0000   0.0000   0.2899
 -22.500  -0.4957   0.23779   0.23105   0.0202  1.0000  0.0390  -0.9375   0.0000   0.0000   0.0000   0.2852
 -22.000  -0.4860   0.23281   0.22603   0.0170  1.0000  0.0403  -0.9453   0.0000   0.0000   0.0000   0.2799
 -21.500  -0.4766   0.22796   0.22116   0.0139  1.0000  0.0410  -0.9536   0.0000   0.0000   0.0000   0.2744
 -21.000  -0.4648   0.22158   0.21474   0.0114  1.0000  0.0429  -0.9308   0.0000   0.0000   0.0000   0.2701
 -20.500  -0.4546   0.21659   0.20971   0.0085  1.0000  0.0452  -0.9514   0.0000   0.0000   0.0000   0.2645
 -20.000  -0.4464   0.21294   0.20605   0.0053  1.0000  0.0463  -1.0034   0.0000   0.0000   0.0000   0.2578
 -19.500  -0.4333   0.20612   0.19918   0.0032  1.0000  0.0488  -0.9746   0.0000   0.0000   0.0000   0.2534
 -19.000  -0.4234   0.20153   0.19457   0.0004  1.0000  0.0511  -0.9948   0.0000   0.0000   0.0000   0.2472
 -18.500  -0.4152   0.19776   0.19079  -0.0026  1.0000  0.0521  -1.0334   0.0000   0.0000   0.0000   0.2402
 -18.000  -0.4020   0.19135   0.18434  -0.0046  1.0000  0.0547  -1.0016   0.0000   0.0000   0.0000   0.2352
 -17.500  -0.3927   0.18715   0.18012  -0.0072  1.0000  0.0573  -1.0177   0.0000   0.0000   0.0000   0.2283
 -17.000  -0.3835   0.18266   0.17563  -0.0097  1.0000  0.0587  -1.0299   0.0000   0.0000   0.0000   0.2215
 -16.500  -0.3718   0.17732   0.17027  -0.0117  1.0000  0.0619  -1.0056   0.0000   0.0000   0.0000   0.2155
 -16.000  -0.3659   0.17438   0.16731  -0.0144  1.0000  0.0643  -1.0366   0.0000   0.0000   0.0000   0.2077
 -15.500  -0.3532   0.16836   0.16130  -0.0159  1.0000  0.0677  -1.0002   0.0000   0.0000   0.0000   0.2018
 -15.000  -0.3492   0.16585   0.15878  -0.0184  1.0000  0.0709  -1.0601   0.0000   0.0000   0.0000   0.1942
 -14.500  -0.3367   0.15988   0.15281  -0.0197  1.0000  0.0748  -1.0485   0.0000   0.0000   0.0000   0.1884
 -14.000  -0.3352   0.15774   0.15066  -0.0219  1.0000  0.0779  -1.1102   0.0000   0.0000   0.0000   0.1816
 -13.500  -0.3240   0.15193   0.14485  -0.0229  1.0000  0.0814  -1.0994   0.0000   0.0000   0.0000   0.1762
 -13.000  -0.3228   0.14912   0.14206  -0.0248  1.0000  0.0851  -1.1529   0.0000   0.0000   0.0000   0.1699
 -12.500  -0.3112   0.14286   0.13582  -0.0257  1.0000  0.0891  -1.1373   0.0000   0.0000   0.0000   0.1641
 -12.000  -0.3115   0.13960   0.13261  -0.0278  1.0000  0.0928  -1.1956   0.0000   0.0000   0.0000   0.1576
 -11.500  -0.2986   0.13271   0.12574  -0.0283  1.0000  0.0984  -1.1630   0.0000   0.0000   0.0000   0.1522
 -11.000  -0.2931   0.12722   0.12031  -0.0293  1.0000  0.1034  -1.1716   0.0000   0.0000   0.0000   0.1469
 -10.500  -0.2972   0.12343   0.11661  -0.0310  1.0000  0.1089  -1.2257   0.0000   0.0000   0.0000   0.1427
 -10.000  -0.2885   0.11690   0.11015  -0.0312  1.0000  0.1167  -1.1990   0.0000   0.0000   0.0000   0.1390
  -8.000  -0.3641   0.10573   0.09890  -0.0290  1.0000  0.1345  -1.4961   0.0000   0.0000   0.0000   0.1668
  -7.500  -0.3604   0.10003   0.09335  -0.0276  1.0000  0.1426  -1.4979   0.0000   0.0000   0.0000   0.1701
  -7.000  -0.3632   0.09509   0.08861  -0.0257  1.0000  0.1499  -1.5123   0.0000   0.0000   0.0000   0.1764
  -6.500  -0.3661   0.09022   0.08394  -0.0250  1.0000  0.1586  -1.5340   0.0000   0.0000   0.0000   0.1792
  -6.000  -0.3687   0.08549   0.07938  -0.0249  1.0000  0.1708  -1.5547   0.0000   0.0000   0.0000   0.1802
  -5.500  -0.3682   0.08039   0.07443  -0.0257  1.0000  0.1851  -1.5724   0.0000   0.0000   0.0000   0.1784
  -4.500  -0.3479   0.06935   0.06352  -0.0273  1.0000  0.2275  -1.5417   0.0000   0.0000   0.0000   0.1699
  -3.500  -0.2261   0.04806   0.04101  -0.0533  1.0000  0.1072  -1.8633   0.0000   0.0000   0.0000   0.0118
  -3.000  -0.1608   0.03939   0.03137  -0.0603  1.0000  0.0946  -1.9601   0.0000   0.0000   0.0000  -0.1280
  -2.500  -0.0984   0.03355   0.02450  -0.0639  1.0000  0.0980  -1.9312   0.0000   0.0000   0.0000  -0.4039
  -2.000  -0.0373   0.02936   0.01918  -0.0658  1.0000  0.1082  -1.8261   0.0000   0.0000   0.0000  -1.5248
  -1.500   0.0153   0.02695   0.01622  -0.0659  1.0000  0.1284  -1.6283   0.0000   0.0000   0.0000   4.5692
  -1.000   0.0696   0.02550   0.01441  -0.0662  0.9984  0.1688  -1.4206   0.0000   0.0000   0.0000   1.2061
  -0.500   0.1631   0.02382   0.01315  -0.0739  0.9819  0.3369  -1.0941   0.0000   0.0000   0.0000   0.7038
   0.000   0.2445   0.02231   0.01262  -0.0788  0.9591  1.0000  -0.7794   0.0000   0.0000   0.0000   0.5721
   0.500   0.3299   0.02337   0.01300  -0.0853  0.9344  1.0000  -0.5085   0.0000   0.0000   0.0000   0.5079
   1.000   0.4054   0.02427   0.01354  -0.0898  0.9071  1.0000  -0.5546   0.0000   0.0000   0.0000   0.4704
   1.500   0.4813   0.02506   0.01412  -0.0940  0.8811  1.0000  -0.6046   0.0000   0.0000   0.0000   0.4437
   2.000   0.5541   0.02575   0.01474  -0.0973  0.8555  1.0000  -0.6565   0.0000   0.0000   0.0000   0.4236
   2.500   0.6231   0.02641   0.01544  -0.0996  0.8301  1.0000  -0.7105   0.0000   0.0000   0.0000   0.4074
   3.000   0.6865   0.02710   0.01628  -0.1006  0.8046  1.0000  -0.7668   0.0000   0.0000   0.0000   0.3938
   3.500   0.7472   0.02784   0.01722  -0.1011  0.7793  1.0000  -0.9070   0.0000   0.0000   0.0000   0.3821
   4.000   0.8078   0.02855   0.01825  -0.1011  0.7548  1.0000  -1.1828   0.0000   0.0000   0.0000   0.3716
   4.500   0.8722   0.02900   0.01913  -0.1012  0.7313  1.0000  -1.5382   0.0000   0.0000   0.0000   0.3620
   5.000   0.9261   0.02989   0.02049  -0.0998  0.7038  1.0000  -1.9299   0.0000   0.0000   0.0000   0.3533
   5.500   0.9835   0.03044   0.02167  -0.0981  0.6746  1.0000  -2.3829   0.0000   0.0000   0.0000   0.3448
   6.000   1.0503   0.02600   0.01755  -0.0892  0.5852  1.0000  -3.0087   0.0000   0.0000   0.0000   0.3293
   6.500   1.0695   0.02516   0.01664  -0.0777  0.4380  1.0000  -3.3706   0.0000   0.0000   0.0000   0.3163
   7.000   1.0497   0.03068   0.01977  -0.0664  0.1480  1.0000  -3.4178   0.0000   0.0000   0.0000   0.3062
   7.500   1.0593   0.03572   0.02444  -0.0603  0.1042  1.0000  -3.5608   0.0000   0.0000   0.0000   0.2994
   8.000   1.1046   0.04035   0.02912  -0.0573  0.0804  1.0000  -3.8406   0.0000   0.0000   0.0000   0.2938
   8.500   1.1794   0.04669   0.03586  -0.0576  0.0665  1.0000  -4.2476   0.0000   0.0000   0.0000   0.2901
   9.000   1.2194   0.05406   0.04412  -0.0549  0.0616  1.0000  -4.4412   0.0000   0.0000   0.0000   0.2858
   9.500   1.2341   0.06182   0.05279  -0.0506  0.0598  1.0000  -4.5146   0.0000   0.0000   0.0000   0.2813
  10.000   1.2333   0.06970   0.06129  -0.0463  0.0577  1.0000  -4.5712   0.0000   0.0000   0.0000   0.2773
  10.500   1.2058   0.07719   0.06944  -0.0410  0.0576  1.0000  -4.4939   0.0000   0.0000   0.0000   0.2733
  11.000   1.1722   0.08548   0.07817  -0.0383  0.0579  1.0000  -4.3988   0.0000   0.0000   0.0000   0.2714
  11.500   1.1050   0.09763   0.09090  -0.0425  0.0614  1.0000  -4.0386   0.0000   0.0000   0.0000   0.2766
  12.000   1.0665   0.11167   0.10513  -0.0500  0.0635  1.0000  -3.8034   0.0000   0.0000   0.0000   0.2846
  13.000   1.0007   0.15049   0.14390  -0.0757  0.0756  1.0000  -2.9166   0.0000   0.0000   0.0000   0.3130


