xflr5 v6.61

 Calculated polar for: NACA4412_7_70

 1 1 Reynolds number fixed          Mach number fixed         

 xtrf =   1.000 (top)        1.000 (bottom)
 Mach =   0.200     Re =     0.070 e 6     Ncrit =   9.000

  alpha     CL        CD       CDp       Cm    Top Xtr Bot Xtr   Cpmin    Chinge    XCp    
 ------- -------- --------- --------- -------- ------- ------- -------- --------- ---------
 -21.500  -0.4596   0.22359   0.21777   0.0109  1.0000  0.0370  -0.9258   0.0000   0.0000   0.0000   0.2678
 -21.000  -0.4487   0.21825   0.21240   0.0081  1.0000  0.0387  -0.9338   0.0000   0.0000   0.0000   0.2624
 -20.500  -0.4387   0.21350   0.20762   0.0050  1.0000  0.0403  -0.9641   0.0000   0.0000   0.0000   0.2561
 -20.000  -0.4293   0.20895   0.20306   0.0020  1.0000  0.0410  -0.9990   0.0000   0.0000   0.0000   0.2494
 -19.500  -0.4167   0.20282   0.19689  -0.0003  1.0000  0.0433  -0.9664   0.0000   0.0000   0.0000   0.2444
 -19.000  -0.4068   0.19833   0.19238  -0.0031  1.0000  0.0456  -0.9835   0.0000   0.0000   0.0000   0.2376
 -18.500  -0.3973   0.19382   0.18786  -0.0059  1.0000  0.0467  -1.0033   0.0000   0.0000   0.0000   0.2304
 -18.000  -0.3849   0.18814   0.18215  -0.0080  1.0000  0.0490  -0.9690   0.0000   0.0000   0.0000   0.2247
 -17.500  -0.3755   0.18395   0.17795  -0.0107  1.0000  0.0513  -0.9787   0.0000   0.0000   0.0000   0.2171
 -17.000  -0.3668   0.17967   0.17367  -0.0133  1.0000  0.0525  -0.9907   0.0000   0.0000   0.0000   0.2094
 -16.500  -0.3544   0.17414   0.16813  -0.0151  1.0000  0.0552  -0.9638   0.0000   0.0000   0.0000   0.2031
 -16.000  -0.3474   0.17072   0.16469  -0.0177  1.0000  0.0577  -1.0177   0.0000   0.0000   0.0000   0.1948
 -15.500  -0.3366   0.16544   0.15942  -0.0195  1.0000  0.0595  -1.0258   0.0000   0.0000   0.0000   0.1878
 -15.000  -0.3281   0.16134   0.15531  -0.0214  1.0000  0.0633  -1.0467   0.0000   0.0000   0.0000   0.1804
 -14.500  -0.3210   0.15720   0.15118  -0.0233  1.0000  0.0657  -1.0767   0.0000   0.0000   0.0000   0.1731
 -14.000  -0.3137   0.15320   0.14717  -0.0248  1.0000  0.0699  -1.0900   0.0000   0.0000   0.0000   0.1665
 -13.500  -0.3117   0.15008   0.14406  -0.0266  1.0000  0.0718  -1.1405   0.0000   0.0000   0.0000   0.1602
 -13.000  -0.3016   0.14478   0.13877  -0.0275  1.0000  0.0761  -1.1254   0.0000   0.0000   0.0000   0.1542
 -12.500  -0.3015   0.14135   0.13538  -0.0297  1.0000  0.0785  -1.1897   0.0000   0.0000   0.0000   0.1471
 -12.000  -0.2889   0.13490   0.12895  -0.0301  1.0000  0.0834  -1.1502   0.0000   0.0000   0.0000   0.1412
 -11.500  -0.2862   0.13001   0.12410  -0.0316  1.0000  0.0864  -1.1835   0.0000   0.0000   0.0000   0.1351
 -11.000  -0.2800   0.12457   0.11871  -0.0324  1.0000  0.0920  -1.1775   0.0000   0.0000   0.0000   0.1301
 -10.500  -0.2727   0.11846   0.11266  -0.0327  1.0000  0.0973  -1.1572   0.0000   0.0000   0.0000   0.1261
 -10.000  -0.2726   0.11311   0.10740  -0.0334  1.0000  0.1023  -1.1939   0.0000   0.0000   0.0000   0.1234
  -9.750  -0.3587   0.12025   0.11401  -0.0289  1.0000  0.0967  -1.4379   0.0000   0.0000   0.0000   0.1635
  -9.500  -0.2758   0.10834   0.10273  -0.0341  1.0000  0.1086  -1.2427   0.0000   0.0000   0.0000   0.1229
  -9.250  -0.3548   0.11484   0.10872  -0.0304  1.0000  0.1024  -1.4696   0.0000   0.0000   0.0000   0.1587
  -9.000  -0.2673   0.10159   0.09606  -0.0330  1.0000  0.1149  -1.2274   0.0000   0.0000   0.0000   0.1230
  -8.750  -0.3589   0.11093   0.10496  -0.0323  1.0000  0.1088  -1.5377   0.0000   0.0000   0.0000   0.1552
  -8.500  -0.2687   0.09588   0.09046  -0.0324  1.0000  0.1202  -1.2532   0.0000   0.0000   0.0000   0.1261
  -8.250  -0.3482   0.10431   0.09844  -0.0312  1.0000  0.1160  -1.5131   0.0000   0.0000   0.0000   0.1557
  -8.000  -0.2864   0.09221   0.08697  -0.0321  1.0000  0.1259  -1.3332   0.0000   0.0000   0.0000   0.1353
  -7.750  -0.3460   0.09882   0.09310  -0.0301  1.0000  0.1218  -1.5192   0.0000   0.0000   0.0000   0.1586
  -7.500  -0.2841   0.08601   0.08089  -0.0293  1.0000  0.1336  -1.3093   0.0000   0.0000   0.0000   0.1447
  -7.250  -0.3765   0.09717   0.09175  -0.0297  1.0000  0.1260  -1.6402   0.0000   0.0000   0.0000   0.1677
  -7.000  -0.2929   0.08102   0.07606  -0.0259  1.0000  0.1400  -1.3148   0.0000   0.0000   0.0000   0.1597
  -6.750  -0.3737   0.09134   0.08603  -0.0269  1.0000  0.1342  -1.6125   0.0000   0.0000   0.0000   0.1749
  -6.500  -0.3324   0.07918   0.07448  -0.0219  1.0000  0.1438  -1.4094   0.0000   0.0000   0.0000   0.1829
  -6.250  -0.3758   0.08613   0.08096  -0.0246  1.0000  0.1417  -1.6043   0.0000   0.0000   0.0000   0.1818
  -6.000  -0.3429   0.07430   0.06974  -0.0186  1.0000  0.1526  -1.4078   0.0000   0.0000   0.0000   0.1946
  -5.750  -0.3800   0.08131   0.07628  -0.0244  1.0000  0.1514  -1.6200   0.0000   0.0000   0.0000   0.1836
  -4.750  -0.3690   0.07053   0.06562  -0.0256  1.0000  0.1808  -1.5932   0.0000   0.0000   0.0000   0.1786
  -4.500  -0.3619   0.06757   0.06268  -0.0260  1.0000  0.1889  -1.5715   0.0000   0.0000   0.0000   0.1763
  -4.250  -0.3523   0.06462   0.05972  -0.0271  1.0000  0.1992  -1.5478   0.0000   0.0000   0.0000   0.1713
  -3.750  -0.3249   0.05866   0.05364  -0.0311  1.0000  0.2282  -1.4883   0.0000   0.0000   0.0000   0.1526
  -3.500  -0.3133   0.05599   0.05098  -0.0302  1.0000  0.2437  -1.4518   0.0000   0.0000   0.0000   0.1519
  -2.750  -0.1602   0.03631   0.02902  -0.0587  1.0000  0.1180  -1.8283   0.0000   0.0000   0.0000  -0.1200
  -2.500  -0.1293   0.03337   0.02561  -0.0602  1.0000  0.1159  -1.8012   0.0000   0.0000   0.0000  -0.2199
  -2.250  -0.0984   0.03080   0.02248  -0.0614  1.0000  0.1155  -1.7668   0.0000   0.0000   0.0000  -0.3793
  -2.000  -0.0686   0.02876   0.01982  -0.0621  1.0000  0.1181  -1.7478   0.0000   0.0000   0.0000  -0.6635
  -1.750  -0.0426   0.02753   0.01823  -0.0623  1.0000  0.1256  -1.6843   0.0000   0.0000   0.0000  -1.2233
  -1.500  -0.0102   0.02644   0.01693  -0.0636  0.9977  0.1367  -1.5865   0.0000   0.0000   0.0000  -6.0234
  -1.250   0.0391   0.02547   0.01579  -0.0678  0.9893  0.1589  -1.4382   0.0000   0.0000   0.0000   1.9929
  -1.000   0.0878   0.02473   0.01493  -0.0718  0.9806  0.1947  -1.3083   0.0000   0.0000   0.0000   1.0720
  -0.750   0.1330   0.02406   0.01446  -0.0752  0.9709  0.2535  -1.1600   0.0000   0.0000   0.0000   0.8177
  -0.500   0.1804   0.02297   0.01396  -0.0791  0.9623  0.3900  -1.0009   0.0000   0.0000   0.0000   0.6895
  -0.250   0.2218   0.02129   0.01354  -0.0809  0.9517  1.0000  -0.8671   0.0000   0.0000   0.0000   0.6154
   0.000   0.2658   0.02179   0.01363  -0.0843  0.9388  1.0000  -0.7070   0.0000   0.0000   0.0000   0.5672
   0.250   0.3097   0.02225   0.01379  -0.0877  0.9264  1.0000  -0.5623   0.0000   0.0000   0.0000   0.5327
   0.500   0.3533   0.02264   0.01395  -0.0908  0.9142  1.0000  -0.5401   0.0000   0.0000   0.0000   0.5064
   0.750   0.3932   0.02300   0.01414  -0.0933  0.9014  1.0000  -0.5650   0.0000   0.0000   0.0000   0.4863
   1.000   0.4292   0.02334   0.01437  -0.0950  0.8876  1.0000  -0.5884   0.0000   0.0000   0.0000   0.4700
   1.250   0.4665   0.02365   0.01458  -0.0968  0.8748  1.0000  -0.6134   0.0000   0.0000   0.0000   0.4560
   1.500   0.5043   0.02391   0.01477  -0.0986  0.8624  1.0000  -0.6397   0.0000   0.0000   0.0000   0.4438
   1.750   0.5441   0.02408   0.01491  -0.1006  0.8511  1.0000  -0.6683   0.0000   0.0000   0.0000   0.4330
   2.000   0.5872   0.02413   0.01495  -0.1030  0.8409  1.0000  -0.7006   0.0000   0.0000   0.0000   0.4233
   2.250   0.6204   0.02435   0.01517  -0.1037  0.8285  1.0000  -0.7274   0.0000   0.0000   0.0000   0.4148
   2.500   0.6522   0.02459   0.01543  -0.1041  0.8162  1.0000  -0.7545   0.0000   0.0000   0.0000   0.4072
   2.750   0.6830   0.02486   0.01575  -0.1044  0.8039  1.0000  -0.7824   0.0000   0.0000   0.0000   0.4001
   3.000   0.7134   0.02513   0.01607  -0.1045  0.7919  1.0000  -0.8116   0.0000   0.0000   0.0000   0.3936
   3.250   0.7442   0.02538   0.01638  -0.1046  0.7803  1.0000  -0.8438   0.0000   0.0000   0.0000   0.3875
   3.500   0.7786   0.02545   0.01653  -0.1050  0.7699  1.0000  -0.9289   0.0000   0.0000   0.0000   0.3816
   3.750   0.8144   0.02540   0.01661  -0.1055  0.7599  1.0000  -1.0581   0.0000   0.0000   0.0000   0.3760
   4.000   0.8406   0.02581   0.01712  -0.1049  0.7471  1.0000  -1.1818   0.0000   0.0000   0.0000   0.3710
   4.250   0.8670   0.02621   0.01764  -0.1042  0.7345  1.0000  -1.3126   0.0000   0.0000   0.0000   0.3662
   4.500   0.8939   0.02658   0.01818  -0.1035  0.7219  1.0000  -1.4614   0.0000   0.0000   0.0000   0.3616
   4.750   0.9218   0.02688   0.01864  -0.1029  0.7093  1.0000  -1.6182   0.0000   0.0000   0.0000   0.3571
   5.000   0.9510   0.02707   0.01900  -0.1022  0.6965  1.0000  -1.7908   0.0000   0.0000   0.0000   0.3528
   5.250   0.9807   0.02718   0.01933  -0.1014  0.6831  1.0000  -1.9885   0.0000   0.0000   0.0000   0.3485
   5.500   1.0097   0.02720   0.01955  -0.1003  0.6678  1.0000  -2.2111   0.0000   0.0000   0.0000   0.3441
   5.750   1.0503   0.02544   0.01791  -0.0984  0.6424  1.0000  -2.5085   0.0000   0.0000   0.0000   0.3381
   6.000   1.0832   0.02333   0.01578  -0.0945  0.6002  1.0000  -2.8053   0.0000   0.0000   0.0000   0.3313
   6.250   1.1034   0.02276   0.01531  -0.0909  0.5622  1.0000  -3.0452   0.0000   0.0000   0.0000   0.3261
   6.500   1.1212   0.02220   0.01479  -0.0868  0.5159  1.0000  -3.2732   0.0000   0.0000   0.0000   0.3208
   6.750   1.1271   0.02200   0.01453  -0.0810  0.4398  1.0000  -3.4256   0.0000   0.0000   0.0000   0.3149
   7.000   1.1105   0.02382   0.01510  -0.0729  0.2424  1.0000  -3.4385   0.0000   0.0000   0.0000   0.3083
   7.250   1.1003   0.02726   0.01748  -0.0678  0.1560  1.0000  -3.4482   0.0000   0.0000   0.0000   0.3040
   7.500   1.1031   0.02972   0.01965  -0.0641  0.1281  1.0000  -3.5158   0.0000   0.0000   0.0000   0.3002
   7.750   1.1135   0.03188   0.02163  -0.0612  0.1103  1.0000  -3.6197   0.0000   0.0000   0.0000   0.2968
   8.000   1.1377   0.03417   0.02380  -0.0598  0.0969  1.0000  -3.7569   0.0000   0.0000   0.0000   0.2941
   8.250   1.1750   0.03707   0.02642  -0.0605  0.0853  1.0000  -3.9431   0.0000   0.0000   0.0000   0.2927
   8.500   1.2116   0.04020   0.02972  -0.0608  0.0786  1.0000  -4.1315   0.0000   0.0000   0.0000   0.2911
   8.750   1.2345   0.04316   0.03310  -0.0595  0.0735  1.0000  -4.2619   0.0000   0.0000   0.0000   0.2888
   9.000   1.2654   0.04725   0.03730  -0.0596  0.0710  1.0000  -4.4188   0.0000   0.0000   0.0000   0.2873
   9.250   1.2767   0.05075   0.04142  -0.0569  0.0701  1.0000  -4.4567   0.0000   0.0000   0.0000   0.2846
   9.500   1.2817   0.05427   0.04551  -0.0539  0.0690  1.0000  -4.4795   0.0000   0.0000   0.0000   0.2818
   9.750   1.2831   0.05789   0.04963  -0.0510  0.0680  1.0000  -4.4962   0.0000   0.0000   0.0000   0.2792
  10.000   1.2804   0.06169   0.05386  -0.0480  0.0677  1.0000  -4.4952   0.0000   0.0000   0.0000   0.2767
  10.250   1.2730   0.06569   0.05828  -0.0449  0.0683  1.0000  -4.4681   0.0000   0.0000   0.0000   0.2743
  10.500   1.2627   0.06975   0.06268  -0.0420  0.0692  1.0000  -4.4356   0.0000   0.0000   0.0000   0.2720
  10.750   1.2516   0.07378   0.06696  -0.0393  0.0701  1.0000  -4.4101   0.0000   0.0000   0.0000   0.2699
  11.000   1.2512   0.07865   0.07199  -0.0380  0.0712  1.0000  -4.4215   0.0000   0.0000   0.0000   0.2685
  11.250   1.2078   0.08184   0.07556  -0.0351  0.0722  1.0000  -4.2665   0.0000   0.0000   0.0000   0.2670
  11.500   1.1719   0.08697   0.08095  -0.0353  0.0733  1.0000  -4.1240   0.0000   0.0000   0.0000   0.2677
  11.750   1.1400   0.09320   0.08739  -0.0375  0.0744  1.0000  -3.9881   0.0000   0.0000   0.0000   0.2702
  12.000   1.1121   0.10033   0.09466  -0.0410  0.0758  1.0000  -3.8533   0.0000   0.0000   0.0000   0.2739
  12.250   1.0946   0.10741   0.10182  -0.0444  0.0772  1.0000  -3.7569   0.0000   0.0000   0.0000   0.2773
  12.500   0.9003   0.11120   0.10605  -0.0399  0.0844  1.0000  -3.0582   0.0000   0.0000   0.0000   0.2818
  16.500   0.7681   0.19758   0.19248  -0.0864  0.1396  1.0000  -1.3781   0.0000   0.0000   0.0000   0.3486
  17.000   0.7734   0.20428   0.19921  -0.0889  0.1309  1.0000  -1.3523   0.0000   0.0000   0.0000   0.3504
  17.500   0.7795   0.21114   0.20610  -0.0914  0.1234  1.0000  -1.3262   0.0000   0.0000   0.0000   0.3521
  18.000   0.7874   0.21830   0.21331  -0.0936  0.1161  1.0000  -1.3161   0.0000   0.0000   0.0000   0.3531
  18.500   0.7946   0.22537   0.22041  -0.0960  0.1082  1.0000  -1.3329   0.0000   0.0000   0.0000   0.3544
  19.000   0.8020   0.23256   0.22763  -0.0984  0.1004  1.0000  -1.3486   0.0000   0.0000   0.0000   0.3555
  19.500   0.8090   0.23955   0.23467  -0.1009  0.0934  1.0000  -1.3556   0.0000   0.0000   0.0000   0.3569
  20.000   0.8096   0.24595   0.24110  -0.1048  0.0885  1.0000  -1.2978   0.0000   0.0000   0.0000   0.3609


