xflr5 v6.61

 Calculated polar for: NACA4412_7_20

 1 1 Reynolds number fixed          Mach number fixed         

 xtrf =   1.000 (top)        1.000 (bottom)
 Mach =   0.200     Re =     0.025 e 6     Ncrit =   7.000

  alpha     CL        CD       CDp       Cm    Top Xtr Bot Xtr   Cpmin    Chinge    XCp    
 ------- -------- --------- --------- -------- ------- ------- -------- --------- ---------
 -30.000  -0.9908   0.36457   0.35393   0.1228  1.0000  0.0489  -1.6949   0.0000   0.0000   0.0000   0.3493
 -29.500  -0.9768   0.36005   0.34935   0.1176  1.0000  0.0507  -1.6782   0.0000   0.0000   0.0000   0.3468
 -29.000  -0.9626   0.35683   0.34608   0.1120  1.0000  0.0518  -1.6730   0.0000   0.0000   0.0000   0.3438
 -28.500  -0.9479   0.35036   0.33958   0.1073  1.0000  0.0530  -1.6397   0.0000   0.0000   0.0000   0.3415
 -28.000  -0.9329   0.34445   0.33362   0.1025  1.0000  0.0549  -1.6267   0.0000   0.0000   0.0000   0.3391
 -27.500  -0.9178   0.33970   0.32881   0.0974  1.0000  0.0568  -1.6284   0.0000   0.0000   0.0000   0.3363
 -27.000  -0.9028   0.33638   0.32546   0.0921  1.0000  0.0579  -1.6448   0.0000   0.0000   0.0000   0.3330
 -26.500  -0.8868   0.32913   0.31818   0.0877  1.0000  0.0594  -1.6239   0.0000   0.0000   0.0000   0.3306
 -26.000  -0.8708   0.32330   0.31230   0.0830  1.0000  0.0618  -1.6093   0.0000   0.0000   0.0000   0.3279
 -25.500  -0.8551   0.31916   0.30813   0.0780  1.0000  0.0638  -1.6132   0.0000   0.0000   0.0000   0.3246
 -25.000  -0.8389   0.31340   0.30236   0.0733  1.0000  0.0653  -1.6043   0.0000   0.0000   0.0000   0.3215
 -24.500  -0.8221   0.30689   0.29580   0.0691  1.0000  0.0684  -1.5770   0.0000   0.0000   0.0000   0.3187
 -24.000  -0.8063   0.30323   0.29212   0.0640  1.0000  0.0708  -1.5801   0.0000   0.0000   0.0000   0.3149
 -23.500  -0.7890   0.29593   0.28481   0.0600  1.0000  0.0731  -1.5483   0.0000   0.0000   0.0000   0.3121
 -23.000  -0.7721   0.29046   0.27931   0.0556  1.0000  0.0765  -1.5271   0.0000   0.0000   0.0000   0.3087
 -22.500  -0.7568   0.28735   0.27623   0.0506  1.0000  0.0782  -1.5298   0.0000   0.0000   0.0000   0.3042
 -22.000  -0.7380   0.27854   0.26737   0.0472  1.0000  0.0817  -1.4752   0.0000   0.0000   0.0000   0.3017
 -21.500  -0.7220   0.27436   0.26318   0.0426  1.0000  0.0848  -1.4802   0.0000   0.0000   0.0000   0.2974
 -21.000  -0.7040   0.26718   0.25601   0.0388  1.0000  0.0875  -1.4699   0.0000   0.0000   0.0000   0.2940
 -20.500  -0.6872   0.26185   0.25067   0.0348  1.0000  0.0917  -1.4701   0.0000   0.0000   0.0000   0.2899
 -20.000  -0.6700   0.25567   0.24449   0.0309  1.0000  0.0947  -1.4668   0.0000   0.0000   0.0000   0.2859
 -19.500  -0.6535   0.25035   0.23917   0.0270  1.0000  0.0998  -1.4631   0.0000   0.0000   0.0000   0.2816
 -19.000  -0.6356   0.24338   0.23222   0.0236  1.0000  0.1040  -1.4466   0.0000   0.0000   0.0000   0.2777
 -18.500  -0.6214   0.23968   0.22853   0.0195  1.0000  0.1087  -1.4568   0.0000   0.0000   0.0000   0.2724
 -18.000  -0.6021   0.23144   0.22030   0.0166  1.0000  0.1140  -1.4222   0.0000   0.0000   0.0000   0.2689
 -17.500  -0.5882   0.22713   0.21605   0.0127  1.0000  0.1180  -1.4274   0.0000   0.0000   0.0000   0.2634
 -17.000  -0.5704   0.22005   0.20897   0.0098  1.0000  0.1245  -1.3963   0.0000   0.0000   0.0000   0.2593
 -16.500  -0.5535   0.21328   0.20221   0.0069  1.0000  0.1295  -1.3707   0.0000   0.0000   0.0000   0.2548
 -16.000  -0.5432   0.21015   0.19914   0.0032  1.0000  0.1350  -1.3778   0.0000   0.0000   0.0000   0.2487
 -15.500  -0.5250   0.20236   0.19138   0.0009  1.0000  0.1432  -1.3650   0.0000   0.0000   0.0000   0.2446
 -15.000  -0.5087   0.19545   0.18449  -0.0015  1.0000  0.1514  -1.3624   0.0000   0.0000   0.0000   0.2401
 -14.500  -0.4937   0.18899   0.17808  -0.0039  1.0000  0.1598  -1.3636   0.0000   0.0000   0.0000   0.2354
 -14.000  -0.4798   0.18275   0.17189  -0.0062  1.0000  0.1685  -1.3662   0.0000   0.0000   0.0000   0.2306
 -13.500  -0.4668   0.17665   0.16586  -0.0084  1.0000  0.1773  -1.3697   0.0000   0.0000   0.0000   0.2258
 -13.000  -0.4546   0.17062   0.15987  -0.0104  1.0000  0.1867  -1.3723   0.0000   0.0000   0.0000   0.2212
 -12.500  -0.4425   0.16445   0.15378  -0.0121  1.0000  0.1971  -1.3706   0.0000   0.0000   0.0000   0.2167
 -12.000  -0.4300   0.15804   0.14744  -0.0135  1.0000  0.2097  -1.3615   0.0000   0.0000   0.0000   0.2127
 -11.500  -0.4210   0.15248   0.14196  -0.0149  1.0000  0.2244  -1.3585   0.0000   0.0000   0.0000   0.2091
 -11.000  -0.4162   0.14764   0.13726  -0.0162  1.0000  0.2383  -1.3650   0.0000   0.0000   0.0000   0.2059
 -10.500  -0.3996   0.13991   0.12957  -0.0164  1.0000  0.2581  -1.3267   0.0000   0.0000   0.0000   0.2036
 -10.000  -0.3913   0.13393   0.12372  -0.0169  1.0000  0.2754  -1.3147   0.0000   0.0000   0.0000   0.2017
  -9.500  -0.3861   0.12873   0.11865  -0.0169  1.0000  0.2966  -1.3296   0.0000   0.0000   0.0000   0.2013
  -9.000  -0.3764   0.12239   0.11244  -0.0163  1.0000  0.3214  -1.3303   0.0000   0.0000   0.0000   0.2019
  -8.500  -0.3614   0.11509   0.10523  -0.0150  1.0000  0.3542  -1.3139   0.0000   0.0000   0.0000   0.2039
  -8.000  -0.3517   0.10890   0.09919  -0.0127  1.0000  0.3961  -1.3006   0.0000   0.0000   0.0000   0.2094
  -7.500  -0.3401   0.10243   0.09288  -0.0094  1.0000  0.4484  -1.2773   0.0000   0.0000   0.0000   0.2178
  -7.000  -0.3223   0.09537   0.08593  -0.0050  1.0000  0.5225  -1.2353   0.0000   0.0000   0.0000   0.2299
  -6.500  -0.0599   0.06214   0.05165  -0.0339  1.0000  1.0000  -0.9358   0.0000   0.0000   0.0000  -0.3447
  -6.000  -0.0828   0.06163   0.05140  -0.0252  1.0000  0.9734  -0.9624   0.0000   0.0000   0.0000  -0.0731
  -5.500  -0.1729   0.06656   0.05699  -0.0046  1.0000  0.8574  -1.0438   0.0000   0.0000   0.0000   0.2157
  -5.000  -0.2700   0.07102   0.06217   0.0073  1.0000  0.6969  -1.1572   0.0000   0.0000   0.0000   0.2729
  -4.000  -0.2956   0.06328   0.05432  -0.0402  1.0000  0.2027  -1.6893   0.0000   0.0000   0.0000   0.1119
  -3.500  -0.2430   0.05508   0.04553  -0.0490  1.0000  0.1818  -1.7485   0.0000   0.0000   0.0000   0.0463
  -3.000  -0.1868   0.04798   0.03774  -0.0550  1.0000  0.1782  -1.7392   0.0000   0.0000   0.0000  -0.0472
  -2.500  -0.1250   0.04199   0.03079  -0.0601  1.0000  0.1858  -1.6821   0.0000   0.0000   0.0000  -0.2345
  -2.000  -0.0631   0.03748   0.02515  -0.0631  1.0000  0.2058  -1.5715   0.0000   0.0000   0.0000  -0.7573
  -1.500  -0.0021   0.03425   0.02099  -0.0646  1.0000  0.2460  -1.4389   0.0000   0.0000   0.0000  -30.3239
  -1.000   0.0566   0.03157   0.01784  -0.0653  1.0000  0.3257  -1.2659   0.0000   0.0000   0.0000   1.4079
  -0.500   0.1061   0.02705   0.01551  -0.0629  1.0000  0.6533  -1.1284   0.0000   0.0000   0.0000   0.8447
   0.000   0.1470   0.02744   0.01432  -0.0616  1.0000  1.0000  -0.9652   0.0000   0.0000   0.0000   0.6696
   0.500   0.1876   0.02876   0.01470  -0.0612  1.0000  1.0000  -0.7610   0.0000   0.0000   0.0000   0.5755
   1.000   0.2257   0.03033   0.01566  -0.0609  1.0000  1.0000  -0.5739   0.0000   0.0000   0.0000   0.5183
   1.500   0.2621   0.03214   0.01701  -0.0607  1.0000  1.0000  -0.4723   0.0000   0.0000   0.0000   0.4798
   2.000   0.2971   0.03419   0.01876  -0.0607  1.0000  1.0000  -0.4909   0.0000   0.0000   0.0000   0.4521
   2.500   0.3444   0.03681   0.02114  -0.0634  0.9926  1.0000  -0.5178   0.0000   0.0000   0.0000   0.4315
   3.000   0.4231   0.04021   0.02443  -0.0718  0.9624  1.0000  -0.5673   0.0000   0.0000   0.0000   0.4166
   3.500   0.4915   0.04342   0.02768  -0.0779  0.9328  1.0000  -0.6157   0.0000   0.0000   0.0000   0.4050
   4.000   0.5549   0.04661   0.03103  -0.0827  0.9038  1.0000  -0.6677   0.0000   0.0000   0.0000   0.3953
   4.500   0.6102   0.04981   0.03452  -0.0860  0.8748  1.0000  -0.7354   0.0000   0.0000   0.0000   0.3867
   5.000   0.6623   0.05315   0.03820  -0.0886  0.8455  1.0000  -0.9076   0.0000   0.0000   0.0000   0.3791
   5.500   0.7172   0.05667   0.04222  -0.0913  0.8154  1.0000  -1.1360   0.0000   0.0000   0.0000   0.3722
   6.000   0.7611   0.06032   0.04639  -0.0923  0.7832  1.0000  -1.3757   0.0000   0.0000   0.0000   0.3657
   6.500   0.8091   0.06408   0.05085  -0.0933  0.7475  1.0000  -1.6629   0.0000   0.0000   0.0000   0.3593
   7.000   0.8552   0.06781   0.05535  -0.0933  0.7052  1.0000  -1.9889   0.0000   0.0000   0.0000   0.3526
   7.500   0.9177   0.07003   0.05872  -0.0916  0.6417  1.0000  -2.4182   0.0000   0.0000   0.0000   0.3428
   8.000   1.0772   0.04584   0.03389  -0.0538  0.2265  1.0000  -3.4941   0.0000   0.0000   0.0000   0.2919
   8.500   1.1060   0.05267   0.04036  -0.0499  0.1705  1.0000  -3.6237   0.0000   0.0000   0.0000   0.2865
   9.000   1.1500   0.06050   0.04863  -0.0481  0.1424  1.0000  -3.7974   0.0000   0.0000   0.0000   0.2826
   9.500   1.1688   0.06905   0.05806  -0.0456  0.1299  1.0000  -3.8909   0.0000   0.0000   0.0000   0.2794
  10.000   1.1695   0.07823   0.06796  -0.0432  0.1252  1.0000  -3.9081   0.0000   0.0000   0.0000   0.2768
  10.500   1.1389   0.08797   0.07827  -0.0416  0.1251  1.0000  -3.7937   0.0000   0.0000   0.0000   0.2760
  11.500   1.0418   0.11666   0.10747  -0.0546  0.1335  1.0000  -3.2435   0.0000   0.0000   0.0000   0.2911
  12.000   1.0038   0.13508   0.12576  -0.0667  0.1407  1.0000  -2.8883   0.0000   0.0000   0.0000   0.3049
  12.500   0.9950   0.14861   0.13919  -0.0732  0.1430  1.0000  -2.7370   0.0000   0.0000   0.0000   0.3117
  13.000   0.9837   0.16227   0.15272  -0.0812  0.1494  1.0000  -2.5411   0.0000   0.0000   0.0000   0.3203
  13.500   0.9826   0.17449   0.16488  -0.0878  0.1577  1.0000  -2.4073   0.0000   0.0000   0.0000   0.3266
  14.000   0.9865   0.18641   0.17676  -0.0941  0.1711  1.0000  -2.2916   0.0000   0.0000   0.0000   0.3322
  14.500   0.9684   0.20488   0.19520  -0.1132  0.3197  1.0000  -1.8913   0.0000   0.0000   0.0000   0.3535
  15.000   0.9799   0.21319   0.20352  -0.1170  0.3194  1.0000  -1.8706   0.0000   0.0000   0.0000   0.3554
  15.500   1.0013   0.22345   0.21383  -0.1197  0.3097  1.0000  -1.8835   0.0000   0.0000   0.0000   0.3549
  16.000   1.0082   0.22874   0.21911  -0.1235  0.3010  1.0000  -1.8524   0.0000   0.0000   0.0000   0.3571
  16.500   1.0226   0.23612   0.22649  -0.1269  0.2905  1.0000  -1.8402   0.0000   0.0000   0.0000   0.3580
  17.000   1.0398   0.24395   0.23437  -0.1299  0.2763  1.0000  -1.8374   0.0000   0.0000   0.0000   0.3581
  17.500   1.0590   0.25263   0.24310  -0.1327  0.2623  1.0000  -1.8573   0.0000   0.0000   0.0000   0.3577
  18.000   1.0747   0.25988   0.25035  -0.1362  0.2507  1.0000  -1.8800   0.0000   0.0000   0.0000   0.3584
  18.500   1.0913   0.26740   0.25790  -0.1397  0.2389  1.0000  -1.9033   0.0000   0.0000   0.0000   0.3588
  19.000   1.1098   0.27607   0.26660  -0.1429  0.2264  1.0000  -1.9320   0.0000   0.0000   0.0000   0.3588
  19.500   1.1233   0.28160   0.27214  -0.1470  0.2146  1.0000  -1.9358   0.0000   0.0000   0.0000   0.3600
  20.000   1.1385   0.28789   0.27843  -0.1511  0.2033  1.0000  -1.9424   0.0000   0.0000   0.0000   0.3609


