xflr5 v6.61

 Calculated polar for: NACA4412_9_00

 1 1 Reynolds number fixed          Mach number fixed         

 xtrf =   1.000 (top)        1.000 (bottom)
 Mach =   0.200     Re =     0.070 e 6     Ncrit =   9.000

  alpha     CL        CD       CDp       Cm    Top Xtr Bot Xtr   Cpmin    Chinge    XCp    
 ------- -------- --------- --------- -------- ------- ------- -------- --------- ---------
 -19.000  -0.5784   0.23177   0.22481   0.0118  1.0000  0.0479  -1.4207   0.0000   0.0000   0.0000   0.2565
 -18.500  -0.5612   0.22570   0.21873   0.0083  1.0000  0.0503  -1.3903   0.0000   0.0000   0.0000   0.2513
 -18.000  -0.5472   0.22138   0.21444   0.0037  1.0000  0.0519  -1.4535   0.0000   0.0000   0.0000   0.2438
 -17.500  -0.5281   0.21337   0.20644   0.0014  1.0000  0.0537  -1.4147   0.0000   0.0000   0.0000   0.2399
 -17.000  -0.5118   0.20735   0.20043  -0.0018  1.0000  0.0567  -1.4197   0.0000   0.0000   0.0000   0.2340
 -16.500  -0.4981   0.20197   0.19509  -0.0057  1.0000  0.0585  -1.4639   0.0000   0.0000   0.0000   0.2266
 -16.000  -0.4800   0.19486   0.18799  -0.0079  1.0000  0.0623  -1.4231   0.0000   0.0000   0.0000   0.2218
 -15.500  -0.4717   0.19134   0.18451  -0.0124  1.0000  0.0645  -1.5047   0.0000   0.0000   0.0000   0.2125
 -15.000  -0.4503   0.18237   0.17556  -0.0135  1.0000  0.0676  -1.4247   0.0000   0.0000   0.0000   0.2089
 -14.500  -0.4404   0.17761   0.17083  -0.0171  1.0000  0.0709  -1.4683   0.0000   0.0000   0.0000   0.2004
 -14.000  -0.4231   0.16996   0.16321  -0.0186  1.0000  0.0736  -1.4227   0.0000   0.0000   0.0000   0.1953
 -13.500  -0.4135   0.16477   0.15806  -0.0216  1.0000  0.0776  -1.4451   0.0000   0.0000   0.0000   0.1874
 -13.000  -0.3984   0.15758   0.15091  -0.0231  1.0000  0.0808  -1.4062   0.0000   0.0000   0.0000   0.1818
 -12.500  -0.3952   0.15347   0.14686  -0.0265  1.0000  0.0853  -1.4601   0.0000   0.0000   0.0000   0.1733
 -12.000  -0.3769   0.14556   0.13898  -0.0270  1.0000  0.0910  -1.4160   0.0000   0.0000   0.0000   0.1687
 -11.500  -0.3684   0.13948   0.13298  -0.0289  1.0000  0.0947  -1.4421   0.0000   0.0000   0.0000   0.1622
 -11.000  -0.3637   0.13443   0.12800  -0.0310  1.0000  0.1003  -1.4792   0.0000   0.0000   0.0000   0.1558
 -10.500  -0.3498   0.12736   0.12099  -0.0314  1.0000  0.1052  -1.4507   0.0000   0.0000   0.0000   0.1516
 -10.000  -0.3494   0.12227   0.11600  -0.0333  1.0000  0.1099  -1.5004   0.0000   0.0000   0.0000   0.1465
  -9.750  -0.3403   0.11874   0.11250  -0.0328  1.0000  0.1138  -1.4625   0.0000   0.0000   0.0000   0.1456
  -9.500  -0.3469   0.11727   0.11111  -0.0343  1.0000  0.1169  -1.5163   0.0000   0.0000   0.0000   0.1437
  -9.250  -0.3367   0.11323   0.10710  -0.0333  1.0000  0.1205  -1.4695   0.0000   0.0000   0.0000   0.1435
  -9.000  -0.3397   0.11127   0.10522  -0.0339  1.0000  0.1250  -1.4926   0.0000   0.0000   0.0000   0.1431
  -8.750  -0.3379   0.10825   0.10227  -0.0337  1.0000  0.1278  -1.4894   0.0000   0.0000   0.0000   0.1434
  -8.500  -0.3352   0.10562   0.09969  -0.0331  1.0000  0.1326  -1.4727   0.0000   0.0000   0.0000   0.1444
  -8.250  -0.3524   0.10500   0.09922  -0.0340  1.0000  0.1348  -1.5510   0.0000   0.0000   0.0000   0.1476
  -8.000  -0.3367   0.10052   0.09474  -0.0320  1.0000  0.1390  -1.4706   0.0000   0.0000   0.0000   0.1487
  -7.750  -0.3469   0.09908   0.09342  -0.0314  1.0000  0.1430  -1.5012   0.0000   0.0000   0.0000   0.1538
  -7.500  -0.3729   0.09901   0.09354  -0.0301  1.0000  0.1441  -1.5823   0.0000   0.0000   0.0000   0.1643
  -7.250  -0.3533   0.09434   0.08886  -0.0280  1.0000  0.1492  -1.4950   0.0000   0.0000   0.0000   0.1656
  -7.000  -0.3724   0.09351   0.08817  -0.0259  1.0000  0.1523  -1.5382   0.0000   0.0000   0.0000   0.1760
  -6.500  -0.3818   0.08887   0.08368  -0.0225  1.0000  0.1589  -1.5456   0.0000   0.0000   0.0000   0.1871
  -6.250  -0.4008   0.08770   0.08264  -0.0248  1.0000  0.1631  -1.6245   0.0000   0.0000   0.0000   0.1849
  -6.000  -0.3955   0.08445   0.07942  -0.0210  1.0000  0.1667  -1.5781   0.0000   0.0000   0.0000   0.1936
  -5.750  -0.4067   0.08271   0.07772  -0.0247  1.0000  0.1731  -1.6469   0.0000   0.0000   0.0000   0.1864
  -5.500  -0.4015   0.07963   0.07471  -0.0200  1.0000  0.1777  -1.5883   0.0000   0.0000   0.0000   0.1972
  -5.250  -0.4039   0.07701   0.07213  -0.0219  1.0000  0.1851  -1.6133   0.0000   0.0000   0.0000   0.1932
  -5.000  -0.4021   0.07440   0.06952  -0.0237  1.0000  0.1946  -1.6235   0.0000   0.0000   0.0000   0.1886
  -4.750  -0.3974   0.07171   0.06683  -0.0243  1.0000  0.2051  -1.6128   0.0000   0.0000   0.0000   0.1864
  -4.500  -0.3909   0.06894   0.06405  -0.0246  1.0000  0.2160  -1.5929   0.0000   0.0000   0.0000   0.1847
  -4.000  -0.3733   0.06325   0.05835  -0.0248  1.0000  0.2390  -1.5347   0.0000   0.0000   0.0000   0.1813
  -3.000  -0.2245   0.03858   0.03147  -0.0533  1.0000  0.1233  -1.8849   0.0000   0.0000   0.0000   0.0087
  -2.750  -0.1928   0.03491   0.02711  -0.0554  1.0000  0.1194  -1.9059   0.0000   0.0000   0.0000  -0.0420
  -2.500  -0.1616   0.03278   0.02450  -0.0570  0.9986  0.1236  -1.8525   0.0000   0.0000   0.0000  -0.1079
  -2.250  -0.1106   0.03052   0.02165  -0.0617  0.9912  0.1302  -1.7707   0.0000   0.0000   0.0000  -0.3148
  -2.000  -0.0616   0.02899   0.01959  -0.0657  0.9828  0.1423  -1.6800   0.0000   0.0000   0.0000  -0.8291
  -1.750  -0.0147   0.02796   0.01835  -0.0695  0.9738  0.1602  -1.5537   0.0000   0.0000   0.0000  -4.5223
  -1.500   0.0313   0.02716   0.01742  -0.0730  0.9646  0.1856  -1.4151   0.0000   0.0000   0.0000   2.6049
  -1.250   0.0760   0.02652   0.01683  -0.0763  0.9548  0.2217  -1.2771   0.0000   0.0000   0.0000   1.2606
  -1.000   0.1170   0.02593   0.01635  -0.0788  0.9442  0.2738  -1.1501   0.0000   0.0000   0.0000   0.9278
  -0.750   0.1620   0.02511   0.01591  -0.0821  0.9349  0.3661  -1.0071   0.0000   0.0000   0.0000   0.7586
  -0.500   0.2037   0.02278   0.01547  -0.0836  0.9257  1.0000  -0.8816   0.0000   0.0000   0.0000   0.6616
  -0.250   0.2473   0.02319   0.01533  -0.0866  0.9141  1.0000  -0.7457   0.0000   0.0000   0.0000   0.6007
   0.000   0.2890   0.02354   0.01536  -0.0893  0.9022  1.0000  -0.6210   0.0000   0.0000   0.0000   0.5589
   0.250   0.3269   0.02387   0.01546  -0.0912  0.8898  1.0000  -0.5624   0.0000   0.0000   0.0000   0.5287
   0.500   0.3672   0.02414   0.01553  -0.0935  0.8784  1.0000  -0.5880   0.0000   0.0000   0.0000   0.5039
   0.750   0.4039   0.02441   0.01565  -0.0951  0.8663  1.0000  -0.6123   0.0000   0.0000   0.0000   0.4845
   1.000   0.4392   0.02467   0.01579  -0.0965  0.8543  1.0000  -0.6365   0.0000   0.0000   0.0000   0.4683
   1.250   0.4732   0.02494   0.01597  -0.0975  0.8423  1.0000  -0.6605   0.0000   0.0000   0.0000   0.4544
   1.500   0.5063   0.02521   0.01616  -0.0984  0.8304  1.0000  -0.6850   0.0000   0.0000   0.0000   0.4424
   1.750   0.5390   0.02549   0.01639  -0.0991  0.8188  1.0000  -0.7099   0.0000   0.0000   0.0000   0.4318
   2.000   0.5729   0.02572   0.01659  -0.1000  0.8080  1.0000  -0.7367   0.0000   0.0000   0.0000   0.4221
   2.250   0.6186   0.02549   0.01634  -0.1022  0.8008  1.0000  -0.7738   0.0000   0.0000   0.0000   0.4127
   2.500   0.6453   0.02587   0.01671  -0.1019  0.7886  1.0000  -0.7977   0.0000   0.0000   0.0000   0.4051
   2.750   0.6717   0.02629   0.01713  -0.1015  0.7767  1.0000  -0.8227   0.0000   0.0000   0.0000   0.3981
   3.000   0.6993   0.02667   0.01754  -0.1012  0.7654  1.0000  -0.8499   0.0000   0.0000   0.0000   0.3916
   3.250   0.7352   0.02667   0.01758  -0.1019  0.7565  1.0000  -0.8861   0.0000   0.0000   0.0000   0.3851
   3.500   0.7677   0.02679   0.01774  -0.1021  0.7466  1.0000  -0.9224   0.0000   0.0000   0.0000   0.3793
   3.750   0.7909   0.02736   0.01838  -0.1012  0.7345  1.0000  -0.9544   0.0000   0.0000   0.0000   0.3740
   4.000   0.8160   0.02785   0.01894  -0.1005  0.7230  1.0000  -1.0254   0.0000   0.0000   0.0000   0.3690
   4.250   0.8496   0.02789   0.01906  -0.1006  0.7137  1.0000  -1.1318   0.0000   0.0000   0.0000   0.3640
   4.500   0.8825   0.02793   0.01921  -0.1006  0.7036  1.0000  -1.2532   0.0000   0.0000   0.0000   0.3593
   4.750   0.9046   0.02855   0.01994  -0.0994  0.6911  1.0000  -1.3585   0.0000   0.0000   0.0000   0.3550
   5.000   0.9286   0.02907   0.02058  -0.0984  0.6788  1.0000  -1.4798   0.0000   0.0000   0.0000   0.3509
   5.250   0.9558   0.02939   0.02102  -0.0976  0.6669  1.0000  -1.6135   0.0000   0.0000   0.0000   0.3467
   5.500   0.9880   0.02937   0.02116  -0.0971  0.6553  1.0000  -1.7749   0.0000   0.0000   0.0000   0.3427
   5.750   1.0234   0.02907   0.02100  -0.0968  0.6431  1.0000  -1.9579   0.0000   0.0000   0.0000   0.3387
   6.000   1.0511   0.02910   0.02118  -0.0956  0.6280  1.0000  -2.1213   0.0000   0.0000   0.0000   0.3347
   6.250   1.0767   0.02896   0.02121  -0.0937  0.6089  1.0000  -2.2837   0.0000   0.0000   0.0000   0.3305
   6.500   1.1170   0.02726   0.01956  -0.0921  0.5839  1.0000  -2.5393   0.0000   0.0000   0.0000   0.3256
   6.750   1.1463   0.02620   0.01852  -0.0897  0.5548  1.0000  -2.7760   0.0000   0.0000   0.0000   0.3210
   7.000   1.1695   0.02559   0.01800  -0.0868  0.5246  1.0000  -2.9890   0.0000   0.0000   0.0000   0.3166
   7.250   1.1881   0.02515   0.01765  -0.0835  0.4911  1.0000  -3.1842   0.0000   0.0000   0.0000   0.3123
   7.500   1.2010   0.02482   0.01738  -0.0793  0.4505  1.0000  -3.3546   0.0000   0.0000   0.0000   0.3077
   7.750   1.2036   0.02482   0.01737  -0.0739  0.3917  1.0000  -3.4741   0.0000   0.0000   0.0000   0.3026
   8.000   1.1913   0.02589   0.01787  -0.0667  0.2889  1.0000  -3.5212   0.0000   0.0000   0.0000   0.2969
   8.250   1.1732   0.02855   0.01964  -0.0602  0.2074  1.0000  -3.5284   0.0000   0.0000   0.0000   0.2919
   8.500   1.1642   0.03121   0.02179  -0.0554  0.1674  1.0000  -3.5644   0.0000   0.0000   0.0000   0.2878
   8.750   1.1646   0.03362   0.02389  -0.0519  0.1435  1.0000  -3.6396   0.0000   0.0000   0.0000   0.2844
   9.000   1.1757   0.03581   0.02588  -0.0494  0.1248  1.0000  -3.7553   0.0000   0.0000   0.0000   0.2815
   9.250   1.2026   0.03809   0.02789  -0.0486  0.1089  1.0000  -3.9318   0.0000   0.0000   0.0000   0.2796
   9.500   1.2402   0.04076   0.03066  -0.0492  0.0969  1.0000  -4.1199   0.0000   0.0000   0.0000   0.2785
   9.750   1.2741   0.04375   0.03375  -0.0497  0.0881  1.0000  -4.2991   0.0000   0.0000   0.0000   0.2775
  10.000   1.3022   0.04712   0.03737  -0.0495  0.0829  1.0000  -4.4326   0.0000   0.0000   0.0000   0.2762
  10.250   1.3251   0.05062   0.04115  -0.0487  0.0796  1.0000  -4.5445   0.0000   0.0000   0.0000   0.2746
  10.500   1.3369   0.05415   0.04501  -0.0469  0.0768  1.0000  -4.6436   0.0000   0.0000   0.0000   0.2726
  10.750   1.3343   0.05731   0.04864  -0.0436  0.0750  1.0000  -4.6745   0.0000   0.0000   0.0000   0.2699
  11.000   1.3321   0.06063   0.05231  -0.0406  0.0735  1.0000  -4.7134   0.0000   0.0000   0.0000   0.2675
  11.250   1.3244   0.06413   0.05617  -0.0374  0.0732  1.0000  -4.7194   0.0000   0.0000   0.0000   0.2649
  11.500   1.3102   0.06771   0.06010  -0.0341  0.0733  1.0000  -4.6950   0.0000   0.0000   0.0000   0.2624
  11.750   1.2900   0.07151   0.06424  -0.0312  0.0737  1.0000  -4.6440   0.0000   0.0000   0.0000   0.2602
  12.000   1.2671   0.07571   0.06875  -0.0292  0.0742  1.0000  -4.5781   0.0000   0.0000   0.0000   0.2588
  12.250   1.2425   0.08042   0.07371  -0.0284  0.0748  1.0000  -4.5014   0.0000   0.0000   0.0000   0.2582
  12.500   1.2173   0.08569   0.07923  -0.0287  0.0755  1.0000  -4.4159   0.0000   0.0000   0.0000   0.2585
  12.750   1.1922   0.09156   0.08531  -0.0300  0.0762  1.0000  -4.3234   0.0000   0.0000   0.0000   0.2598
  13.000   1.1685   0.09797   0.09189  -0.0323  0.0770  1.0000  -4.2278   0.0000   0.0000   0.0000   0.2620
  13.250   1.1485   0.10469   0.09873  -0.0350  0.0777  1.0000  -4.1402   0.0000   0.0000   0.0000   0.2645
  13.500   1.0729   0.12117   0.11544  -0.0481  0.0833  1.0000  -3.6108   0.0000   0.0000   0.0000   0.2788
  13.750   1.0076   0.14576   0.13995  -0.0656  0.0977  1.0000  -2.8848   0.0000   0.0000   0.0000   0.2997
  14.000   1.0080   0.15215   0.14634  -0.0678  0.1003  1.0000  -2.8297   0.0000   0.0000   0.0000   0.3016
  14.500   0.9655   0.18683   0.18086  -0.0907  0.1944  1.0000  -2.0118   0.0000   0.0000   0.0000   0.3290
  14.750   0.9539   0.19028   0.18425  -0.0947  0.1904  1.0000  -1.9323   0.0000   0.0000   0.0000   0.3339
  15.000   0.9653   0.19461   0.18862  -0.0953  0.1849  1.0000  -1.9531   0.0000   0.0000   0.0000   0.3330
  15.500   0.9822   0.20354   0.19758  -0.0974  0.1729  1.0000  -1.9929   0.0000   0.0000   0.0000   0.3328
  16.000   0.9913   0.21140   0.20542  -0.1011  0.1629  1.0000  -1.9913   0.0000   0.0000   0.0000   0.3349
  16.500   1.0034   0.21937   0.21340  -0.1046  0.1533  1.0000  -1.9992   0.0000   0.0000   0.0000   0.3364
  17.000   1.0105   0.22614   0.22015  -0.1093  0.1432  1.0000  -1.9729   0.0000   0.0000   0.0000   0.3396
  17.500   1.0201   0.23296   0.22695  -0.1140  0.1327  1.0000  -1.9536   0.0000   0.0000   0.0000   0.3423
  18.000   1.0357   0.24073   0.23474  -0.1175  0.1247  1.0000  -1.9641   0.0000   0.0000   0.0000   0.3432
  18.500   1.0551   0.24932   0.24336  -0.1201  0.1171  1.0000  -1.9998   0.0000   0.0000   0.0000   0.3427
  19.000   1.0685   0.25612   0.25018  -0.1245  0.1094  1.0000  -1.9886   0.0000   0.0000   0.0000   0.3445
  19.500   1.0787   0.26213   0.25616  -0.1300  0.1022  1.0000  -1.9678   0.0000   0.0000   0.0000   0.3476
  20.000   1.0918   0.26886   0.26290  -0.1349  0.0953  1.0000  -1.9752   0.0000   0.0000   0.0000   0.3497


