xflr5 v6.61

 Calculated polar for: NACA4412_7_20

 1 1 Reynolds number fixed          Mach number fixed         

 xtrf =   1.000 (top)        1.000 (bottom)
 Mach =   0.200     Re =     0.050 e 6     Ncrit =   7.000

  alpha     CL        CD       CDp       Cm    Top Xtr Bot Xtr   Cpmin    Chinge    XCp    
 ------- -------- --------- --------- -------- ------- ------- -------- --------- ---------
 -20.000  -0.6605   0.24990   0.24185   0.0308  1.0000  0.0427  -1.4705   0.0000   0.0000   0.0000   0.2862
 -19.500  -0.6431   0.24408   0.23603   0.0268  1.0000  0.0451  -1.4735   0.0000   0.0000   0.0000   0.2817
 -19.000  -0.6274   0.23971   0.23170   0.0222  1.0000  0.0463  -1.5184   0.0000   0.0000   0.0000   0.2757
 -18.500  -0.6084   0.23153   0.22349   0.0194  1.0000  0.0487  -1.4616   0.0000   0.0000   0.0000   0.2727
 -18.000  -0.5917   0.22583   0.21780   0.0156  1.0000  0.0511  -1.4650   0.0000   0.0000   0.0000   0.2674
 -17.500  -0.5764   0.22073   0.21274   0.0115  1.0000  0.0522  -1.4889   0.0000   0.0000   0.0000   0.2614
 -17.000  -0.5578   0.21296   0.20497   0.0089  1.0000  0.0549  -1.4322   0.0000   0.0000   0.0000   0.2577
 -16.500  -0.5425   0.20755   0.19956   0.0051  1.0000  0.0575  -1.4373   0.0000   0.0000   0.0000   0.2516
 -16.000  -0.5262   0.20087   0.19292   0.0021  1.0000  0.0592  -1.4161   0.0000   0.0000   0.0000   0.2463
 -15.500  -0.5098   0.19438   0.18644  -0.0007  1.0000  0.0625  -1.3803   0.0000   0.0000   0.0000   0.2412
 -15.000  -0.4983   0.18974   0.18186  -0.0046  1.0000  0.0646  -1.4236   0.0000   0.0000   0.0000   0.2337
 -14.500  -0.4802   0.18196   0.17408  -0.0065  1.0000  0.0693  -1.3922   0.0000   0.0000   0.0000   0.2295
 -14.000  -0.4679   0.17621   0.16838  -0.0096  1.0000  0.0720  -1.4268   0.0000   0.0000   0.0000   0.2228
 -13.500  -0.4531   0.16966   0.16186  -0.0119  1.0000  0.0767  -1.4212   0.0000   0.0000   0.0000   0.2174
 -13.000  -0.4413   0.16357   0.15582  -0.0145  1.0000  0.0792  -1.4460   0.0000   0.0000   0.0000   0.2109
 -12.500  -0.4282   0.15727   0.14954  -0.0166  1.0000  0.0841  -1.4444   0.0000   0.0000   0.0000   0.2051
 -12.000  -0.4164   0.15081   0.14315  -0.0188  1.0000  0.0872  -1.4530   0.0000   0.0000   0.0000   0.1991
 -11.500  -0.4077   0.14542   0.13782  -0.0212  1.0000  0.0923  -1.4741   0.0000   0.0000   0.0000   0.1924
 -11.000  -0.3937   0.13831   0.13077  -0.0224  1.0000  0.0969  -1.4504   0.0000   0.0000   0.0000   0.1875
 -10.500  -0.3875   0.13291   0.12545  -0.0247  1.0000  0.1019  -1.4762   0.0000   0.0000   0.0000   0.1809
 -10.000  -0.3832   0.12809   0.12073  -0.0269  1.0000  0.1087  -1.4978   0.0000   0.0000   0.0000   0.1750
  -9.500  -0.3718   0.12149   0.11422  -0.0276  1.0000  0.1166  -1.4669   0.0000   0.0000   0.0000   0.1710
  -9.000  -0.3613   0.11504   0.10787  -0.0281  1.0000  0.1236  -1.4358   0.0000   0.0000   0.0000   0.1678
  -8.500  -0.3556   0.10933   0.10230  -0.0286  1.0000  0.1299  -1.4551   0.0000   0.0000   0.0000   0.1653
  -8.000  -0.3575   0.10462   0.09778  -0.0290  1.0000  0.1365  -1.4976   0.0000   0.0000   0.0000   0.1649
  -7.500  -0.3692   0.10123   0.09463  -0.0284  1.0000  0.1439  -1.5516   0.0000   0.0000   0.0000   0.1699
  -7.000  -0.3690   0.09583   0.08939  -0.0267  1.0000  0.1528  -1.5553   0.0000   0.0000   0.0000   0.1747
  -6.500  -0.3734   0.09116   0.08492  -0.0266  1.0000  0.1628  -1.5830   0.0000   0.0000   0.0000   0.1762
  -6.000  -0.3722   0.08561   0.07954  -0.0251  1.0000  0.1750  -1.5781   0.0000   0.0000   0.0000   0.1802
  -5.500  -0.3698   0.08047   0.07452  -0.0240  1.0000  0.1913  -1.5676   0.0000   0.0000   0.0000   0.1830
  -5.000  -0.3644   0.07495   0.06910  -0.0245  1.0000  0.2072  -1.5645   0.0000   0.0000   0.0000   0.1811
  -4.500  -0.3522   0.06930   0.06349  -0.0257  1.0000  0.2285  -1.5445   0.0000   0.0000   0.0000   0.1753
  -3.500  -0.2292   0.04760   0.04049  -0.0533  1.0000  0.1070  -1.8783   0.0000   0.0000   0.0000   0.0151
  -3.000  -0.1594   0.03830   0.02991  -0.0610  1.0000  0.0930  -2.0309   0.0000   0.0000   0.0000  -0.1363
  -2.500  -0.1014   0.03322   0.02398  -0.0636  1.0000  0.0994  -1.9368   0.0000   0.0000   0.0000  -0.3819
  -2.000  -0.0436   0.02943   0.01927  -0.0650  1.0000  0.1109  -1.7902   0.0000   0.0000   0.0000  -1.2514
  -1.500   0.0086   0.02713   0.01639  -0.0650  1.0000  0.1316  -1.6214   0.0000   0.0000   0.0000   7.8495
  -1.000   0.0763   0.02567   0.01455  -0.0678  0.9934  0.1811  -1.3733   0.0000   0.0000   0.0000   1.1421
  -0.500   0.1679   0.02384   0.01337  -0.0752  0.9764  0.3714  -1.0662   0.0000   0.0000   0.0000   0.6985
   0.000   0.2494   0.02265   0.01293  -0.0799  0.9534  1.0000  -0.7583   0.0000   0.0000   0.0000   0.5704
   0.500   0.3306   0.02365   0.01329  -0.0856  0.9275  1.0000  -0.5145   0.0000   0.0000   0.0000   0.5083
   1.000   0.4114   0.02451   0.01378  -0.0909  0.9026  1.0000  -0.5643   0.0000   0.0000   0.0000   0.4698
   1.500   0.4822   0.02530   0.01437  -0.0942  0.8757  1.0000  -0.6116   0.0000   0.0000   0.0000   0.4436
   2.000   0.5525   0.02600   0.01500  -0.0970  0.8498  1.0000  -0.6622   0.0000   0.0000   0.0000   0.4235
   2.500   0.6252   0.02655   0.01558  -0.0997  0.8262  1.0000  -0.7193   0.0000   0.0000   0.0000   0.4071
   3.000   0.6898   0.02717   0.01634  -0.1009  0.8015  1.0000  -0.7769   0.0000   0.0000   0.0000   0.3934
   3.500   0.7480   0.02796   0.01731  -0.1009  0.7759  1.0000  -0.8952   0.0000   0.0000   0.0000   0.3817
   4.000   0.8044   0.02883   0.01847  -0.1005  0.7505  1.0000  -1.1430   0.0000   0.0000   0.0000   0.3713
   4.500   0.8619   0.02962   0.01962  -0.0999  0.7257  1.0000  -1.4490   0.0000   0.0000   0.0000   0.3618
   5.000   0.9255   0.03003   0.02052  -0.0995  0.7016  1.0000  -1.8450   0.0000   0.0000   0.0000   0.3529
   5.500   0.9833   0.03055   0.02164  -0.0979  0.6732  1.0000  -2.2911   0.0000   0.0000   0.0000   0.3445
   6.000   1.0463   0.02810   0.01970  -0.0919  0.6120  1.0000  -2.8485   0.0000   0.0000   0.0000   0.3322
   6.500   1.0799   0.02558   0.01719  -0.0805  0.4882  1.0000  -3.3174   0.0000   0.0000   0.0000   0.3181
   7.000   1.0647   0.02880   0.01856  -0.0677  0.1950  1.0000  -3.4357   0.0000   0.0000   0.0000   0.3065
   7.500   1.0624   0.03461   0.02345  -0.0606  0.1190  1.0000  -3.5342   0.0000   0.0000   0.0000   0.2994
   8.000   1.0885   0.03915   0.02793  -0.0560  0.0915  1.0000  -3.7440   0.0000   0.0000   0.0000   0.2932
   8.500   1.1678   0.04489   0.03381  -0.0565  0.0720  1.0000  -4.1675   0.0000   0.0000   0.0000   0.2896
   9.000   1.2176   0.05181   0.04145  -0.0549  0.0632  1.0000  -4.4478   0.0000   0.0000   0.0000   0.2857
   9.500   1.2374   0.05953   0.05022  -0.0507  0.0614  1.0000  -4.5215   0.0000   0.0000   0.0000   0.2811
  10.000   1.2349   0.06725   0.05877  -0.0458  0.0601  1.0000  -4.5371   0.0000   0.0000   0.0000   0.2767
  10.500   1.2169   0.07470   0.06679  -0.0408  0.0590  1.0000  -4.5254   0.0000   0.0000   0.0000   0.2727
  11.000   1.1718   0.08303   0.07571  -0.0375  0.0601  1.0000  -4.3571   0.0000   0.0000   0.0000   0.2706
  11.500   1.1242   0.09394   0.08705  -0.0397  0.0618  1.0000  -4.1483   0.0000   0.0000   0.0000   0.2733
  12.000   1.0843   0.10706   0.10042  -0.0460  0.0635  1.0000  -3.9370   0.0000   0.0000   0.0000   0.2798
  13.000   1.0041   0.14663   0.14003  -0.0726  0.0737  1.0000  -3.0186   0.0000   0.0000   0.0000   0.3094
  13.500   1.0028   0.15987   0.15324  -0.0787  0.0786  1.0000  -2.8483   0.0000   0.0000   0.0000   0.3151
  14.000   0.9987   0.17529   0.16856  -0.0873  0.0923  1.0000  -2.5548   0.0000   0.0000   0.0000   0.3238


