xflr5 v6.61

 Calculated polar for: NACA4412_7_00

 1 1 Reynolds number fixed          Mach number fixed         

 xtrf =   1.000 (top)        1.000 (bottom)
 Mach =   0.200     Re =     0.070 e 6     Ncrit =   7.000

  alpha     CL        CD       CDp       Cm    Top Xtr Bot Xtr   Cpmin    Chinge    XCp    
 ------- -------- --------- --------- -------- ------- ------- -------- --------- ---------
 -21.000  -0.6981   0.26156   0.25474   0.0401  1.0000  0.0272  -1.4938   0.0000   0.0000   0.0000   0.2963
 -20.500  -0.6805   0.25528   0.24846   0.0361  1.0000  0.0285  -1.4489   0.0000   0.0000   0.0000   0.2925
 -20.000  -0.6628   0.24922   0.24239   0.0321  1.0000  0.0298  -1.4589   0.0000   0.0000   0.0000   0.2882
 -19.500  -0.6456   0.24377   0.23694   0.0276  1.0000  0.0307  -1.5024   0.0000   0.0000   0.0000   0.2831
 -19.000  -0.6282   0.23714   0.23033   0.0239  1.0000  0.0313  -1.5048   0.0000   0.0000   0.0000   0.2788
 -18.500  -0.6105   0.23042   0.22359   0.0206  1.0000  0.0328  -1.4733   0.0000   0.0000   0.0000   0.2748
 -18.000  -0.5933   0.22428   0.21746   0.0169  1.0000  0.0345  -1.4756   0.0000   0.0000   0.0000   0.2699
 -17.500  -0.5777   0.21938   0.21258   0.0124  1.0000  0.0356  -1.5287   0.0000   0.0000   0.0000   0.2633
 -17.000  -0.5596   0.21162   0.20483   0.0099  1.0000  0.0374  -1.4640   0.0000   0.0000   0.0000   0.2598
 -16.500  -0.5431   0.20548   0.19869   0.0065  1.0000  0.0397  -1.4546   0.0000   0.0000   0.0000   0.2543
 -16.000  -0.5293   0.20065   0.19390   0.0022  1.0000  0.0407  -1.5025   0.0000   0.0000   0.0000   0.2469
 -15.500  -0.5112   0.19262   0.18588   0.0002  1.0000  0.0425  -1.4270   0.0000   0.0000   0.0000   0.2432
 -15.000  -0.4958   0.18639   0.17965  -0.0028  1.0000  0.0449  -1.4076   0.0000   0.0000   0.0000   0.2374
 -14.500  -0.4843   0.18159   0.17490  -0.0068  1.0000  0.0462  -1.4513   0.0000   0.0000   0.0000   0.2293
 -14.000  -0.4665   0.17350   0.16683  -0.0084  1.0000  0.0483  -1.4077   0.0000   0.0000   0.0000   0.2255
 -13.500  -0.4534   0.16750   0.16085  -0.0113  1.0000  0.0511  -1.4366   0.0000   0.0000   0.0000   0.2188
 -13.000  -0.4423   0.16162   0.15503  -0.0144  1.0000  0.0524  -1.4892   0.0000   0.0000   0.0000   0.2115
 -12.500  -0.4270   0.15458   0.14800  -0.0160  1.0000  0.0562  -1.4569   0.0000   0.0000   0.0000   0.2067
 -12.000  -0.4182   0.14896   0.14245  -0.0190  1.0000  0.0586  -1.5121   0.0000   0.0000   0.0000   0.1988
 -11.500  -0.4041   0.14217   0.13568  -0.0205  1.0000  0.0629  -1.4817   0.0000   0.0000   0.0000   0.1938
 -11.000  -0.3970   0.13660   0.13020  -0.0234  1.0000  0.0649  -1.5350   0.0000   0.0000   0.0000   0.1859
 -10.500  -0.3831   0.12973   0.12335  -0.0244  1.0000  0.0691  -1.4945   0.0000   0.0000   0.0000   0.1813
 -10.000  -0.3798   0.12475   0.11849  -0.0274  1.0000  0.0715  -1.5628   0.0000   0.0000   0.0000   0.1731
  -9.500  -0.3656   0.11782   0.11160  -0.0277  1.0000  0.0762  -1.5048   0.0000   0.0000   0.0000   0.1695
  -9.000  -0.3616   0.11235   0.10626  -0.0297  1.0000  0.0791  -1.5382   0.0000   0.0000   0.0000   0.1636
  -8.500  -0.3551   0.10680   0.10081  -0.0303  1.0000  0.0843  -1.5219   0.0000   0.0000   0.0000   0.1606
  -8.000  -0.3502   0.10110   0.09525  -0.0302  1.0000  0.0887  -1.5112   0.0000   0.0000   0.0000   0.1601
  -7.500  -0.3670   0.09822   0.09262  -0.0305  1.0000  0.0928  -1.6165   0.0000   0.0000   0.0000   0.1638
  -7.000  -0.3647   0.09265   0.08717  -0.0282  1.0000  0.0997  -1.5974   0.0000   0.0000   0.0000   0.1698
  -6.500  -0.3659   0.08746   0.08215  -0.0270  1.0000  0.1047  -1.6078   0.0000   0.0000   0.0000   0.1738
  -6.000  -0.3700   0.08260   0.07744  -0.0289  1.0000  0.1102  -1.6705   0.0000   0.0000   0.0000   0.1698
  -5.500  -0.3649   0.07721   0.07212  -0.0322  1.0000  0.1178  -1.7186   0.0000   0.0000   0.0000   0.1598
  -5.000  -0.3522   0.07118   0.06611  -0.0337  1.0000  0.1268  -1.7130   0.0000   0.0000   0.0000   0.1527
  -4.500  -0.3339   0.06504   0.05997  -0.0346  1.0000  0.1373  -1.6757   0.0000   0.0000   0.0000   0.1448
  -4.000  -0.3066   0.05897   0.05380  -0.0376  1.0000  0.1566  -1.6256   0.0000   0.0000   0.0000   0.1257
  -3.500  -0.2227   0.04494   0.03875  -0.0546  1.0000  0.0847  -1.9787   0.0000   0.0000   0.0000   0.0022
  -3.000  -0.1551   0.03545   0.02824  -0.0611  1.0000  0.0688  -2.1093   0.0000   0.0000   0.0000  -0.1474
  -2.500  -0.0721   0.02872   0.02006  -0.0678  0.9948  0.0722  -2.1070   0.0000   0.0000   0.0000  -0.6974
  -2.000   0.0175   0.02494   0.01526  -0.0744  0.9825  0.0873  -1.8505   0.0000   0.0000   0.0000   4.5173
  -1.500   0.1021   0.02272   0.01269  -0.0798  0.9677  0.1198  -1.5326   0.0000   0.0000   0.0000   1.0357
  -1.000   0.1837   0.02123   0.01129  -0.0847  0.9511  0.2052  -1.1900   0.0000   0.0000   0.0000   0.7125
  -0.500   0.2646   0.01828   0.01042  -0.0891  0.9360  1.0000  -0.8581   0.0000   0.0000   0.0000   0.5870
   0.000   0.3444   0.01862   0.01007  -0.0936  0.9144  1.0000  -0.5481   0.0000   0.0000   0.0000   0.5214
   0.500   0.4213   0.01884   0.00989  -0.0974  0.8921  1.0000  -0.5677   0.0000   0.0000   0.0000   0.4804
   1.000   0.4944   0.01899   0.00981  -0.1002  0.8690  1.0000  -0.6166   0.0000   0.0000   0.0000   0.4514
   1.500   0.5635   0.01908   0.00979  -0.1019  0.8451  1.0000  -0.6665   0.0000   0.0000   0.0000   0.4293
   2.000   0.6298   0.01916   0.00984  -0.1030  0.8208  1.0000  -0.7184   0.0000   0.0000   0.0000   0.4115
   2.500   0.6942   0.01925   0.00999  -0.1035  0.7963  1.0000  -0.7736   0.0000   0.0000   0.0000   0.3967
   3.000   0.7581   0.01933   0.01015  -0.1037  0.7722  1.0000  -0.8571   0.0000   0.0000   0.0000   0.3840
   3.500   0.8163   0.01964   0.01064  -0.1030  0.7459  1.0000  -1.1138   0.0000   0.0000   0.0000   0.3730
   4.000   0.8718   0.02012   0.01134  -0.1019  0.7188  1.0000  -1.4279   0.0000   0.0000   0.0000   0.3633
   4.500   0.9262   0.02069   0.01223  -0.1006  0.6914  1.0000  -1.8093   0.0000   0.0000   0.0000   0.3545
   5.000   0.9801   0.02129   0.01319  -0.0990  0.6626  1.0000  -2.2477   0.0000   0.0000   0.0000   0.3464
   5.500   1.0290   0.02050   0.01256  -0.0936  0.5973  1.0000  -2.7286   0.0000   0.0000   0.0000   0.3358
   6.000   1.0605   0.02031   0.01227  -0.0858  0.4868  1.0000  -3.1760   0.0000   0.0000   0.0000   0.3251
   6.500   1.0559   0.02417   0.01411  -0.0754  0.1510  1.0000  -3.3623   0.0000   0.0000   0.0000   0.3149
   7.000   1.0655   0.02906   0.01835  -0.0689  0.0854  1.0000  -3.5359   0.0000   0.0000   0.0000   0.3077
   7.500   1.0888   0.03277   0.02214  -0.0637  0.0664  1.0000  -3.7711   0.0000   0.0000   0.0000   0.3009
   8.000   1.1382   0.03721   0.02664  -0.0614  0.0542  1.0000  -4.1512   0.0000   0.0000   0.0000   0.2958
   8.500   1.1977   0.04329   0.03318  -0.0606  0.0479  1.0000  -4.5079   0.0000   0.0000   0.0000   0.2919
   9.000   1.2306   0.04982   0.04055  -0.0573  0.0433  1.0000  -4.7205   0.0000   0.0000   0.0000   0.2873
   9.500   1.2442   0.05729   0.04896  -0.0524  0.0428  1.0000  -4.7761   0.0000   0.0000   0.0000   0.2823
  10.000   1.2350   0.06500   0.05753  -0.0466  0.0432  1.0000  -4.7296   0.0000   0.0000   0.0000   0.2774
  10.500   1.2070   0.07238   0.06552  -0.0408  0.0439  1.0000  -4.6396   0.0000   0.0000   0.0000   0.2730
  11.000   1.1709   0.08070   0.07432  -0.0381  0.0446  1.0000  -4.5249   0.0000   0.0000   0.0000   0.2712
  11.500   1.1334   0.09078   0.08477  -0.0396  0.0453  1.0000  -4.3882   0.0000   0.0000   0.0000   0.2730
  12.000   1.1019   0.10246   0.09669  -0.0442  0.0460  1.0000  -4.2524   0.0000   0.0000   0.0000   0.2776


