xflr5 v6.61

 Calculated polar for: NACA4412_7_50

 1 1 Reynolds number fixed          Mach number fixed         

 xtrf =   1.000 (top)        1.000 (bottom)
 Mach =   0.200     Re =     0.125 e 6     Ncrit =   7.000

  alpha     CL        CD       CDp       Cm    Top Xtr Bot Xtr   Cpmin    Chinge    XCp    
 ------- -------- --------- --------- -------- ------- ------- -------- --------- ---------
 -22.000  -0.7169   0.27110   0.26593   0.0447  1.0000  0.0153  -1.5853   0.0000   0.0000   0.0000   0.2991
 -21.500  -0.6997   0.26496   0.25978   0.0407  1.0000  0.0160  -1.5282   0.0000   0.0000   0.0000   0.2955
 -21.000  -0.6822   0.25885   0.25366   0.0367  1.0000  0.0169  -1.4898   0.0000   0.0000   0.0000   0.2915
 -20.500  -0.6644   0.25273   0.24754   0.0325  1.0000  0.0180  -1.4850   0.0000   0.0000   0.0000   0.2871
 -20.000  -0.6469   0.24719   0.24200   0.0278  1.0000  0.0184  -1.5694   0.0000   0.0000   0.0000   0.2815
 -19.500  -0.6295   0.24008   0.23490   0.0244  1.0000  0.0188  -1.5380   0.0000   0.0000   0.0000   0.2778
 -19.000  -0.6121   0.23367   0.22848   0.0209  1.0000  0.0196  -1.5014   0.0000   0.0000   0.0000   0.2737
 -18.500  -0.5947   0.22737   0.22218   0.0173  1.0000  0.0206  -1.4930   0.0000   0.0000   0.0000   0.2689
 -18.000  -0.5775   0.22108   0.21590   0.0135  1.0000  0.0216  -1.5030   0.0000   0.0000   0.0000   0.2637
 -17.500  -0.5610   0.21521   0.21004   0.0094  1.0000  0.0221  -1.5527   0.0000   0.0000   0.0000   0.2573
 -17.000  -0.5445   0.20848   0.20333   0.0061  1.0000  0.0225  -1.5402   0.0000   0.0000   0.0000   0.2520
 -16.500  -0.5275   0.20174   0.19658   0.0034  1.0000  0.0235  -1.4653   0.0000   0.0000   0.0000   0.2475
 -16.000  -0.5113   0.19535   0.19020   0.0002  1.0000  0.0247  -1.4354   0.0000   0.0000   0.0000   0.2419
 -15.500  -0.4964   0.18934   0.18421  -0.0035  1.0000  0.0262  -1.4674   0.0000   0.0000   0.0000   0.2346
 -15.000  -0.4811   0.18245   0.17735  -0.0062  1.0000  0.0270  -1.4429   0.0000   0.0000   0.0000   0.2291
 -14.500  -0.4657   0.17597   0.17087  -0.0087  1.0000  0.0286  -1.4276   0.0000   0.0000   0.0000   0.2236
 -14.000  -0.4518   0.16965   0.16458  -0.0117  1.0000  0.0302  -1.4735   0.0000   0.0000   0.0000   0.2165
 -13.500  -0.4427   0.16441   0.15938  -0.0158  1.0000  0.0309  -1.6087   0.0000   0.0000   0.0000   0.2069
 -13.000  -0.4253   0.15649   0.15147  -0.0166  1.0000  0.0321  -1.5132   0.0000   0.0000   0.0000   0.2037
 -12.500  -0.4125   0.15013   0.14512  -0.0188  1.0000  0.0339  -1.5145   0.0000   0.0000   0.0000   0.1973
 -12.000  -0.4035   0.14428   0.13932  -0.0222  1.0000  0.0355  -1.6033   0.0000   0.0000   0.0000   0.1882
 -11.500  -0.3914   0.13734   0.13243  -0.0238  1.0000  0.0363  -1.5916   0.0000   0.0000   0.0000   0.1825
 -11.000  -0.3790   0.13102   0.12613  -0.0252  1.0000  0.0386  -1.5513   0.0000   0.0000   0.0000   0.1771
 -10.500  -0.3763   0.12587   0.12106  -0.0291  1.0000  0.0407  -1.6818   0.0000   0.0000   0.0000   0.1666
 -10.000  -0.3606   0.11873   0.11395  -0.0288  1.0000  0.0433  -1.5626   0.0000   0.0000   0.0000   0.1643
  -9.500  -0.3572   0.11332   0.10863  -0.0315  1.0000  0.0459  -1.6385   0.0000   0.0000   0.0000   0.1563
  -9.000  -0.3497   0.10699   0.10238  -0.0321  1.0000  0.0471  -1.6235   0.0000   0.0000   0.0000   0.1528
  -8.500  -0.3430   0.10142   0.09690  -0.0322  1.0000  0.0498  -1.6002   0.0000   0.0000   0.0000   0.1511
  -8.000  -0.3536   0.09714   0.09278  -0.0340  1.0000  0.0518  -1.7542   0.0000   0.0000   0.0000   0.1495
  -7.500  -0.3522   0.09159   0.08735  -0.0314  1.0000  0.0532  -1.7257   0.0000   0.0000   0.0000   0.1570
  -7.000  -0.3657   0.08789   0.08381  -0.0275  1.0000  0.0552  -1.7424   0.0000   0.0000   0.0000   0.1714
  -6.500  -0.3824   0.08369   0.07977  -0.0283  1.0000  0.0576  -1.8704   0.0000   0.0000   0.0000   0.1731
  -6.000  -0.3863   0.07819   0.07437  -0.0284  1.0000  0.0589  -1.9123   0.0000   0.0000   0.0000   0.1741
  -5.500  -0.3811   0.07274   0.06895  -0.0301  1.0000  0.0636  -1.9254   0.0000   0.0000   0.0000   0.1687
  -5.000  -0.3128   0.06218   0.05821  -0.0469  0.9891  0.0727  -1.8941   0.0000   0.0000   0.0000   0.0975
  -4.500  -0.1724   0.02625   0.02169  -0.0744  0.9606  0.0467  -2.1990   0.0000   0.0000   0.0000  -0.1848
  -4.000  -0.1040   0.01554   0.00994  -0.0832  0.9507  0.0450  -2.3258   0.0000   0.0000   0.0000  -0.5564
  -3.500  -0.0313   0.00840   0.00128  -0.0883  0.9409  0.0469  -2.3450   0.0000   0.0000   0.0000  -2.5915
  -3.000   0.0405   0.00557  -0.00219  -0.0914  0.9296  0.0554  -2.0195   0.0000   0.0000   0.0000   2.5203
  -2.500   0.0928   0.01834   0.00976  -0.0943  0.9366  0.0666  -1.8858   0.0000   0.0000   0.0000   1.2728
  -2.000   0.1684   0.01671   0.00812  -0.0977  0.9252  0.0953  -1.5106   0.0000   0.0000   0.0000   0.8337
  -1.500   0.2378   0.01545   0.00708  -0.1000  0.9107  0.1599  -1.1823   0.0000   0.0000   0.0000   0.6724
  -1.000   0.3047   0.01422   0.00642  -0.1019  0.8950  0.3193  -0.8622   0.0000   0.0000   0.0000   0.5852
  -0.500   0.3813   0.01216   0.00585  -0.1047  0.8812  1.0000  -0.5621   0.0000   0.0000   0.0000   0.5246
   0.000   0.4451   0.01203   0.00537  -0.1053  0.8603  1.0000  -0.6026   0.0000   0.0000   0.0000   0.4861
   0.500   0.5082   0.01190   0.00499  -0.1057  0.8381  1.0000  -0.6468   0.0000   0.0000   0.0000   0.4571
   1.000   0.5680   0.01186   0.00475  -0.1055  0.8129  1.0000  -0.6917   0.0000   0.0000   0.0000   0.4343
   1.500   0.6250   0.01193   0.00467  -0.1048  0.7848  1.0000  -0.7373   0.0000   0.0000   0.0000   0.4159
   2.000   0.6807   0.01210   0.00472  -0.1039  0.7552  1.0000  -0.7852   0.0000   0.0000   0.0000   0.4004
   2.500   0.7356   0.01236   0.00490  -0.1029  0.7254  1.0000  -0.8365   0.0000   0.0000   0.0000   0.3873
   3.000   0.7898   0.01272   0.00520  -0.1018  0.6963  1.0000  -0.9193   0.0000   0.0000   0.0000   0.3759
   3.500   0.8434   0.01316   0.00565  -0.1007  0.6683  1.0000  -1.1612   0.0000   0.0000   0.0000   0.3660
   4.000   0.8967   0.01366   0.00620  -0.0996  0.6414  1.0000  -1.4550   0.0000   0.0000   0.0000   0.3571
   4.500   0.9495   0.01422   0.00684  -0.0983  0.6148  1.0000  -1.7940   0.0000   0.0000   0.0000   0.3491
   5.000   0.9977   0.01468   0.00740  -0.0958  0.5735  1.0000  -2.1996   0.0000   0.0000   0.0000   0.3411
   5.500   1.0384   0.01510   0.00771  -0.0917  0.5016  1.0000  -2.6101   0.0000   0.0000   0.0000   0.3328
   6.000   1.0767   0.01589   0.00843  -0.0876  0.4132  1.0000  -3.0646   0.0000   0.0000   0.0000   0.3252
   6.500   1.0829   0.01970   0.01051  -0.0798  0.1201  1.0000  -3.3439   0.0000   0.0000   0.0000   0.3170
   7.000   1.1010   0.02321   0.01362  -0.0739  0.0613  1.0000  -3.6252   0.0000   0.0000   0.0000   0.3099
   7.500   1.1219   0.02611   0.01663  -0.0684  0.0481  1.0000  -3.9238   0.0000   0.0000   0.0000   0.3032
   8.000   1.1439   0.02924   0.01979  -0.0633  0.0399  1.0000  -4.2286   0.0000   0.0000   0.0000   0.2969
   8.500   1.1808   0.03297   0.02370  -0.0602  0.0342  1.0000  -4.6305   0.0000   0.0000   0.0000   0.2920
   9.000   1.2272   0.03758   0.02865  -0.0585  0.0296  1.0000  -5.0513   0.0000   0.0000   0.0000   0.2880
   9.500   1.2659   0.04336   0.03509  -0.0559  0.0275  1.0000  -5.3377   0.0000   0.0000   0.0000   0.2839
  10.000   1.2799   0.04930   0.04173  -0.0511  0.0255  1.0000  -5.5301   0.0000   0.0000   0.0000   0.2791
  10.500   1.2683   0.05547   0.04868  -0.0441  0.0245  1.0000  -5.5341   0.0000   0.0000   0.0000   0.2733
  11.000   1.2445   0.06254   0.05639  -0.0385  0.0245  1.0000  -5.4721   0.0000   0.0000   0.0000   0.2688
  11.500   1.2121   0.07085   0.06525  -0.0357  0.0247  1.0000  -5.3640   0.0000   0.0000   0.0000   0.2667
  12.000   1.1750   0.08088   0.07576  -0.0367  0.0250  1.0000  -5.2187   0.0000   0.0000   0.0000   0.2678
  12.500   1.1361   0.09299   0.08824  -0.0415  0.0253  1.0000  -5.0359   0.0000   0.0000   0.0000   0.2724
  13.000   1.0984   0.10722   0.10276  -0.0495  0.0257  1.0000  -4.8126   0.0000   0.0000   0.0000   0.2803
  13.500   1.0678   0.12268   0.11840  -0.0591  0.0262  1.0000  -4.5709   0.0000   0.0000   0.0000   0.2901
  14.000   0.8245   0.13961   0.13581  -0.0612  0.0340  1.0000  -2.8803   0.0000   0.0000   0.0000   0.3108
  14.500   0.8145   0.14979   0.14599  -0.0657  0.0354  1.0000  -2.6903   0.0000   0.0000   0.0000   0.3170


