xflr5 v6.61

 Calculated polar for: NACA4412_7_50

 1 1 Reynolds number fixed          Mach number fixed         

 xtrf =   1.000 (top)        1.000 (bottom)
 Mach =   0.200     Re =     0.060 e 6     Ncrit =   7.000

  alpha     CL        CD       CDp       Cm    Top Xtr Bot Xtr   Cpmin    Chinge    XCp    
 ------- -------- --------- --------- -------- ------- ------- -------- --------- ---------
 -27.000  -0.8883   0.33010   0.32289   0.0908  1.0000  0.0229  -1.6327   0.0000   0.0000   0.0000   0.3322
 -26.500  -0.8726   0.32442   0.31719   0.0861  1.0000  0.0237  -1.6171   0.0000   0.0000   0.0000   0.3295
 -26.000  -0.8565   0.31886   0.31159   0.0814  1.0000  0.0246  -1.6122   0.0000   0.0000   0.0000   0.3266
 -25.500  -0.8401   0.31334   0.30604   0.0766  1.0000  0.0255  -1.6152   0.0000   0.0000   0.0000   0.3235
 -25.000  -0.8234   0.30819   0.30088   0.0716  1.0000  0.0261  -1.6323   0.0000   0.0000   0.0000   0.3201
 -24.500  -0.8068   0.30272   0.29541   0.0668  1.0000  0.0266  -1.6413   0.0000   0.0000   0.0000   0.3166
 -24.000  -0.7901   0.29605   0.28871   0.0628  1.0000  0.0278  -1.5888   0.0000   0.0000   0.0000   0.3139
 -23.500  -0.7731   0.29025   0.28290   0.0583  1.0000  0.0292  -1.5687   0.0000   0.0000   0.0000   0.3105
 -23.000  -0.7559   0.28470   0.27732   0.0537  1.0000  0.0303  -1.5652   0.0000   0.0000   0.0000   0.3068
 -22.500  -0.7389   0.27997   0.27259   0.0488  1.0000  0.0308  -1.5819   0.0000   0.0000   0.0000   0.3023
 -22.000  -0.7214   0.27271   0.26533   0.0451  1.0000  0.0317  -1.5264   0.0000   0.0000   0.0000   0.2993
 -21.500  -0.7039   0.26649   0.25910   0.0411  1.0000  0.0331  -1.4830   0.0000   0.0000   0.0000   0.2958
 -21.000  -0.6864   0.26063   0.25322   0.0369  1.0000  0.0346  -1.4753   0.0000   0.0000   0.0000   0.2916
 -20.500  -0.6694   0.25556   0.24816   0.0323  1.0000  0.0355  -1.5159   0.0000   0.0000   0.0000   0.2866
 -20.000  -0.6517   0.24862   0.24122   0.0286  1.0000  0.0363  -1.5021   0.0000   0.0000   0.0000   0.2828
 -19.500  -0.6340   0.24214   0.23474   0.0251  1.0000  0.0382  -1.4774   0.0000   0.0000   0.0000   0.2788
 -19.000  -0.6170   0.23655   0.22916   0.0209  1.0000  0.0403  -1.4930   0.0000   0.0000   0.0000   0.2736
 -18.500  -0.6001   0.23038   0.22300   0.0171  1.0000  0.0414  -1.4963   0.0000   0.0000   0.0000   0.2686
 -18.000  -0.5823   0.22364   0.21626   0.0140  1.0000  0.0436  -1.4563   0.0000   0.0000   0.0000   0.2644
 -17.500  -0.5660   0.21799   0.21063   0.0101  1.0000  0.0456  -1.4631   0.0000   0.0000   0.0000   0.2587
 -17.000  -0.5503   0.21212   0.20478   0.0064  1.0000  0.0466  -1.4707   0.0000   0.0000   0.0000   0.2527
 -16.500  -0.5324   0.20491   0.19756   0.0038  1.0000  0.0490  -1.4120   0.0000   0.0000   0.0000   0.2485
 -16.000  -0.5173   0.19928   0.19196   0.0002  1.0000  0.0514  -1.4121   0.0000   0.0000   0.0000   0.2420
 -15.500  -0.5021   0.19286   0.18558  -0.0030  1.0000  0.0527  -1.4135   0.0000   0.0000   0.0000   0.2361
 -15.000  -0.4856   0.18610   0.17882  -0.0054  1.0000  0.0557  -1.4008   0.0000   0.0000   0.0000   0.2310
 -14.500  -0.4752   0.18164   0.17440  -0.0094  1.0000  0.0580  -1.4734   0.0000   0.0000   0.0000   0.2228
 -14.000  -0.4569   0.17356   0.16634  -0.0109  1.0000  0.0618  -1.4244   0.0000   0.0000   0.0000   0.2188
 -13.500  -0.4491   0.16930   0.16214  -0.0148  1.0000  0.0644  -1.4994   0.0000   0.0000   0.0000   0.2102
 -13.000  -0.4305   0.16101   0.15388  -0.0159  1.0000  0.0680  -1.4432   0.0000   0.0000   0.0000   0.2062
 -12.500  -0.4236   0.15634   0.14925  -0.0193  1.0000  0.0710  -1.5047   0.0000   0.0000   0.0000   0.1979
 -12.000  -0.4067   0.14850   0.14145  -0.0203  1.0000  0.0744  -1.4572   0.0000   0.0000   0.0000   0.1935
 -11.500  -0.4017   0.14382   0.13685  -0.0235  1.0000  0.0779  -1.5141   0.0000   0.0000   0.0000   0.1853
 -11.000  -0.3854   0.13617   0.12924  -0.0243  1.0000  0.0819  -1.4615   0.0000   0.0000   0.0000   0.1810
 -10.500  -0.3852   0.13210   0.12527  -0.0277  1.0000  0.0854  -1.5367   0.0000   0.0000   0.0000   0.1725
 -10.000  -0.3700   0.12475   0.11797  -0.0280  1.0000  0.0919  -1.4749   0.0000   0.0000   0.0000   0.1687
  -9.500  -0.3598   0.11842   0.11173  -0.0288  1.0000  0.0976  -1.4502   0.0000   0.0000   0.0000   0.1645
  -9.000  -0.3556   0.11292   0.10636  -0.0302  1.0000  0.1027  -1.4890   0.0000   0.0000   0.0000   0.1601
  -8.500  -0.3581   0.10863   0.10222  -0.0316  1.0000  0.1086  -1.5470   0.0000   0.0000   0.0000   0.1572
  -8.000  -0.3487   0.10222   0.09594  -0.0305  1.0000  0.1146  -1.5271   0.0000   0.0000   0.0000   0.1583
  -7.500  -0.3549   0.09764   0.09156  -0.0297  1.0000  0.1193  -1.5675   0.0000   0.0000   0.0000   0.1626
  -7.000  -0.3705   0.09427   0.08841  -0.0287  1.0000  0.1255  -1.6273   0.0000   0.0000   0.0000   0.1695
  -6.500  -0.3690   0.08870   0.08298  -0.0265  1.0000  0.1323  -1.6114   0.0000   0.0000   0.0000   0.1755
  -6.000  -0.3726   0.08380   0.07825  -0.0259  1.0000  0.1407  -1.6262   0.0000   0.0000   0.0000   0.1781
  -5.500  -0.3734   0.07894   0.07348  -0.0286  1.0000  0.1529  -1.6649   0.0000   0.0000   0.0000   0.1714
  -5.000  -0.3654   0.07308   0.06770  -0.0281  1.0000  0.1655  -1.6368   0.0000   0.0000   0.0000   0.1712
  -3.500  -0.2317   0.04473   0.03802  -0.0539  1.0000  0.0887  -1.9918   0.0000   0.0000   0.0000   0.0146
  -3.000  -0.1665   0.03626   0.02846  -0.0600  1.0000  0.0818  -2.0827   0.0000   0.0000   0.0000  -0.1143
  -2.500  -0.1056   0.03098   0.02207  -0.0629  1.0000  0.0877  -2.0088   0.0000   0.0000   0.0000  -0.3512
  -2.000  -0.0228   0.02715   0.01714  -0.0685  0.9906  0.1024  -1.8086   0.0000   0.0000   0.0000  -2.7739
  -1.500   0.0649   0.02495   0.01451  -0.0747  0.9748  0.1376  -1.5175   0.0000   0.0000   0.0000   1.4075
  -1.000   0.1498   0.02353   0.01309  -0.0803  0.9575  0.2220  -1.2092   0.0000   0.0000   0.0000   0.7877
  -0.500   0.2279   0.02040   0.01217  -0.0841  0.9399  1.0000  -0.9073   0.0000   0.0000   0.0000   0.6196
   0.000   0.3091   0.02101   0.01192  -0.0891  0.9169  1.0000  -0.6085   0.0000   0.0000   0.0000   0.5379
   0.500   0.3864   0.02148   0.01192  -0.0932  0.8934  1.0000  -0.5596   0.0000   0.0000   0.0000   0.4904
   1.500   0.5321   0.02215   0.01218  -0.0990  0.8458  1.0000  -0.6592   0.0000   0.0000   0.0000   0.4344
   2.000   0.6001   0.02242   0.01239  -0.1006  0.8222  1.0000  -0.7115   0.0000   0.0000   0.0000   0.4156
   2.500   0.6710   0.02249   0.01248  -0.1022  0.8007  1.0000  -0.7706   0.0000   0.0000   0.0000   0.3999
   3.000   0.7295   0.02292   0.01302  -0.1020  0.7753  1.0000  -0.8269   0.0000   0.0000   0.0000   0.3869
   3.500   0.7867   0.02342   0.01370  -0.1014  0.7502  1.0000  -0.9760   0.0000   0.0000   0.0000   0.3756
   4.000   0.8451   0.02390   0.01439  -0.1008  0.7261  1.0000  -1.2364   0.0000   0.0000   0.0000   0.3655
   4.500   0.9061   0.02424   0.01504  -0.1003  0.7027  1.0000  -1.5613   0.0000   0.0000   0.0000   0.3564
   5.000   0.9586   0.02498   0.01613  -0.0986  0.6755  1.0000  -1.9152   0.0000   0.0000   0.0000   0.3481
   5.500   1.0134   0.02548   0.01710  -0.0967  0.6461  1.0000  -2.3489   0.0000   0.0000   0.0000   0.3402
   6.000   1.0645   0.02375   0.01552  -0.0902  0.5749  1.0000  -2.8317   0.0000   0.0000   0.0000   0.3288
   6.500   1.0948   0.02329   0.01511  -0.0820  0.4760  1.0000  -3.2597   0.0000   0.0000   0.0000   0.3184
   7.000   1.0879   0.02603   0.01639  -0.0707  0.2075  1.0000  -3.4453   0.0000   0.0000   0.0000   0.3077
   7.500   1.0835   0.03175   0.02103  -0.0631  0.1106  1.0000  -3.5586   0.0000   0.0000   0.0000   0.3005
   8.000   1.0979   0.03588   0.02508  -0.0573  0.0858  1.0000  -3.7627   0.0000   0.0000   0.0000   0.2938
   8.500   1.1525   0.04038   0.02966  -0.0555  0.0678  1.0000  -4.0896   0.0000   0.0000   0.0000   0.2892
   9.000   1.2169   0.04654   0.03613  -0.0555  0.0572  1.0000  -4.5032   0.0000   0.0000   0.0000   0.2860
   9.500   1.2512   0.05364   0.04417  -0.0523  0.0539  1.0000  -4.6801   0.0000   0.0000   0.0000   0.2817
  10.000   1.2617   0.06089   0.05214  -0.0479  0.0511  1.0000  -4.7977   0.0000   0.0000   0.0000   0.2773
  10.500   1.2418   0.06784   0.05994  -0.0416  0.0501  1.0000  -4.7575   0.0000   0.0000   0.0000   0.2723
  11.000   1.2101   0.07528   0.06797  -0.0368  0.0499  1.0000  -4.6789   0.0000   0.0000   0.0000   0.2686
  11.500   1.1720   0.08426   0.07744  -0.0356  0.0503  1.0000  -4.5563   0.0000   0.0000   0.0000   0.2680
  12.000   1.1322   0.09523   0.08876  -0.0386  0.0510  1.0000  -4.3972   0.0000   0.0000   0.0000   0.2710
  12.500   1.0970   0.10799   0.10177  -0.0446  0.0518  1.0000  -4.2201   0.0000   0.0000   0.0000   0.2770
  13.000   1.0348   0.13015   0.12414  -0.0606  0.0572  1.0000  -3.6109   0.0000   0.0000   0.0000   0.2948


