xflr5 v6.61

 Calculated polar for: NACA4412_7_70

 1 1 Reynolds number fixed          Mach number fixed         

 xtrf =   1.000 (top)        1.000 (bottom)
 Mach =   0.200     Re =     0.090 e 6     Ncrit =   7.000

  alpha     CL        CD       CDp       Cm    Top Xtr Bot Xtr   Cpmin    Chinge    XCp    
 ------- -------- --------- --------- -------- ------- ------- -------- --------- ---------
 -21.500  -0.6959   0.26499   0.25890   0.0393  1.0000  0.0228  -1.5317   0.0000   0.0000   0.0000   0.2933
 -21.000  -0.6784   0.25875   0.25266   0.0354  1.0000  0.0238  -1.4778   0.0000   0.0000   0.0000   0.2895
 -20.500  -0.6608   0.25264   0.24654   0.0314  1.0000  0.0250  -1.4809   0.0000   0.0000   0.0000   0.2853
 -20.000  -0.6433   0.24668   0.24057   0.0272  1.0000  0.0260  -1.5082   0.0000   0.0000   0.0000   0.2805
 -19.500  -0.6266   0.24153   0.23543   0.0225  1.0000  0.0264  -1.5689   0.0000   0.0000   0.0000   0.2746
 -19.000  -0.6086   0.23398   0.22789   0.0196  1.0000  0.0272  -1.5079   0.0000   0.0000   0.0000   0.2712
 -18.500  -0.5912   0.22765   0.22155   0.0161  1.0000  0.0284  -1.4777   0.0000   0.0000   0.0000   0.2667
 -18.000  -0.5740   0.22148   0.21538   0.0124  1.0000  0.0299  -1.4719   0.0000   0.0000   0.0000   0.2615
 -17.500  -0.5584   0.21624   0.21016   0.0080  1.0000  0.0308  -1.5183   0.0000   0.0000   0.0000   0.2546
 -17.000  -0.5407   0.20880   0.20274   0.0055  1.0000  0.0321  -1.4428   0.0000   0.0000   0.0000   0.2507
 -16.500  -0.5241   0.20251   0.19645   0.0023  1.0000  0.0341  -1.4102   0.0000   0.0000   0.0000   0.2452
 -16.000  -0.5094   0.19687   0.19084  -0.0016  1.0000  0.0355  -1.4348   0.0000   0.0000   0.0000   0.2379
 -15.500  -0.4933   0.18990   0.18389  -0.0043  1.0000  0.0363  -1.4308   0.0000   0.0000   0.0000   0.2326
 -15.000  -0.4773   0.18333   0.17732  -0.0068  1.0000  0.0383  -1.4169   0.0000   0.0000   0.0000   0.2273
 -14.500  -0.4635   0.17734   0.17136  -0.0101  1.0000  0.0403  -1.4632   0.0000   0.0000   0.0000   0.2200
 -14.000  -0.4512   0.17123   0.16529  -0.0133  1.0000  0.0411  -1.5186   0.0000   0.0000   0.0000   0.2126
 -13.500  -0.4350   0.16416   0.15823  -0.0149  1.0000  0.0433  -1.4717   0.0000   0.0000   0.0000   0.2079
 -13.000  -0.4237   0.15830   0.15241  -0.0180  1.0000  0.0457  -1.5181   0.0000   0.0000   0.0000   0.2001
 -12.500  -0.4107   0.15151   0.14566  -0.0199  1.0000  0.0476  -1.5116   0.0000   0.0000   0.0000   0.1942
 -12.000  -0.3997   0.14555   0.13973  -0.0223  1.0000  0.0512  -1.5245   0.0000   0.0000   0.0000   0.1871
 -11.500  -0.3899   0.13917   0.13342  -0.0246  1.0000  0.0528  -1.5499   0.0000   0.0000   0.0000   0.1801
 -11.000  -0.3774   0.13274   0.12702  -0.0259  1.0000  0.0560  -1.5193   0.0000   0.0000   0.0000   0.1746
 -10.500  -0.3770   0.12815   0.12253  -0.0298  1.0000  0.0580  -1.6314   0.0000   0.0000   0.0000   0.1648
 -10.000  -0.3595   0.12049   0.11489  -0.0293  1.0000  0.0610  -1.5283   0.0000   0.0000   0.0000   0.1623
  -9.500  -0.3587   0.11557   0.11008  -0.0322  1.0000  0.0642  -1.6027   0.0000   0.0000   0.0000   0.1546
  -9.000  -0.3470   0.10884   0.10343  -0.0319  1.0000  0.0668  -1.5567   0.0000   0.0000   0.0000   0.1526
  -8.500  -0.3509   0.10434   0.09908  -0.0338  1.0000  0.0708  -1.6486   0.0000   0.0000   0.0000   0.1488
  -8.000  -0.3432   0.09838   0.09322  -0.0324  1.0000  0.0756  -1.6127   0.0000   0.0000   0.0000   0.1510
  -7.500  -0.3682   0.09562   0.09072  -0.0322  1.0000  0.0780  -1.7573   0.0000   0.0000   0.0000   0.1588
  -7.000  -0.3641   0.08998   0.08519  -0.0281  1.0000  0.0825  -1.6883   0.0000   0.0000   0.0000   0.1694
  -6.500  -0.3852   0.08618   0.08158  -0.0323  1.0000  0.0854  -1.8645   0.0000   0.0000   0.0000   0.1634
  -6.000  -0.3808   0.08059   0.07608  -0.0267  1.0000  0.0893  -1.7656   0.0000   0.0000   0.0000   0.1772
  -5.500  -0.3796   0.07471   0.07026  -0.0306  1.0000  0.0941  -1.8388   0.0000   0.0000   0.0000   0.1672
  -5.000  -0.3646   0.06823   0.06372  -0.0355  1.0000  0.1013  -1.8772   0.0000   0.0000   0.0000   0.1505
  -4.500  -0.3368   0.06165   0.05708  -0.0383  0.9980  0.1110  -1.7954   0.0000   0.0000   0.0000   0.1344
  -4.000  -0.2294   0.04331   0.03764  -0.0622  0.9876  0.0636  -2.1927   0.0000   0.0000   0.0000  -0.0246
  -3.500  -0.1384   0.03138   0.02403  -0.0736  0.9782  0.0580  -2.4039   0.0000   0.0000   0.0000  -0.2885
  -3.000  -0.0560   0.02602   0.01752  -0.0796  0.9670  0.0636  -2.2048   0.0000   0.0000   0.0000  -1.1842
  -2.500   0.0264   0.02288   0.01359  -0.0845  0.9554  0.0779  -1.9280   0.0000   0.0000   0.0000   3.4742
  -2.000   0.1007   0.02089   0.01147  -0.0879  0.9402  0.1026  -1.6038   0.0000   0.0000   0.0000   1.1281
  -1.500   0.1783   0.01936   0.01008  -0.0918  0.9259  0.1582  -1.2869   0.0000   0.0000   0.0000   0.7673
  -1.000   0.2509   0.01803   0.00927  -0.0949  0.9092  0.2994  -0.9686   0.0000   0.0000   0.0000   0.6293
  -0.500   0.3316   0.01580   0.00857  -0.0985  0.8950  1.0000  -0.6590   0.0000   0.0000   0.0000   0.5474
   0.000   0.4078   0.01567   0.00799  -0.1016  0.8773  1.0000  -0.5831   0.0000   0.0000   0.0000   0.4988
   0.500   0.4750   0.01559   0.00762  -0.1029  0.8555  1.0000  -0.6289   0.0000   0.0000   0.0000   0.4658
   1.000   0.5390   0.01552   0.00737  -0.1035  0.8321  1.0000  -0.6755   0.0000   0.0000   0.0000   0.4407
   1.500   0.6018   0.01548   0.00720  -0.1038  0.8079  1.0000  -0.7240   0.0000   0.0000   0.0000   0.4207
   2.000   0.6627   0.01550   0.00714  -0.1036  0.7828  1.0000  -0.7750   0.0000   0.0000   0.0000   0.4042
   2.500   0.7219   0.01563   0.00724  -0.1032  0.7569  1.0000  -0.8289   0.0000   0.0000   0.0000   0.3904
   3.000   0.7796   0.01587   0.00745  -0.1025  0.7309  1.0000  -0.8882   0.0000   0.0000   0.0000   0.3785
   3.500   0.8339   0.01629   0.00795  -0.1014  0.7036  1.0000  -1.0967   0.0000   0.0000   0.0000   0.3682
   4.000   0.8872   0.01682   0.00857  -0.1002  0.6768  1.0000  -1.3653   0.0000   0.0000   0.0000   0.3590
   4.500   0.9401   0.01742   0.00935  -0.0988  0.6503  1.0000  -1.6717   0.0000   0.0000   0.0000   0.3507
   5.000   0.9924   0.01804   0.01021  -0.0972  0.6226  1.0000  -2.0321   0.0000   0.0000   0.0000   0.3431
   5.500   1.0399   0.01816   0.01039  -0.0937  0.5735  1.0000  -2.4543   0.0000   0.0000   0.0000   0.3346
   6.000   1.0778   0.01835   0.01055  -0.0885  0.4994  1.0000  -2.8841   0.0000   0.0000   0.0000   0.3260
   6.500   1.1077   0.01917   0.01130  -0.0826  0.3885  1.0000  -3.2935   0.0000   0.0000   0.0000   0.3178
   7.000   1.1014   0.02397   0.01415  -0.0733  0.1134  1.0000  -3.4739   0.0000   0.0000   0.0000   0.3093
   7.500   1.1136   0.02775   0.01772  -0.0669  0.0751  1.0000  -3.7053   0.0000   0.0000   0.0000   0.3022
   8.000   1.1295   0.03105   0.02107  -0.0609  0.0605  1.0000  -3.9581   0.0000   0.0000   0.0000   0.2954
   8.500   1.1622   0.03491   0.02488  -0.0572  0.0511  1.0000  -4.2697   0.0000   0.0000   0.0000   0.2901
   9.000   1.2158   0.03977   0.03007  -0.0562  0.0432  1.0000  -4.6847   0.0000   0.0000   0.0000   0.2865
   9.500   1.2551   0.04530   0.03617  -0.0539  0.0378  1.0000  -5.0093   0.0000   0.0000   0.0000   0.2826
  10.000   1.2869   0.05206   0.04341  -0.0513  0.0356  1.0000  -5.2795   0.0000   0.0000   0.0000   0.2789
  10.500   1.2817   0.05889   0.05116  -0.0449  0.0352  1.0000  -5.2802   0.0000   0.0000   0.0000   0.2735
  11.000   1.2593   0.06570   0.05865  -0.0386  0.0352  1.0000  -5.2357   0.0000   0.0000   0.0000   0.2685
  11.500   1.2269   0.07334   0.06686  -0.0347  0.0352  1.0000  -5.1517   0.0000   0.0000   0.0000   0.2655
  12.000   1.1908   0.08247   0.07647  -0.0342  0.0353  1.0000  -5.0398   0.0000   0.0000   0.0000   0.2653
  12.500   1.1549   0.09326   0.08764  -0.0372  0.0355  1.0000  -4.9074   0.0000   0.0000   0.0000   0.2680


