xflr5 v6.61

 Calculated polar for: NACA4412_7_20

 1 1 Reynolds number fixed          Mach number fixed         

 xtrf =   1.000 (top)        1.000 (bottom)
 Mach =   0.200     Re =     0.090 e 6     Ncrit =   9.000

  alpha     CL        CD       CDp       Cm    Top Xtr Bot Xtr   Cpmin    Chinge    XCp    
 ------- -------- --------- --------- -------- ------- ------- -------- --------- ---------
 -23.500  -0.5126   0.24658   0.24160   0.0263  1.0000  0.0231  -0.9607   0.0000   0.0000   0.0000   0.2947
 -23.000  -0.5022   0.24088   0.23586   0.0232  1.0000  0.0241  -0.9492   0.0000   0.0000   0.0000   0.2901
 -22.500  -0.4918   0.23538   0.23033   0.0201  1.0000  0.0254  -0.9489   0.0000   0.0000   0.0000   0.2851
 -22.000  -0.4820   0.23052   0.22543   0.0168  1.0000  0.0263  -0.9757   0.0000   0.0000   0.0000   0.2793
 -21.500  -0.4712   0.22463   0.21953   0.0139  1.0000  0.0268  -0.9589   0.0000   0.0000   0.0000   0.2743
 -21.000  -0.4600   0.21895   0.21381   0.0112  1.0000  0.0281  -0.9239   0.0000   0.0000   0.0000   0.2694
 -20.500  -0.4492   0.21369   0.20852   0.0083  1.0000  0.0294  -0.9325   0.0000   0.0000   0.0000   0.2638
 -20.000  -0.4389   0.20890   0.20371   0.0052  1.0000  0.0305  -0.9755   0.0000   0.0000   0.0000   0.2575
 -19.500  -0.4294   0.20437   0.19917   0.0021  1.0000  0.0310  -1.0247   0.0000   0.0000   0.0000   0.2507
 -19.000  -0.4168   0.19820   0.19297  -0.0001  1.0000  0.0324  -0.9887   0.0000   0.0000   0.0000   0.2458
 -18.500  -0.4059   0.19323   0.18798  -0.0027  1.0000  0.0340  -0.9940   0.0000   0.0000   0.0000   0.2394
 -18.000  -0.3963   0.18893   0.18366  -0.0056  1.0000  0.0354  -1.0286   0.0000   0.0000   0.0000   0.2320
 -17.500  -0.3857   0.18380   0.17852  -0.0081  1.0000  0.0363  -1.0294   0.0000   0.0000   0.0000   0.2253
 -17.000  -0.3742   0.17873   0.17344  -0.0102  1.0000  0.0386  -1.0015   0.0000   0.0000   0.0000   0.2190
 -16.500  -0.3659   0.17492   0.16961  -0.0130  1.0000  0.0405  -1.0312   0.0000   0.0000   0.0000   0.2108
 -16.000  -0.3556   0.16985   0.16454  -0.0152  1.0000  0.0415  -1.0196   0.0000   0.0000   0.0000   0.2038
 -15.500  -0.3448   0.16498   0.15965  -0.0170  1.0000  0.0438  -0.9859   0.0000   0.0000   0.0000   0.1972
 -15.000  -0.3381   0.16140   0.15608  -0.0195  1.0000  0.0458  -1.0452   0.0000   0.0000   0.0000   0.1889
 -14.500  -0.3299   0.15677   0.15145  -0.0213  1.0000  0.0470  -1.0743   0.0000   0.0000   0.0000   0.1819
 -14.000  -0.3209   0.15224   0.14691  -0.0227  1.0000  0.0496  -1.0765   0.0000   0.0000   0.0000   0.1757
 -13.500  -0.3197   0.14963   0.14430  -0.0248  1.0000  0.0517  -1.1527   0.0000   0.0000   0.0000   0.1688
 -13.000  -0.3100   0.14397   0.13864  -0.0259  1.0000  0.0535  -1.1475   0.0000   0.0000   0.0000   0.1628
 -12.500  -0.3033   0.13929   0.13398  -0.0275  1.0000  0.0571  -1.1688   0.0000   0.0000   0.0000   0.1557
 -12.000  -0.2964   0.13383   0.12856  -0.0288  1.0000  0.0595  -1.1852   0.0000   0.0000   0.0000   0.1491
 -11.500  -0.2906   0.12874   0.12350  -0.0302  1.0000  0.0636  -1.2023   0.0000   0.0000   0.0000   0.1424
 -11.000  -0.2847   0.12287   0.11767  -0.0313  1.0000  0.0657  -1.2165   0.0000   0.0000   0.0000   0.1366
 -10.500  -0.2791   0.11723   0.11208  -0.0321  1.0000  0.0699  -1.2176   0.0000   0.0000   0.0000   0.1316
 -10.000  -0.2766   0.11135   0.10627  -0.0329  1.0000  0.0723  -1.2410   0.0000   0.0000   0.0000   0.1276
  -9.750  -0.3641   0.11907   0.11354  -0.0279  1.0000  0.0692  -1.4955   0.0000   0.0000   0.0000   0.1683
  -9.500  -0.2729   0.10559   0.10059  -0.0332  1.0000  0.0770  -1.2361   0.0000   0.0000   0.0000   0.1251
  -9.250  -0.3617   0.11384   0.10842  -0.0303  1.0000  0.0718  -1.5534   0.0000   0.0000   0.0000   0.1613
  -9.000  -0.2712   0.09951   0.09460  -0.0332  1.0000  0.0799  -1.2412   0.0000   0.0000   0.0000   0.1245
  -8.750  -0.3516   0.10773   0.10239  -0.0305  1.0000  0.0767  -1.5091   0.0000   0.0000   0.0000   0.1587
  -8.500  -0.2746   0.09431   0.08949  -0.0333  1.0000  0.0847  -1.2840   0.0000   0.0000   0.0000   0.1261
  -8.250  -0.3493   0.10225   0.09704  -0.0312  1.0000  0.0797  -1.5231   0.0000   0.0000   0.0000   0.1566
  -8.000  -0.2727   0.08818   0.08347  -0.0318  1.0000  0.0890  -1.2842   0.0000   0.0000   0.0000   0.1311
  -7.750  -0.3522   0.09780   0.09275  -0.0311  1.0000  0.0846  -1.5603   0.0000   0.0000   0.0000   0.1580
  -7.500  -0.2947   0.08472   0.08021  -0.0309  1.0000  0.0927  -1.3879   0.0000   0.0000   0.0000   0.1434
  -7.250  -0.3557   0.09278   0.08787  -0.0289  1.0000  0.0878  -1.5760   0.0000   0.0000   0.0000   0.1654
  -7.000  -0.2962   0.07902   0.07463  -0.0270  1.0000  0.0990  -1.3583   0.0000   0.0000   0.0000   0.1574
  -6.750  -0.3725   0.08946   0.08476  -0.0286  1.0000  0.0925  -1.6592   0.0000   0.0000   0.0000   0.1706
  -6.500  -0.3339   0.07703   0.07286  -0.0236  1.0000  0.1006  -1.4708   0.0000   0.0000   0.0000   0.1782
  -6.250  -0.3728   0.08418   0.07961  -0.0261  1.0000  0.0984  -1.6409   0.0000   0.0000   0.0000   0.1776
  -6.000  -0.3377   0.07149   0.06744  -0.0193  1.0000  0.1064  -1.4365   0.0000   0.0000   0.0000   0.1918
  -5.750  -0.3746   0.07911   0.07465  -0.0262  1.0000  0.1044  -1.6649   0.0000   0.0000   0.0000   0.1780
  -5.250  -0.3693   0.07355   0.06914  -0.0282  1.0000  0.1118  -1.6891   0.0000   0.0000   0.0000   0.1720
  -5.000  -0.3591   0.07034   0.06588  -0.0339  1.0000  0.1178  -1.7496   0.0000   0.0000   0.0000   0.1538
  -4.750  -0.3549   0.06761   0.06321  -0.0307  1.0000  0.1215  -1.6860   0.0000   0.0000   0.0000   0.1619
  -4.500  -0.3422   0.06424   0.05979  -0.0339  1.0000  0.1279  -1.6967   0.0000   0.0000   0.0000   0.1492
  -4.250  -0.3263   0.06095   0.05642  -0.0371  1.0000  0.1361  -1.6936   0.0000   0.0000   0.0000   0.1346
  -4.000  -0.3097   0.05779   0.05317  -0.0394  1.0000  0.1452  -1.6703   0.0000   0.0000   0.0000   0.1212
  -3.500  -0.2794   0.05224   0.04755  -0.0403  1.0000  0.1681  -1.5574   0.0000   0.0000   0.0000   0.1041
  -3.250  -0.2566   0.04927   0.04444  -0.0432  1.0000  0.1855  -1.5104   0.0000   0.0000   0.0000   0.0800
  -2.750  -0.1554   0.03683   0.03050  -0.0588  1.0000  0.1175  -1.7784   0.0000   0.0000   0.0000  -0.1317
  -2.500  -0.1114   0.03110   0.02392  -0.0623  0.9997  0.0922  -1.9154   0.0000   0.0000   0.0000  -0.3138
  -2.250  -0.0606   0.02763   0.01974  -0.0667  0.9948  0.0892  -1.8822   0.0000   0.0000   0.0000  -0.8590
  -2.000  -0.0118   0.02541   0.01688  -0.0706  0.9890  0.0952  -1.7808   0.0000   0.0000   0.0000  -5.7683
  -1.750   0.0351   0.02384   0.01489  -0.0740  0.9822  0.1044  -1.6591   0.0000   0.0000   0.0000   2.3733
  -1.500   0.0806   0.02270   0.01353  -0.0773  0.9747  0.1207  -1.5242   0.0000   0.0000   0.0000   1.2141
  -1.250   0.1247   0.02182   0.01261  -0.0804  0.9666  0.1473  -1.3629   0.0000   0.0000   0.0000   0.8972
  -1.000   0.1681   0.02106   0.01197  -0.0834  0.9579  0.1931  -1.2074   0.0000   0.0000   0.0000   0.7475
  -0.750   0.2096   0.02023   0.01155  -0.0860  0.9490  0.2801  -1.0525   0.0000   0.0000   0.0000   0.6614
  -0.500   0.2526   0.01778   0.01104  -0.0883  0.9425  1.0000  -0.8854   0.0000   0.0000   0.0000   0.6000
  -0.250   0.2951   0.01801   0.01084  -0.0911  0.9310  1.0000  -0.7240   0.0000   0.0000   0.0000   0.5586
   0.000   0.3368   0.01820   0.01075  -0.0937  0.9196  1.0000  -0.5674   0.0000   0.0000   0.0000   0.5279
   0.250   0.3782   0.01833   0.01067  -0.0962  0.9081  1.0000  -0.5435   0.0000   0.0000   0.0000   0.5038
   0.500   0.4192   0.01842   0.01060  -0.0986  0.8968  1.0000  -0.5693   0.0000   0.0000   0.0000   0.4843
   0.750   0.4606   0.01844   0.01051  -0.1009  0.8857  1.0000  -0.5963   0.0000   0.0000   0.0000   0.4680
   1.000   0.5038   0.01839   0.01037  -0.1034  0.8757  1.0000  -0.6253   0.0000   0.0000   0.0000   0.4541
   1.250   0.5466   0.01824   0.01016  -0.1057  0.8663  1.0000  -0.6553   0.0000   0.0000   0.0000   0.4419
   1.500   0.5821   0.01820   0.01009  -0.1066  0.8542  1.0000  -0.6815   0.0000   0.0000   0.0000   0.4315
   1.750   0.6163   0.01816   0.01004  -0.1072  0.8420  1.0000  -0.7081   0.0000   0.0000   0.0000   0.4221
   2.000   0.6494   0.01813   0.01000  -0.1076  0.8296  1.0000  -0.7350   0.0000   0.0000   0.0000   0.4136
   2.250   0.6816   0.01812   0.01000  -0.1078  0.8170  1.0000  -0.7624   0.0000   0.0000   0.0000   0.4059
   2.500   0.7129   0.01814   0.01006  -0.1077  0.8044  1.0000  -0.7906   0.0000   0.0000   0.0000   0.3987
   2.750   0.7434   0.01818   0.01013  -0.1076  0.7916  1.0000  -0.8198   0.0000   0.0000   0.0000   0.3921
   3.000   0.7733   0.01826   0.01024  -0.1073  0.7789  1.0000  -0.8737   0.0000   0.0000   0.0000   0.3860
   3.250   0.8027   0.01836   0.01043  -0.1070  0.7661  1.0000  -0.9932   0.0000   0.0000   0.0000   0.3803
   3.500   0.8318   0.01849   0.01062  -0.1066  0.7534  1.0000  -1.1274   0.0000   0.0000   0.0000   0.3749
   3.750   0.8607   0.01864   0.01084  -0.1061  0.7408  1.0000  -1.2794   0.0000   0.0000   0.0000   0.3698
   4.000   0.8895   0.01880   0.01108  -0.1056  0.7282  1.0000  -1.4388   0.0000   0.0000   0.0000   0.3650
   4.250   0.9184   0.01897   0.01137  -0.1050  0.7155  1.0000  -1.6179   0.0000   0.0000   0.0000   0.3605
   4.500   0.9467   0.01916   0.01168  -0.1044  0.7022  1.0000  -1.8164   0.0000   0.0000   0.0000   0.3561
   4.750   0.9735   0.01943   0.01208  -0.1035  0.6880  1.0000  -2.0311   0.0000   0.0000   0.0000   0.3519
   5.000   0.9981   0.01968   0.01251  -0.1021  0.6707  1.0000  -2.2441   0.0000   0.0000   0.0000   0.3477
   5.250   1.0229   0.01904   0.01188  -0.0992  0.6379  1.0000  -2.4782   0.0000   0.0000   0.0000   0.3420
   5.500   1.0450   0.01837   0.01112  -0.0957  0.5956  1.0000  -2.7363   0.0000   0.0000   0.0000   0.3363
   5.750   1.0660   0.01821   0.01095  -0.0928  0.5575  1.0000  -2.9859   0.0000   0.0000   0.0000   0.3314
   6.000   1.0818   0.01822   0.01103  -0.0893  0.5070  1.0000  -3.2042   0.0000   0.0000   0.0000   0.3266
   6.250   1.0873   0.01860   0.01110  -0.0838  0.3933  1.0000  -3.3461   0.0000   0.0000   0.0000   0.3208
   6.500   1.0705   0.02223   0.01278  -0.0771  0.1457  1.0000  -3.3390   0.0000   0.0000   0.0000   0.3154
   6.750   1.0735   0.02475   0.01489  -0.0732  0.1061  1.0000  -3.4059   0.0000   0.0000   0.0000   0.3114
   7.000   1.0817   0.02670   0.01675  -0.0700  0.0906  1.0000  -3.5029   0.0000   0.0000   0.0000   0.3076
   7.250   1.0937   0.02859   0.01853  -0.0673  0.0793  1.0000  -3.6232   0.0000   0.0000   0.0000   0.3042
   7.500   1.1151   0.03079   0.02060  -0.0658  0.0718  1.0000  -3.7568   0.0000   0.0000   0.0000   0.3013
   7.750   1.1435   0.03324   0.02297  -0.0654  0.0640  1.0000  -3.9571   0.0000   0.0000   0.0000   0.2992
   8.000   1.1759   0.03597   0.02593  -0.0651  0.0600  1.0000  -4.1310   0.0000   0.0000   0.0000   0.2971
   8.250   1.2043   0.03907   0.02926  -0.0645  0.0565  1.0000  -4.2939   0.0000   0.0000   0.0000   0.2950
   8.500   1.2264   0.04202   0.03257  -0.0632  0.0535  1.0000  -4.4282   0.0000   0.0000   0.0000   0.2927
   8.750   1.2467   0.04564   0.03662  -0.0616  0.0531  1.0000  -4.5087   0.0000   0.0000   0.0000   0.2903
   9.000   1.2584   0.04949   0.04107  -0.0590  0.0539  1.0000  -4.5141   0.0000   0.0000   0.0000   0.2875
   9.250   1.2642   0.05365   0.04581  -0.0560  0.0554  1.0000  -4.4914   0.0000   0.0000   0.0000   0.2847
   9.500   1.2685   0.05790   0.05049  -0.0534  0.0566  1.0000  -4.4887   0.0000   0.0000   0.0000   0.2822
   9.750   1.2703   0.06218   0.05510  -0.0509  0.0573  1.0000  -4.4936   0.0000   0.0000   0.0000   0.2799
  10.000   1.2707   0.06661   0.05981  -0.0486  0.0578  1.0000  -4.5018   0.0000   0.0000   0.0000   0.2779
  10.250   1.2375   0.07021   0.06410  -0.0433  0.0616  1.0000  -4.2911   0.0000   0.0000   0.0000   0.2744
  10.500   1.2225   0.07423   0.06835  -0.0406  0.0628  1.0000  -4.2448   0.0000   0.0000   0.0000   0.2724
  10.750   1.2145   0.07875   0.07300  -0.0390  0.0639  1.0000  -4.2320   0.0000   0.0000   0.0000   0.2710
  11.000   1.1682   0.08361   0.07829  -0.0377  0.0682  1.0000  -3.9983   0.0000   0.0000   0.0000   0.2710
  11.250   1.1538   0.08904   0.08384  -0.0382  0.0701  1.0000  -3.9433   0.0000   0.0000   0.0000   0.2715
  11.500   1.1504   0.09655   0.09147  -0.0391  0.0781  1.0000  -3.8401   0.0000   0.0000   0.0000   0.2721
  11.750   1.0850   0.10535   0.10055  -0.0473  0.0795  1.0000  -3.5270   0.0000   0.0000   0.0000   0.2815
  12.000   1.0426   0.11782   0.11306  -0.0576  0.0811  1.0000  -3.2250   0.0000   0.0000   0.0000   0.2932


