xflr5 v6.61

 Calculated polar for: NACA4412_8_00

 1 1 Reynolds number fixed          Mach number fixed         

 xtrf =   1.000 (top)        1.000 (bottom)
 Mach =   0.200     Re =     0.025 e 6     Ncrit =   7.000

  alpha     CL        CD       CDp       Cm    Top Xtr Bot Xtr   Cpmin    Chinge    XCp    
 ------- -------- --------- --------- -------- ------- ------- -------- --------- ---------
 -24.500  -0.8021   0.30466   0.29342   0.0636  1.0000  0.0740  -1.5649   0.0000   0.0000   0.0000   0.3122
 -24.000  -0.7858   0.29981   0.28855   0.0590  1.0000  0.0769  -1.5493   0.0000   0.0000   0.0000   0.3086
 -23.500  -0.7700   0.29561   0.28437   0.0542  1.0000  0.0785  -1.5419   0.0000   0.0000   0.0000   0.3046
 -23.000  -0.7519   0.28782   0.27652   0.0505  1.0000  0.0819  -1.4933   0.0000   0.0000   0.0000   0.3019
 -22.500  -0.7360   0.28383   0.27253   0.0458  1.0000  0.0849  -1.5073   0.0000   0.0000   0.0000   0.2977
 -22.000  -0.7183   0.27678   0.26548   0.0419  1.0000  0.0874  -1.4954   0.0000   0.0000   0.0000   0.2944
 -21.500  -0.7014   0.27144   0.26012   0.0378  1.0000  0.0916  -1.4913   0.0000   0.0000   0.0000   0.2904
 -21.000  -0.6845   0.26556   0.25426   0.0338  1.0000  0.0945  -1.4874   0.0000   0.0000   0.0000   0.2864
 -20.500  -0.6675   0.26000   0.24869   0.0299  1.0000  0.0996  -1.4771   0.0000   0.0000   0.0000   0.2823
 -20.000  -0.6502   0.25359   0.24229   0.0262  1.0000  0.1030  -1.4638   0.0000   0.0000   0.0000   0.2783
 -19.500  -0.6341   0.24864   0.23735   0.0223  1.0000  0.1080  -1.4566   0.0000   0.0000   0.0000   0.2736
 -19.000  -0.6161   0.24161   0.23034   0.0189  1.0000  0.1118  -1.4327   0.0000   0.0000   0.0000   0.2696
 -18.500  -0.6014   0.23733   0.22607   0.0150  1.0000  0.1168  -1.4285   0.0000   0.0000   0.0000   0.2644
 -18.000  -0.5826   0.22958   0.21832   0.0121  1.0000  0.1216  -1.3909   0.0000   0.0000   0.0000   0.2604
 -17.500  -0.5708   0.22660   0.21542   0.0081  1.0000  0.1261  -1.3986   0.0000   0.0000   0.0000   0.2543
 -17.000  -0.5515   0.21852   0.20733   0.0055  1.0000  0.1336  -1.3820   0.0000   0.0000   0.0000   0.2504
 -16.500  -0.5344   0.21165   0.20048   0.0028  1.0000  0.1403  -1.3768   0.0000   0.0000   0.0000   0.2458
 -16.000  -0.5196   0.20588   0.19476  -0.0002  1.0000  0.1469  -1.3824   0.0000   0.0000   0.0000   0.2407
 -15.500  -0.5100   0.20246   0.19143  -0.0034  1.0000  0.1537  -1.4069   0.0000   0.0000   0.0000   0.2347
 -15.000  -0.4926   0.19499   0.18397  -0.0056  1.0000  0.1625  -1.3908   0.0000   0.0000   0.0000   0.2302
 -14.500  -0.4760   0.18783   0.17683  -0.0077  1.0000  0.1708  -1.3767   0.0000   0.0000   0.0000   0.2256
 -14.000  -0.4615   0.18137   0.17042  -0.0098  1.0000  0.1792  -1.3677   0.0000   0.0000   0.0000   0.2207
 -13.500  -0.4485   0.17525   0.16437  -0.0118  1.0000  0.1893  -1.3588   0.0000   0.0000   0.0000   0.2159
 -13.000  -0.4365   0.16932   0.15851  -0.0135  1.0000  0.2011  -1.3483   0.0000   0.0000   0.0000   0.2114
 -12.500  -0.4268   0.16385   0.15311  -0.0152  1.0000  0.2137  -1.3409   0.0000   0.0000   0.0000   0.2071
 -12.000  -0.4195   0.15878   0.14813  -0.0167  1.0000  0.2261  -1.3374   0.0000   0.0000   0.0000   0.2032
 -11.500  -0.4066   0.15186   0.14130  -0.0177  1.0000  0.2392  -1.3336   0.0000   0.0000   0.0000   0.1995
 -11.000  -0.3914   0.14463   0.13414  -0.0183  1.0000  0.2552  -1.3266   0.0000   0.0000   0.0000   0.1964
 -10.500  -0.3883   0.14005   0.12966  -0.0190  1.0000  0.2723  -1.3458   0.0000   0.0000   0.0000   0.1947
 -10.000  -0.3743   0.13295   0.12266  -0.0188  1.0000  0.2947  -1.3318   0.0000   0.0000   0.0000   0.1934
  -9.500  -0.3652   0.12688   0.11672  -0.0183  1.0000  0.3198  -1.3247   0.0000   0.0000   0.0000   0.1937
  -9.000  -0.3599   0.12145   0.11144  -0.0173  1.0000  0.3470  -1.3205   0.0000   0.0000   0.0000   0.1960
  -8.500  -0.3495   0.11496   0.10510  -0.0158  1.0000  0.3768  -1.3008   0.0000   0.0000   0.0000   0.1989
  -7.500  -0.3220   0.10174   0.09212  -0.0095  1.0000  0.4800  -1.2177   0.0000   0.0000   0.0000   0.2146
  -7.000  -0.3007   0.09456   0.08504  -0.0045  1.0000  0.5685  -1.1773   0.0000   0.0000   0.0000   0.2289
  -6.500  -0.1409   0.07299   0.06288  -0.0138  1.0000  0.9058  -0.9862   0.0000   0.0000   0.0000   0.1383
  -6.000  -0.0980   0.06545   0.05533  -0.0202  1.0000  0.9457  -0.9493   0.0000   0.0000   0.0000   0.0257
  -5.500  -0.2057   0.07153   0.06214  -0.0001  1.0000  0.7901  -1.0669   0.0000   0.0000   0.0000   0.2423
  -4.000  -0.3037   0.06217   0.05302  -0.0419  1.0000  0.1937  -1.7764   0.0000   0.0000   0.0000   0.1096
  -3.500  -0.2559   0.05434   0.04457  -0.0485  1.0000  0.1828  -1.7878   0.0000   0.0000   0.0000   0.0577
  -3.000  -0.2046   0.04782   0.03742  -0.0530  1.0000  0.1867  -1.7267   0.0000   0.0000   0.0000  -0.0121
  -2.500  -0.1468   0.04228   0.03099  -0.0571  1.0000  0.1979  -1.6678   0.0000   0.0000   0.0000  -0.1428
  -2.000  -0.0877   0.03815   0.02583  -0.0596  1.0000  0.2213  -1.5621   0.0000   0.0000   0.0000  -0.4353
  -1.500  -0.0278   0.03517   0.02197  -0.0612  1.0000  0.2646  -1.4193   0.0000   0.0000   0.0000  -1.9664
  -1.000   0.0283   0.03275   0.01916  -0.0617  1.0000  0.3450  -1.2699   0.0000   0.0000   0.0000   2.4410
  -0.500   0.0782   0.02907   0.01721  -0.0601  1.0000  0.5999  -1.1138   0.0000   0.0000   0.0000   1.0209
   0.000   0.1154   0.02888   0.01606  -0.0581  1.0000  1.0000  -0.9843   0.0000   0.0000   0.0000   0.7541
   0.500   0.1553   0.03034   0.01655  -0.0578  1.0000  1.0000  -0.7909   0.0000   0.0000   0.0000   0.6218
   1.000   0.1926   0.03203   0.01762  -0.0576  1.0000  1.0000  -0.6220   0.0000   0.0000   0.0000   0.5477
   1.500   0.2284   0.03395   0.01906  -0.0575  1.0000  1.0000  -0.4729   0.0000   0.0000   0.0000   0.5000
   2.000   0.2680   0.03622   0.02098  -0.0586  0.9972  1.0000  -0.4931   0.0000   0.0000   0.0000   0.4660
   2.500   0.3479   0.03960   0.02406  -0.0670  0.9682  1.0000  -0.5405   0.0000   0.0000   0.0000   0.4399
   3.000   0.4171   0.04274   0.02706  -0.0732  0.9398  1.0000  -0.5854   0.0000   0.0000   0.0000   0.4222
   3.500   0.4826   0.04589   0.03021  -0.0784  0.9123  1.0000  -0.6328   0.0000   0.0000   0.0000   0.4087
   4.000   0.5370   0.04895   0.03335  -0.0815  0.8847  1.0000  -0.6779   0.0000   0.0000   0.0000   0.3978
   4.500   0.5906   0.05216   0.03678  -0.0844  0.8577  1.0000  -0.7314   0.0000   0.0000   0.0000   0.3884
   5.000   0.6422   0.05552   0.04039  -0.0868  0.8302  1.0000  -0.8259   0.0000   0.0000   0.0000   0.3802
   5.500   0.6917   0.05904   0.04429  -0.0887  0.8021  1.0000  -0.9891   0.0000   0.0000   0.0000   0.3728
   6.000   0.7390   0.06270   0.04838  -0.0900  0.7724  1.0000  -1.1883   0.0000   0.0000   0.0000   0.3660
   6.500   0.7739   0.06658   0.05275  -0.0898  0.7405  1.0000  -1.3776   0.0000   0.0000   0.0000   0.3597
   7.000   0.8192   0.07050   0.05724  -0.0902  0.7045  1.0000  -1.6219   0.0000   0.0000   0.0000   0.3534
   7.500   0.8599   0.07439   0.06183  -0.0895  0.6620  1.0000  -1.8761   0.0000   0.0000   0.0000   0.3468
   8.000   0.9236   0.07642   0.06483  -0.0872  0.6000  1.0000  -2.2751   0.0000   0.0000   0.0000   0.3367
   8.500   1.1148   0.04811   0.03715  -0.0528  0.2726  1.0000  -3.4825   0.0000   0.0000   0.0000   0.2884
   9.000   1.1302   0.05402   0.04230  -0.0470  0.2021  1.0000  -3.6101   0.0000   0.0000   0.0000   0.2819
   9.500   1.1568   0.06120   0.04968  -0.0439  0.1669  1.0000  -3.7468   0.0000   0.0000   0.0000   0.2777
  10.000   1.1708   0.06939   0.05844  -0.0413  0.1497  1.0000  -3.8161   0.0000   0.0000   0.0000   0.2745
  10.500   1.1644   0.07850   0.06815  -0.0391  0.1423  1.0000  -3.8019   0.0000   0.0000   0.0000   0.2723
  11.000   1.1275   0.08964   0.07986  -0.0396  0.1420  1.0000  -3.6547   0.0000   0.0000   0.0000   0.2733
  11.500   1.0864   0.10334   0.09386  -0.0442  0.1436  1.0000  -3.4533   0.0000   0.0000   0.0000   0.2785
  12.000   1.0242   0.12356   0.11408  -0.0571  0.1521  1.0000  -3.0450   0.0000   0.0000   0.0000   0.2933
  12.500   1.0042   0.13919   0.12961  -0.0650  0.1534  1.0000  -2.8368   0.0000   0.0000   0.0000   0.3020
  13.000   0.9802   0.15506   0.14529  -0.0748  0.1589  1.0000  -2.5753   0.0000   0.0000   0.0000   0.3133
  13.500   0.9787   0.16722   0.15740  -0.0805  0.1613  1.0000  -2.4570   0.0000   0.0000   0.0000   0.3188
  14.000   0.9838   0.17857   0.16875  -0.0853  0.1637  1.0000  -2.3808   0.0000   0.0000   0.0000   0.3228
  14.500   0.9798   0.19044   0.18054  -0.0931  0.1761  1.0000  -2.2291   0.0000   0.0000   0.0000   0.3306
  15.000   0.9621   0.20852   0.19859  -0.1110  0.3136  1.0000  -1.8512   0.0000   0.0000   0.0000   0.3507
  15.500   0.9744   0.21686   0.20695  -0.1148  0.3135  1.0000  -1.8432   0.0000   0.0000   0.0000   0.3526
  16.000   0.9938   0.22690   0.21704  -0.1180  0.3094  1.0000  -1.8578   0.0000   0.0000   0.0000   0.3528
  16.500   1.0105   0.23522   0.22541  -0.1210  0.2973  1.0000  -1.8683   0.0000   0.0000   0.0000   0.3531
  17.000   1.0252   0.24249   0.23273  -0.1242  0.2854  1.0000  -1.8689   0.0000   0.0000   0.0000   0.3537
  17.500   1.0359   0.24793   0.23816  -0.1281  0.2753  1.0000  -1.8516   0.0000   0.0000   0.0000   0.3554
  18.000   1.0524   0.25541   0.24566  -0.1315  0.2631  1.0000  -1.8517   0.0000   0.0000   0.0000   0.3559
  18.500   1.0734   0.26509   0.25541  -0.1342  0.2495  1.0000  -1.8662   0.0000   0.0000   0.0000   0.3552
  19.000   1.0893   0.27229   0.26261  -0.1377  0.2378  1.0000  -1.8855   0.0000   0.0000   0.0000   0.3557
  19.500   1.1038   0.27833   0.26869  -0.1417  0.2271  1.0000  -1.9030   0.0000   0.0000   0.0000   0.3568
  20.000   1.1192   0.28490   0.27528  -0.1456  0.2162  1.0000  -1.9218   0.0000   0.0000   0.0000   0.3575


