xflr5 v6.61

 Calculated polar for: NACA4412_7_70

 1 1 Reynolds number fixed          Mach number fixed         

 xtrf =   1.000 (top)        1.000 (bottom)
 Mach =   0.200     Re =     0.060 e 6     Ncrit =   9.000

  alpha     CL        CD       CDp       Cm    Top Xtr Bot Xtr   Cpmin    Chinge    XCp    
 ------- -------- --------- --------- -------- ------- ------- -------- --------- ---------
 -20.500  -0.6641   0.25433   0.24694   0.0314  1.0000  0.0421  -1.4714   0.0000   0.0000   0.0000   0.2852
 -20.000  -0.6465   0.24817   0.24076   0.0276  1.0000  0.0442  -1.4606   0.0000   0.0000   0.0000   0.2810
 -19.500  -0.6300   0.24335   0.23595   0.0230  1.0000  0.0460  -1.4913   0.0000   0.0000   0.0000   0.2754
 -19.000  -0.6121   0.23604   0.22865   0.0198  1.0000  0.0476  -1.4590   0.0000   0.0000   0.0000   0.2716
 -18.500  -0.5947   0.22988   0.22249   0.0162  1.0000  0.0504  -1.4399   0.0000   0.0000   0.0000   0.2669
 -18.000  -0.5800   0.22570   0.21833   0.0116  1.0000  0.0519  -1.4761   0.0000   0.0000   0.0000   0.2601
 -17.500  -0.5610   0.21744   0.21008   0.0091  1.0000  0.0539  -1.4132   0.0000   0.0000   0.0000   0.2566
 -17.000  -0.5445   0.21146   0.20412   0.0057  1.0000  0.0568  -1.3949   0.0000   0.0000   0.0000   0.2512
 -16.500  -0.5313   0.20693   0.19963   0.0015  1.0000  0.0582  -1.4212   0.0000   0.0000   0.0000   0.2438
 -16.000  -0.5119   0.19867   0.19136  -0.0005  1.0000  0.0613  -1.3540   0.0000   0.0000   0.0000   0.2402
 -15.500  -0.4990   0.19377   0.18649  -0.0043  1.0000  0.0641  -1.4026   0.0000   0.0000   0.0000   0.2330
 -15.000  -0.4816   0.18620   0.17894  -0.0065  1.0000  0.0669  -1.3849   0.0000   0.0000   0.0000   0.2283
 -14.500  -0.4701   0.18134   0.17411  -0.0100  1.0000  0.0708  -1.4274   0.0000   0.0000   0.0000   0.2209
 -14.000  -0.4530   0.17370   0.16650  -0.0118  1.0000  0.0744  -1.4017   0.0000   0.0000   0.0000   0.2162
 -13.500  -0.4451   0.16945   0.16231  -0.0154  1.0000  0.0779  -1.4605   0.0000   0.0000   0.0000   0.2080
 -13.000  -0.4268   0.16122   0.15410  -0.0166  1.0000  0.0819  -1.4168   0.0000   0.0000   0.0000   0.2037
 -12.500  -0.4228   0.15741   0.15035  -0.0203  1.0000  0.0853  -1.4869   0.0000   0.0000   0.0000   0.1952
 -12.000  -0.4035   0.14888   0.14185  -0.0210  1.0000  0.0904  -1.4272   0.0000   0.0000   0.0000   0.1912
 -11.500  -0.3958   0.14325   0.13630  -0.0235  1.0000  0.0940  -1.4548   0.0000   0.0000   0.0000   0.1842
 -11.000  -0.3863   0.13746   0.13057  -0.0253  1.0000  0.1001  -1.4528   0.0000   0.0000   0.0000   0.1782
 -10.500  -0.3736   0.13066   0.12381  -0.0263  1.0000  0.1064  -1.4219   0.0000   0.0000   0.0000   0.1735
 -10.000  -0.3648   0.12461   0.11785  -0.0276  1.0000  0.1128  -1.4114   0.0000   0.0000   0.0000   0.1685
  -9.750  -0.3655   0.12267   0.11598  -0.0288  1.0000  0.1165  -1.4349   0.0000   0.0000   0.0000   0.1654
  -9.500  -0.3602   0.11919   0.11255  -0.0291  1.0000  0.1191  -1.4365   0.0000   0.0000   0.0000   0.1636
  -9.250  -0.3549   0.11616   0.10956  -0.0292  1.0000  0.1235  -1.4333   0.0000   0.0000   0.0000   0.1622
  -9.000  -0.3631   0.11526   0.10877  -0.0310  1.0000  0.1259  -1.4974   0.0000   0.0000   0.0000   0.1597
  -8.750  -0.3491   0.11043   0.10395  -0.0297  1.0000  0.1301  -1.4511   0.0000   0.0000   0.0000   0.1597
  -8.500  -0.3535   0.10877   0.10239  -0.0305  1.0000  0.1341  -1.4873   0.0000   0.0000   0.0000   0.1590
  -8.250  -0.3494   0.10544   0.09913  -0.0301  1.0000  0.1370  -1.4845   0.0000   0.0000   0.0000   0.1592
  -8.000  -0.3484   0.10299   0.09674  -0.0297  1.0000  0.1421  -1.4872   0.0000   0.0000   0.0000   0.1604
  -7.750  -0.3654   0.10270   0.09662  -0.0300  1.0000  0.1441  -1.5567   0.0000   0.0000   0.0000   0.1640
  -7.500  -0.3498   0.09798   0.09189  -0.0283  1.0000  0.1499  -1.4987   0.0000   0.0000   0.0000   0.1651
  -7.250  -0.3665   0.09737   0.09145  -0.0274  1.0000  0.1530  -1.5509   0.0000   0.0000   0.0000   0.1717
  -7.000  -0.3601   0.09384   0.08796  -0.0256  1.0000  0.1581  -1.5200   0.0000   0.0000   0.0000   0.1755
  -6.750  -0.3735   0.09277   0.08704  -0.0256  1.0000  0.1626  -1.5657   0.0000   0.0000   0.0000   0.1784
  -6.500  -0.3693   0.08953   0.08386  -0.0234  1.0000  0.1686  -1.5354   0.0000   0.0000   0.0000   0.1837
  -6.250  -0.3835   0.08863   0.08308  -0.0259  1.0000  0.1731  -1.6048   0.0000   0.0000   0.0000   0.1800
  -6.000  -0.3776   0.08521   0.07971  -0.0224  1.0000  0.1812  -1.5546   0.0000   0.0000   0.0000   0.1881
  -5.750  -0.3789   0.08258   0.07716  -0.0216  1.0000  0.1869  -1.5533   0.0000   0.0000   0.0000   0.1905
  -5.250  -0.3808   0.07805   0.07272  -0.0237  1.0000  0.2040  -1.5766   0.0000   0.0000   0.0000   0.1857
  -5.000  -0.3767   0.07490   0.06963  -0.0208  1.0000  0.2108  -1.5366   0.0000   0.0000   0.0000   0.1927
  -4.750  -0.3731   0.07214   0.06691  -0.0210  1.0000  0.2204  -1.5248   0.0000   0.0000   0.0000   0.1918
  -4.500  -0.3677   0.06937   0.06416  -0.0212  1.0000  0.2318  -1.5065   0.0000   0.0000   0.0000   0.1904
  -4.250  -0.3580   0.06679   0.06154  -0.0251  1.0000  0.2498  -1.5060   0.0000   0.0000   0.0000   0.1781
  -4.000  -0.3516   0.06377   0.05854  -0.0228  1.0000  0.2633  -1.4572   0.0000   0.0000   0.0000   0.1834
  -2.750  -0.1739   0.03953   0.03236  -0.0559  1.0000  0.1474  -1.6881   0.0000   0.0000   0.0000  -0.0746
  -2.500  -0.1329   0.03523   0.02720  -0.0597  1.0000  0.1338  -1.7325   0.0000   0.0000   0.0000  -0.2034
  -2.250  -0.1015   0.03251   0.02398  -0.0611  1.0000  0.1315  -1.7029   0.0000   0.0000   0.0000  -0.3570
  -2.000  -0.0719   0.03051   0.02143  -0.0620  1.0000  0.1367  -1.6730   0.0000   0.0000   0.0000  -0.6203
  -1.750  -0.0440   0.02895   0.01944  -0.0624  1.0000  0.1426  -1.6247   0.0000   0.0000   0.0000  -1.1789
  -1.500  -0.0178   0.02783   0.01796  -0.0626  1.0000  0.1539  -1.5564   0.0000   0.0000   0.0000  -3.2964
  -1.250   0.0060   0.02700   0.01708  -0.0625  1.0000  0.1682  -1.4620   0.0000   0.0000   0.0000  10.7371
  -1.000   0.0298   0.02636   0.01631  -0.0624  1.0000  0.1876  -1.3834   0.0000   0.0000   0.0000   2.3514
  -0.750   0.0566   0.02588   0.01576  -0.0628  0.9987  0.2174  -1.2970   0.0000   0.0000   0.0000   1.3652
  -0.500   0.1084   0.02529   0.01529  -0.0674  0.9895  0.2908  -1.1444   0.0000   0.0000   0.0000   0.8736
  -0.250   0.1547   0.02295   0.01484  -0.0705  0.9839  0.6327  -1.0011   0.0000   0.0000   0.0000   0.7067
   0.000   0.2018   0.02309   0.01459  -0.0743  0.9683  1.0000  -0.8556   0.0000   0.0000   0.0000   0.6184
   0.250   0.2501   0.02390   0.01498  -0.0788  0.9554  1.0000  -0.6861   0.0000   0.0000   0.0000   0.5648
   0.500   0.2905   0.02458   0.01538  -0.0819  0.9408  1.0000  -0.5534   0.0000   0.0000   0.0000   0.5314
   0.750   0.3333   0.02525   0.01581  -0.0853  0.9272  1.0000  -0.5253   0.0000   0.0000   0.0000   0.5050
   1.000   0.3763   0.02586   0.01624  -0.0886  0.9143  1.0000  -0.5516   0.0000   0.0000   0.0000   0.4843
   1.250   0.4127   0.02644   0.01670  -0.0907  0.9002  1.0000  -0.5747   0.0000   0.0000   0.0000   0.4683
   1.500   0.4474   0.02701   0.01717  -0.0924  0.8862  1.0000  -0.5974   0.0000   0.0000   0.0000   0.4549
   1.750   0.4827   0.02756   0.01766  -0.0941  0.8728  1.0000  -0.6217   0.0000   0.0000   0.0000   0.4432
   2.000   0.5176   0.02809   0.01815  -0.0957  0.8597  1.0000  -0.6467   0.0000   0.0000   0.0000   0.4328
   2.250   0.5516   0.02862   0.01867  -0.0971  0.8470  1.0000  -0.6722   0.0000   0.0000   0.0000   0.4237
   2.500   0.5850   0.02913   0.01919  -0.0982  0.8345  1.0000  -0.6985   0.0000   0.0000   0.0000   0.4154
   2.750   0.6183   0.02964   0.01971  -0.0993  0.8224  1.0000  -0.7260   0.0000   0.0000   0.0000   0.4079
   3.000   0.6535   0.03006   0.02018  -0.1006  0.8110  1.0000  -0.7568   0.0000   0.0000   0.0000   0.4010
   3.250   0.6952   0.03024   0.02046  -0.1025  0.8009  1.0000  -0.7952   0.0000   0.0000   0.0000   0.3944
   3.500   0.7227   0.03084   0.02113  -0.1025  0.7883  1.0000  -0.8252   0.0000   0.0000   0.0000   0.3886
   3.750   0.7494   0.03146   0.02185  -0.1024  0.7756  1.0000  -0.8974   0.0000   0.0000   0.0000   0.3831
   4.000   0.7759   0.03210   0.02262  -0.1022  0.7631  1.0000  -0.9994   0.0000   0.0000   0.0000   0.3779
   4.250   0.8027   0.03272   0.02336  -0.1019  0.7507  1.0000  -1.1161   0.0000   0.0000   0.0000   0.3730
   4.500   0.8310   0.03325   0.02404  -0.1017  0.7386  1.0000  -1.2467   0.0000   0.0000   0.0000   0.3682
   4.750   0.8631   0.03356   0.02454  -0.1017  0.7269  1.0000  -1.4039   0.0000   0.0000   0.0000   0.3634
   5.000   0.9061   0.03316   0.02438  -0.1024  0.7168  1.0000  -1.6072   0.0000   0.0000   0.0000   0.3584
   5.250   0.9328   0.03361   0.02503  -0.1016  0.7030  1.0000  -1.7687   0.0000   0.0000   0.0000   0.3540
   5.500   0.9622   0.03381   0.02550  -0.1007  0.6888  1.0000  -1.9601   0.0000   0.0000   0.0000   0.3495
   5.750   0.9974   0.03347   0.02543  -0.1000  0.6738  1.0000  -2.2081   0.0000   0.0000   0.0000   0.3448
   6.000   1.0233   0.03311   0.02533  -0.0975  0.6514  1.0000  -2.4273   0.0000   0.0000   0.0000   0.3396
   6.250   1.0912   0.02679   0.01915  -0.0930  0.5996  1.0000  -2.9193   0.0000   0.0000   0.0000   0.3291
   6.500   1.1156   0.02534   0.01779  -0.0886  0.5548  1.0000  -3.1877   0.0000   0.0000   0.0000   0.3229
   6.750   1.1284   0.02440   0.01689  -0.0829  0.4954  1.0000  -3.3873   0.0000   0.0000   0.0000   0.3166
   7.000   1.1213   0.02438   0.01653  -0.0748  0.3745  1.0000  -3.4606   0.0000   0.0000   0.0000   0.3094
   7.250   1.1014   0.02738   0.01796  -0.0674  0.2108  1.0000  -3.4399   0.0000   0.0000   0.0000   0.3036
   7.500   1.0976   0.03049   0.02038  -0.0631  0.1603  1.0000  -3.4694   0.0000   0.0000   0.0000   0.2996
   7.750   1.1055   0.03303   0.02259  -0.0601  0.1350  1.0000  -3.5515   0.0000   0.0000   0.0000   0.2961
   8.000   1.1277   0.03541   0.02484  -0.0584  0.1152  1.0000  -3.6787   0.0000   0.0000   0.0000   0.2933
   8.250   1.1686   0.03839   0.02759  -0.0591  0.1002  1.0000  -3.8572   0.0000   0.0000   0.0000   0.2918
   8.500   1.2065   0.04169   0.03105  -0.0595  0.0915  1.0000  -4.0222   0.0000   0.0000   0.0000   0.2902
   8.750   1.2409   0.04544   0.03491  -0.0598  0.0855  1.0000  -4.2039   0.0000   0.0000   0.0000   0.2887
   9.000   1.2539   0.04855   0.03867  -0.0572  0.0821  1.0000  -4.2652   0.0000   0.0000   0.0000   0.2860
   9.250   1.2699   0.05234   0.04290  -0.0554  0.0804  1.0000  -4.3363   0.0000   0.0000   0.0000   0.2837
   9.500   1.2792   0.05637   0.04742  -0.0530  0.0802  1.0000  -4.3668   0.0000   0.0000   0.0000   0.2812
   9.750   1.2810   0.06037   0.05191  -0.0502  0.0802  1.0000  -4.3723   0.0000   0.0000   0.0000   0.2788
  10.000   1.2773   0.06435   0.05634  -0.0473  0.0801  1.0000  -4.3635   0.0000   0.0000   0.0000   0.2763
  10.250   1.2671   0.06832   0.06073  -0.0443  0.0804  1.0000  -4.3315   0.0000   0.0000   0.0000   0.2740
  10.500   1.2503   0.07222   0.06499  -0.0411  0.0811  1.0000  -4.2772   0.0000   0.0000   0.0000   0.2716
  10.750   1.2298   0.07610   0.06915  -0.0381  0.0819  1.0000  -4.2155   0.0000   0.0000   0.0000   0.2696
  11.000   1.2081   0.08034   0.07363  -0.0363  0.0829  1.0000  -4.1500   0.0000   0.0000   0.0000   0.2683
  11.250   1.1874   0.08505   0.07854  -0.0356  0.0838  1.0000  -4.0853   0.0000   0.0000   0.0000   0.2680
  11.500   1.1692   0.09023   0.08386  -0.0359  0.0846  1.0000  -4.0260   0.0000   0.0000   0.0000   0.2684
  11.750   1.1560   0.09575   0.08950  -0.0367  0.0853  1.0000  -3.9810   0.0000   0.0000   0.0000   0.2692
  12.000   1.0908   0.10621   0.10024  -0.0447  0.0913  1.0000  -3.6149   0.0000   0.0000   0.0000   0.2782
  12.250   1.0836   0.11277   0.10683  -0.0470  0.0928  1.0000  -3.5636   0.0000   0.0000   0.0000   0.2803
  12.500   1.0311   0.12846   0.12252  -0.0600  0.0999  1.0000  -3.1233   0.0000   0.0000   0.0000   0.2953
  13.000   0.7950   0.14136   0.13566  -0.0604  0.1303  1.0000  -2.0076   0.0000   0.0000   0.0000   0.3146


