xflr5 v6.61

 Calculated polar for: NACA4412_6_80

 1 1 Reynolds number fixed          Mach number fixed         

 xtrf =   1.000 (top)        1.000 (bottom)
 Mach =   0.200     Re =     0.025 e 6     Ncrit =   9.000

  alpha     CL        CD       CDp       Cm    Top Xtr Bot Xtr   Cpmin    Chinge    XCp    
 ------- -------- --------- --------- -------- ------- ------- -------- --------- ---------
 -24.000  -0.8161   0.30337   0.29238   0.0671  1.0000  0.0813  -1.5515   0.0000   0.0000   0.0000   0.3186
 -23.500  -0.8001   0.29926   0.28826   0.0623  1.0000  0.0847  -1.5469   0.0000   0.0000   0.0000   0.3149
 -23.000  -0.7830   0.29250   0.28148   0.0582  1.0000  0.0873  -1.5229   0.0000   0.0000   0.0000   0.3118
 -22.500  -0.7661   0.28708   0.27604   0.0538  1.0000  0.0915  -1.5017   0.0000   0.0000   0.0000   0.3084
 -22.000  -0.7498   0.28194   0.27091   0.0494  1.0000  0.0940  -1.4874   0.0000   0.0000   0.0000   0.3046
 -21.500  -0.7319   0.27506   0.26399   0.0456  1.0000  0.0985  -1.4497   0.0000   0.0000   0.0000   0.3015
 -21.000  -0.7167   0.27144   0.26041   0.0409  1.0000  0.1012  -1.4476   0.0000   0.0000   0.0000   0.2969
 -20.500  -0.6976   0.26322   0.25215   0.0376  1.0000  0.1063  -1.4268   0.0000   0.0000   0.0000   0.2940
 -20.000  -0.6825   0.25924   0.24820   0.0332  1.0000  0.1095  -1.4441   0.0000   0.0000   0.0000   0.2893
 -19.500  -0.6639   0.25167   0.24061   0.0298  1.0000  0.1154  -1.4251   0.0000   0.0000   0.0000   0.2860
 -19.000  -0.6469   0.24547   0.23443   0.0262  1.0000  0.1199  -1.4204   0.0000   0.0000   0.0000   0.2819
 -18.500  -0.6327   0.24175   0.23072   0.0222  1.0000  0.1257  -1.4294   0.0000   0.0000   0.0000   0.2769
 -18.000  -0.6135   0.23351   0.22248   0.0193  1.0000  0.1325  -1.4012   0.0000   0.0000   0.0000   0.2735
 -17.500  -0.5969   0.22724   0.21625   0.0160  1.0000  0.1382  -1.3894   0.0000   0.0000   0.0000   0.2692
 -17.000  -0.5855   0.22442   0.21347   0.0121  1.0000  0.1441  -1.4012   0.0000   0.0000   0.0000   0.2636
 -16.500  -0.5661   0.21598   0.20502   0.0096  1.0000  0.1523  -1.3640   0.0000   0.0000   0.0000   0.2600
 -16.000  -0.5488   0.20881   0.19789   0.0069  1.0000  0.1596  -1.3358   0.0000   0.0000   0.0000   0.2559
 -15.500  -0.5338   0.20269   0.19181   0.0041  1.0000  0.1670  -1.3148   0.0000   0.0000   0.0000   0.2513
 -15.000  -0.5201   0.19700   0.18616   0.0014  1.0000  0.1756  -1.3079   0.0000   0.0000   0.0000   0.2465
 -14.500  -0.5061   0.19090   0.18011  -0.0010  1.0000  0.1856  -1.3160   0.0000   0.0000   0.0000   0.2421
 -14.000  -0.4912   0.18428   0.17354  -0.0030  1.0000  0.1971  -1.3181   0.0000   0.0000   0.0000   0.2380
 -13.500  -0.4770   0.17776   0.16707  -0.0049  1.0000  0.2097  -1.3197   0.0000   0.0000   0.0000   0.2340
 -13.000  -0.4644   0.17168   0.16103  -0.0067  1.0000  0.2229  -1.3243   0.0000   0.0000   0.0000   0.2301
 -12.500  -0.4547   0.16624   0.15567  -0.0084  1.0000  0.2363  -1.3341   0.0000   0.0000   0.0000   0.2263
 -12.000  -0.4489   0.16169   0.15122  -0.0100  1.0000  0.2493  -1.3513   0.0000   0.0000   0.0000   0.2228
 -11.500  -0.4279   0.15260   0.14217  -0.0106  1.0000  0.2683  -1.3218   0.0000   0.0000   0.0000   0.2200
 -11.000  -0.4211   0.14726   0.13696  -0.0115  1.0000  0.2867  -1.3266   0.0000   0.0000   0.0000   0.2178
 -10.500  -0.4152   0.14219   0.13197  -0.0118  1.0000  0.3097  -1.3259   0.0000   0.0000   0.0000   0.2169
 -10.000  -0.3954   0.13355   0.12340  -0.0115  1.0000  0.3392  -1.2868   0.0000   0.0000   0.0000   0.2162
  -9.500  -0.3851   0.12732   0.11728  -0.0107  1.0000  0.3718  -1.2651   0.0000   0.0000   0.0000   0.2174
  -9.000  -0.3706   0.12018   0.11024  -0.0096  1.0000  0.4095  -1.2364   0.0000   0.0000   0.0000   0.2195
  -8.500  -0.3655   0.11490   0.10509  -0.0071  1.0000  0.4563  -1.2432   0.0000   0.0000   0.0000   0.2260
  -8.000  -0.3356   0.10547   0.09571  -0.0040  1.0000  0.5362  -1.2081   0.0000   0.0000   0.0000   0.2331
  -7.500  -0.2955   0.09531   0.08555  -0.0001  1.0000  0.6669  -1.1562   0.0000   0.0000   0.0000   0.2440
  -7.000  -0.0869   0.06663   0.05611  -0.0311  1.0000  1.0000  -0.9489   0.0000   0.0000   0.0000  -0.1271
  -6.500  -0.0687   0.06186   0.05139  -0.0326  1.0000  1.0000  -0.9331   0.0000   0.0000   0.0000  -0.2471
  -6.000  -0.0510   0.05734   0.04698  -0.0339  1.0000  1.0000  -0.9368   0.0000   0.0000   0.0000  -0.4441
  -5.500  -0.0431   0.05392   0.04370  -0.0326  1.0000  0.9949  -0.9425   0.0000   0.0000   0.0000  -0.5382
  -5.000  -0.1398   0.05913   0.04956  -0.0082  1.0000  0.9029  -1.0232   0.0000   0.0000   0.0000   0.1834
  -4.500  -0.2225   0.06195   0.05307   0.0072  1.0000  0.8012  -1.1055   0.0000   0.0000   0.0000   0.2782
  -4.000  -0.3024   0.06341   0.05519   0.0190  1.0000  0.7160  -1.1971   0.0000   0.0000   0.0000   0.3103
  -2.500  -0.1556   0.04516   0.03520  -0.0521  1.0000  0.2823  -1.5011   0.0000   0.0000   0.0000  -0.0876
  -2.000  -0.0812   0.03928   0.02824  -0.0596  1.0000  0.2838  -1.4401   0.0000   0.0000   0.0000  -0.4886
  -1.500  -0.0124   0.03493   0.02284  -0.0632  1.0000  0.3160  -1.3391   0.0000   0.0000   0.0000  -4.8558
  -1.000   0.0548   0.03135   0.01850  -0.0652  1.0000  0.3990  -1.2147   0.0000   0.0000   0.0000   1.4441
  -0.500   0.1027   0.02599   0.01536  -0.0607  1.0000  0.7601  -1.1202   0.0000   0.0000   0.0000   0.8428
   0.000   0.1611   0.02678   0.01349  -0.0632  1.0000  1.0000  -0.9643   0.0000   0.0000   0.0000   0.6426
   0.500   0.2023   0.02804   0.01385  -0.0627  1.0000  1.0000  -0.7463   0.0000   0.0000   0.0000   0.5594
   1.000   0.2408   0.02954   0.01475  -0.0623  1.0000  1.0000  -0.5507   0.0000   0.0000   0.0000   0.5076
   1.500   0.2776   0.03129   0.01605  -0.0621  1.0000  1.0000  -0.4720   0.0000   0.0000   0.0000   0.4721
   2.000   0.3128   0.03329   0.01776  -0.0621  1.0000  1.0000  -0.4908   0.0000   0.0000   0.0000   0.4464
   2.500   0.3467   0.03554   0.01981  -0.0622  1.0000  1.0000  -0.5099   0.0000   0.0000   0.0000   0.4270
   3.000   0.3796   0.03802   0.02218  -0.0625  1.0000  1.0000  -0.5297   0.0000   0.0000   0.0000   0.4118
   3.500   0.4114   0.04073   0.02487  -0.0630  1.0000  1.0000  -0.5506   0.0000   0.0000   0.0000   0.3997
   4.000   0.4423   0.04367   0.02788  -0.0636  1.0000  1.0000  -0.5735   0.0000   0.0000   0.0000   0.3899
   4.500   0.4722   0.04687   0.03118  -0.0643  1.0000  1.0000  -0.5995   0.0000   0.0000   0.0000   0.3819
   5.000   0.5009   0.05034   0.03486  -0.0652  1.0000  1.0000  -0.6321   0.0000   0.0000   0.0000   0.3754
   5.500   0.5284   0.05410   0.03886  -0.0662  1.0000  1.0000  -0.7204   0.0000   0.0000   0.0000   0.3701
   6.000   0.5546   0.05820   0.04326  -0.0674  1.0000  1.0000  -0.8442   0.0000   0.0000   0.0000   0.3659
   6.500   0.5793   0.06268   0.04812  -0.0689  1.0000  1.0000  -0.9836   0.0000   0.0000   0.0000   0.3627
   7.000   0.6023   0.06758   0.05342  -0.0705  1.0000  1.0000  -1.1311   0.0000   0.0000   0.0000   0.3604
   7.500   0.6235   0.07297   0.05924  -0.0725  1.0000  1.0000  -1.2752   0.0000   0.0000   0.0000   0.3590
   8.000   0.6427   0.07893   0.06573  -0.0748  1.0000  1.0000  -1.4214   0.0000   0.0000   0.0000   0.3586
   8.500   0.6594   0.08561   0.07291  -0.0775  1.0000  1.0000  -1.5682   0.0000   0.0000   0.0000   0.3593
   9.000   1.1857   0.07100   0.06109  -0.0524  0.1832  1.0000  -3.6286   0.0000   0.0000   0.0000   0.2856
  10.000   1.0975   0.09388   0.08496  -0.0520  0.1926  1.0000  -3.2589   0.0000   0.0000   0.0000   0.2880
  10.500   1.0224   0.11323   0.10419  -0.0650  0.2125  1.0000  -2.8371   0.0000   0.0000   0.0000   0.3041
  11.000   0.9936   0.12958   0.12036  -0.0744  0.2249  1.0000  -2.5989   0.0000   0.0000   0.0000   0.3151
  11.500   0.9681   0.14453   0.13513  -0.0836  0.2435  1.0000  -2.3724   0.0000   0.0000   0.0000   0.3263
  12.000   0.9583   0.15873   0.14924  -0.0920  0.2748  1.0000  -2.2033   0.0000   0.0000   0.0000   0.3356
  12.500   0.9074   0.17540   0.16572  -0.1129  0.4617  1.0000  -1.8235   0.0000   0.0000   0.0000   0.3636
  13.000   0.9258   0.18604   0.17643  -0.1160  0.4574  1.0000  -1.8139   0.0000   0.0000   0.0000   0.3639
  13.500   0.9366   0.19391   0.18431  -0.1182  0.4442  1.0000  -1.8051   0.0000   0.0000   0.0000   0.3643
  14.000   0.9500   0.20203   0.19246  -0.1206  0.4305  1.0000  -1.7995   0.0000   0.0000   0.0000   0.3644
  14.500   0.9696   0.21184   0.20229  -0.1230  0.4150  1.0000  -1.8043   0.0000   0.0000   0.0000   0.3638
  15.000   0.9772   0.21699   0.20745  -0.1255  0.3978  1.0000  -1.7836   0.0000   0.0000   0.0000   0.3646
  15.500   0.9927   0.22436   0.21484  -0.1281  0.3803  1.0000  -1.7763   0.0000   0.0000   0.0000   0.3646
  16.000   1.0143   0.23391   0.22444  -0.1305  0.3627  1.0000  -1.7793   0.0000   0.0000   0.0000   0.3636
  16.500   1.0285   0.24063   0.23114  -0.1334  0.3458  1.0000  -1.7641   0.0000   0.0000   0.0000   0.3639
  17.000   1.0443   0.24729   0.23782  -0.1362  0.3267  1.0000  -1.7787   0.0000   0.0000   0.0000   0.3639
  17.500   1.0673   0.25781   0.24843  -0.1387  0.3103  1.0000  -1.8259   0.0000   0.0000   0.0000   0.3627
  18.000   1.0809   0.26366   0.25426  -0.1422  0.2960  1.0000  -1.8369   0.0000   0.0000   0.0000   0.3635
  18.500   1.0946   0.26891   0.25951  -0.1459  0.2797  1.0000  -1.8456   0.0000   0.0000   0.0000   0.3643
  19.000   1.1147   0.27760   0.26825  -0.1487  0.2627  1.0000  -1.8751   0.0000   0.0000   0.0000   0.3637
  19.500   1.1339   0.28668   0.27737  -0.1519  0.2490  1.0000  -1.8958   0.0000   0.0000   0.0000   0.3634
  20.000   1.1485   0.29241   0.28310  -0.1559  0.2369  1.0000  -1.8953   0.0000   0.0000   0.0000   0.3643


