xflr5 v6.61

 Calculated polar for: NACA4412_8_00

 1 1 Reynolds number fixed          Mach number fixed         

 xtrf =   1.000 (top)        1.000 (bottom)
 Mach =   0.200     Re =     0.070 e 6     Ncrit =   9.000

  alpha     CL        CD       CDp       Cm    Top Xtr Bot Xtr   Cpmin    Chinge    XCp    
 ------- -------- --------- --------- -------- ------- ------- -------- --------- ---------
 -25.000  -0.8096   0.30601   0.29919   0.0681  1.0000  0.0273  -1.6104   0.0000   0.0000   0.0000   0.3159
 -24.500  -0.7930   0.30017   0.29332   0.0636  1.0000  0.0285  -1.5823   0.0000   0.0000   0.0000   0.3128
 -24.000  -0.7760   0.29457   0.28771   0.0590  1.0000  0.0300  -1.5728   0.0000   0.0000   0.0000   0.3093
 -23.500  -0.7592   0.29002   0.28315   0.0539  1.0000  0.0308  -1.5960   0.0000   0.0000   0.0000   0.3049
 -23.000  -0.7421   0.28308   0.27621   0.0500  1.0000  0.0314  -1.5547   0.0000   0.0000   0.0000   0.3018
 -22.500  -0.7247   0.27679   0.26990   0.0460  1.0000  0.0328  -1.5067   0.0000   0.0000   0.0000   0.2985
 -22.000  -0.7073   0.27093   0.26404   0.0417  1.0000  0.0343  -1.4792   0.0000   0.0000   0.0000   0.2947
 -21.500  -0.6902   0.26573   0.25883   0.0371  1.0000  0.0354  -1.5002   0.0000   0.0000   0.0000   0.2900
 -21.000  -0.6731   0.25971   0.25283   0.0329  1.0000  0.0360  -1.5166   0.0000   0.0000   0.0000   0.2856
 -20.500  -0.6551   0.25274   0.24585   0.0295  1.0000  0.0376  -1.4768   0.0000   0.0000   0.0000   0.2822
 -20.000  -0.6376   0.24674   0.23984   0.0255  1.0000  0.0394  -1.4735   0.0000   0.0000   0.0000   0.2777
 -19.500  -0.6213   0.24201   0.23511   0.0209  1.0000  0.0407  -1.5137   0.0000   0.0000   0.0000   0.2717
 -19.000  -0.6031   0.23444   0.22756   0.0179  1.0000  0.0422  -1.4656   0.0000   0.0000   0.0000   0.2681
 -18.500  -0.5858   0.22831   0.22142   0.0143  1.0000  0.0447  -1.4445   0.0000   0.0000   0.0000   0.2633
 -18.000  -0.5709   0.22387   0.21700   0.0097  1.0000  0.0461  -1.4827   0.0000   0.0000   0.0000   0.2564
 -17.500  -0.5523   0.21587   0.20902   0.0072  1.0000  0.0478  -1.4188   0.0000   0.0000   0.0000   0.2527
 -17.000  -0.5355   0.20966   0.20282   0.0039  1.0000  0.0503  -1.3905   0.0000   0.0000   0.0000   0.2473
 -16.500  -0.5225   0.20531   0.19849  -0.0005  1.0000  0.0519  -1.4304   0.0000   0.0000   0.0000   0.2395
 -16.000  -0.5034   0.19703   0.19022  -0.0025  1.0000  0.0541  -1.3877   0.0000   0.0000   0.0000   0.2357
 -15.500  -0.4884   0.19112   0.18433  -0.0056  1.0000  0.0571  -1.4069   0.0000   0.0000   0.0000   0.2293
 -15.000  -0.4751   0.18521   0.17847  -0.0090  1.0000  0.0587  -1.4440   0.0000   0.0000   0.0000   0.2223
 -14.500  -0.4586   0.17836   0.17162  -0.0111  1.0000  0.0627  -1.4171   0.0000   0.0000   0.0000   0.2172
 -14.000  -0.4472   0.17265   0.16596  -0.0143  1.0000  0.0652  -1.4547   0.0000   0.0000   0.0000   0.2097
 -13.500  -0.4316   0.16586   0.15919  -0.0162  1.0000  0.0693  -1.4272   0.0000   0.0000   0.0000   0.2044
 -13.000  -0.4236   0.16072   0.15411  -0.0195  1.0000  0.0715  -1.4802   0.0000   0.0000   0.0000   0.1961
 -12.500  -0.4069   0.15329   0.14669  -0.0207  1.0000  0.0759  -1.4293   0.0000   0.0000   0.0000   0.1914
 -12.000  -0.4009   0.14814   0.14163  -0.0238  1.0000  0.0786  -1.4789   0.0000   0.0000   0.0000   0.1833
 -11.500  -0.3855   0.14101   0.13452  -0.0248  1.0000  0.0836  -1.4284   0.0000   0.0000   0.0000   0.1785
 -11.000  -0.3771   0.13495   0.12853  -0.0268  1.0000  0.0869  -1.4363   0.0000   0.0000   0.0000   0.1719
 -10.500  -0.3722   0.12999   0.12366  -0.0291  1.0000  0.0926  -1.4588   0.0000   0.0000   0.0000   0.1653
 -10.000  -0.3590   0.12308   0.11680  -0.0295  1.0000  0.0990  -1.4414   0.0000   0.0000   0.0000   0.1613
  -9.750  -0.3657   0.12199   0.11580  -0.0317  1.0000  0.1007  -1.5154   0.0000   0.0000   0.0000   0.1573
  -9.500  -0.3511   0.11703   0.11084  -0.0304  1.0000  0.1042  -1.4545   0.0000   0.0000   0.0000   0.1572
  -9.250  -0.3511   0.11479   0.10866  -0.0313  1.0000  0.1077  -1.4806   0.0000   0.0000   0.0000   0.1549
  -9.000  -0.3620   0.11405   0.10804  -0.0334  1.0000  0.1090  -1.5641   0.0000   0.0000   0.0000   0.1524
  -8.750  -0.3437   0.10871   0.10269  -0.0314  1.0000  0.1131  -1.4806   0.0000   0.0000   0.0000   0.1531
  -8.000  -0.3426   0.10106   0.09526  -0.0311  1.0000  0.1227  -1.5072   0.0000   0.0000   0.0000   0.1544
  -7.750  -0.3551   0.10002   0.09436  -0.0312  1.0000  0.1255  -1.5636   0.0000   0.0000   0.0000   0.1576
  -7.500  -0.3520   0.09675   0.09115  -0.0299  1.0000  0.1280  -1.5464   0.0000   0.0000   0.0000   0.1608
  -7.250  -0.3545   0.09457   0.08904  -0.0283  1.0000  0.1321  -1.5415   0.0000   0.0000   0.0000   0.1660
  -7.000  -0.3730   0.09385   0.08849  -0.0277  1.0000  0.1344  -1.6037   0.0000   0.0000   0.0000   0.1723
  -6.750  -0.3693   0.09059   0.08527  -0.0255  1.0000  0.1379  -1.5703   0.0000   0.0000   0.0000   0.1775
  -6.500  -0.3770   0.08883   0.08361  -0.0253  1.0000  0.1428  -1.5935   0.0000   0.0000   0.0000   0.1799
  -6.000  -0.3844   0.08424   0.07917  -0.0246  1.0000  0.1525  -1.6099   0.0000   0.0000   0.0000   0.1832
  -5.750  -0.3841   0.08141   0.07641  -0.0231  1.0000  0.1570  -1.5910   0.0000   0.0000   0.0000   0.1873
  -5.250  -0.3833   0.07633   0.07141  -0.0231  1.0000  0.1696  -1.5813   0.0000   0.0000   0.0000   0.1875
  -5.000  -0.3806   0.07346   0.06857  -0.0243  1.0000  0.1760  -1.5826   0.0000   0.0000   0.0000   0.1842
  -4.750  -0.3747   0.07060   0.06570  -0.0264  1.0000  0.1849  -1.5827   0.0000   0.0000   0.0000   0.1775
  -4.500  -0.3663   0.06771   0.06278  -0.0280  1.0000  0.1949  -1.5681   0.0000   0.0000   0.0000   0.1717
  -4.250  -0.3566   0.06478   0.05984  -0.0287  1.0000  0.2057  -1.5563   0.0000   0.0000   0.0000   0.1676
  -4.000  -0.3461   0.06187   0.05691  -0.0288  1.0000  0.2172  -1.5345   0.0000   0.0000   0.0000   0.1649
  -3.000  -0.2085   0.04181   0.03518  -0.0540  1.0000  0.1442  -1.7623   0.0000   0.0000   0.0000  -0.0120
  -2.750  -0.1668   0.03594   0.02853  -0.0581  1.0000  0.1181  -1.8552   0.0000   0.0000   0.0000  -0.1020
  -2.500  -0.1358   0.03303   0.02505  -0.0596  1.0000  0.1165  -1.8297   0.0000   0.0000   0.0000  -0.1934
  -2.250  -0.1061   0.03061   0.02210  -0.0605  1.0000  0.1161  -1.8083   0.0000   0.0000   0.0000  -0.3262
  -2.000  -0.0807   0.02919   0.02037  -0.0608  1.0000  0.1227  -1.7406   0.0000   0.0000   0.0000  -0.5103
  -1.750  -0.0487   0.02772   0.01848  -0.0619  0.9984  0.1292  -1.6726   0.0000   0.0000   0.0000  -1.0318
  -1.500   0.0015   0.02651   0.01690  -0.0662  0.9903  0.1462  -1.5365   0.0000   0.0000   0.0000  43.3218
  -1.250   0.0500   0.02569   0.01590  -0.0702  0.9815  0.1726  -1.4100   0.0000   0.0000   0.0000   1.6635
  -1.000   0.0971   0.02500   0.01527  -0.0740  0.9725  0.2129  -1.2638   0.0000   0.0000   0.0000   1.0156
  -0.750   0.1410   0.02434   0.01482  -0.0771  0.9623  0.2786  -1.1130   0.0000   0.0000   0.0000   0.7991
  -0.500   0.1892   0.02286   0.01435  -0.0811  0.9549  0.4721  -0.9680   0.0000   0.0000   0.0000   0.6798
  -0.250   0.2286   0.02177   0.01399  -0.0825  0.9424  1.0000  -0.8333   0.0000   0.0000   0.0000   0.6115
   0.000   0.2705   0.02224   0.01407  -0.0855  0.9294  1.0000  -0.6851   0.0000   0.0000   0.0000   0.5660
   0.250   0.3126   0.02266   0.01421  -0.0884  0.9168  1.0000  -0.5490   0.0000   0.0000   0.0000   0.5324
   0.500   0.3541   0.02303   0.01436  -0.0911  0.9044  1.0000  -0.5496   0.0000   0.0000   0.0000   0.5067
   0.750   0.3945   0.02335   0.01453  -0.0936  0.8921  1.0000  -0.5749   0.0000   0.0000   0.0000   0.4863
   1.000   0.4337   0.02364   0.01469  -0.0957  0.8798  1.0000  -0.6007   0.0000   0.0000   0.0000   0.4695
   1.250   0.4717   0.02391   0.01486  -0.0976  0.8675  1.0000  -0.6266   0.0000   0.0000   0.0000   0.4554
   1.500   0.5083   0.02415   0.01504  -0.0991  0.8553  1.0000  -0.6524   0.0000   0.0000   0.0000   0.4433
   1.750   0.5440   0.02439   0.01523  -0.1004  0.8431  1.0000  -0.6786   0.0000   0.0000   0.0000   0.4327
   2.000   0.5788   0.02463   0.01546  -0.1015  0.8311  1.0000  -0.7053   0.0000   0.0000   0.0000   0.4233
   2.250   0.6125   0.02486   0.01568  -0.1023  0.8193  1.0000  -0.7325   0.0000   0.0000   0.0000   0.4148
   2.500   0.6459   0.02507   0.01590  -0.1030  0.8080  1.0000  -0.7608   0.0000   0.0000   0.0000   0.4069
   2.750   0.6843   0.02506   0.01594  -0.1042  0.7985  1.0000  -0.7948   0.0000   0.0000   0.0000   0.3995
   3.000   0.7191   0.02513   0.01605  -0.1048  0.7879  1.0000  -0.8278   0.0000   0.0000   0.0000   0.3928
   3.250   0.7464   0.02550   0.01647  -0.1045  0.7755  1.0000  -0.8572   0.0000   0.0000   0.0000   0.3868
   3.500   0.7737   0.02587   0.01691  -0.1041  0.7633  1.0000  -0.9058   0.0000   0.0000   0.0000   0.3812
   3.750   0.8018   0.02621   0.01736  -0.1038  0.7516  1.0000  -1.0041   0.0000   0.0000   0.0000   0.3758
   4.000   0.8332   0.02638   0.01763  -0.1037  0.7408  1.0000  -1.1264   0.0000   0.0000   0.0000   0.3706
   4.250   0.8706   0.02620   0.01757  -0.1041  0.7314  1.0000  -1.2821   0.0000   0.0000   0.0000   0.3656
   4.500   0.8955   0.02666   0.01818  -0.1033  0.7185  1.0000  -1.4126   0.0000   0.0000   0.0000   0.3610
   4.750   0.9210   0.02709   0.01874  -0.1024  0.7055  1.0000  -1.5585   0.0000   0.0000   0.0000   0.3566
   5.000   0.9474   0.02745   0.01926  -0.1015  0.6925  1.0000  -1.7115   0.0000   0.0000   0.0000   0.3523
   5.250   0.9751   0.02770   0.01971  -0.1006  0.6791  1.0000  -1.8789   0.0000   0.0000   0.0000   0.3481
   5.500   1.0041   0.02777   0.01997  -0.0997  0.6649  1.0000  -2.0769   0.0000   0.0000   0.0000   0.3439
   5.750   1.0386   0.02716   0.01953  -0.0985  0.6476  1.0000  -2.3259   0.0000   0.0000   0.0000   0.3392
   6.000   1.0787   0.02499   0.01743  -0.0959  0.6159  1.0000  -2.6257   0.0000   0.0000   0.0000   0.3330
   6.250   1.1029   0.02394   0.01643  -0.0923  0.5789  1.0000  -2.8572   0.0000   0.0000   0.0000   0.3274
   6.500   1.1274   0.02311   0.01561  -0.0891  0.5416  1.0000  -3.0932   0.0000   0.0000   0.0000   0.3224
   6.750   1.1418   0.02274   0.01532  -0.0849  0.4959  1.0000  -3.2980   0.0000   0.0000   0.0000   0.3173
   7.000   1.1458   0.02264   0.01518  -0.0790  0.4199  1.0000  -3.4395   0.0000   0.0000   0.0000   0.3116
   7.250   1.1288   0.02447   0.01584  -0.0711  0.2436  1.0000  -3.4548   0.0000   0.0000   0.0000   0.3052
   7.500   1.1169   0.02779   0.01816  -0.0658  0.1636  1.0000  -3.4651   0.0000   0.0000   0.0000   0.3008
   7.750   1.1178   0.03028   0.02029  -0.0619  0.1342  1.0000  -3.5299   0.0000   0.0000   0.0000   0.2970
   8.000   1.1269   0.03244   0.02228  -0.0589  0.1158  1.0000  -3.6293   0.0000   0.0000   0.0000   0.2936
   8.250   1.1509   0.03480   0.02439  -0.0577  0.1010  1.0000  -3.7825   0.0000   0.0000   0.0000   0.2912
   8.500   1.1834   0.03731   0.02692  -0.0575  0.0890  1.0000  -3.9464   0.0000   0.0000   0.0000   0.2894
   8.750   1.2221   0.04053   0.03027  -0.0582  0.0819  1.0000  -4.1009   0.0000   0.0000   0.0000   0.2880
   9.000   1.2509   0.04381   0.03373  -0.0579  0.0764  1.0000  -4.2693   0.0000   0.0000   0.0000   0.2864
   9.250   1.2729   0.04703   0.03725  -0.0568  0.0724  1.0000  -4.4097   0.0000   0.0000   0.0000   0.2844
   9.500   1.2963   0.05123   0.04170  -0.0560  0.0709  1.0000  -4.5292   0.0000   0.0000   0.0000   0.2827
   9.750   1.3016   0.05481   0.04589  -0.0530  0.0704  1.0000  -4.5547   0.0000   0.0000   0.0000   0.2800
  10.000   1.3009   0.05841   0.05002  -0.0498  0.0698  1.0000  -4.5621   0.0000   0.0000   0.0000   0.2772
  10.250   1.2956   0.06205   0.05413  -0.0465  0.0693  1.0000  -4.5575   0.0000   0.0000   0.0000   0.2746
  10.500   1.2864   0.06575   0.05823  -0.0433  0.0691  1.0000  -4.5413   0.0000   0.0000   0.0000   0.2721
  10.750   1.2730   0.06938   0.06219  -0.0400  0.0692  1.0000  -4.5132   0.0000   0.0000   0.0000   0.2696
  11.000   1.2568   0.07309   0.06617  -0.0370  0.0695  1.0000  -4.4770   0.0000   0.0000   0.0000   0.2673
  11.250   1.2398   0.07711   0.07042  -0.0348  0.0699  1.0000  -4.4368   0.0000   0.0000   0.0000   0.2657
  11.500   1.2243   0.08152   0.07504  -0.0336  0.0705  1.0000  -4.3997   0.0000   0.0000   0.0000   0.2647
  11.750   1.2135   0.08637   0.08006  -0.0330  0.0713  1.0000  -4.3744   0.0000   0.0000   0.0000   0.2642
  12.000   1.1497   0.09319   0.08731  -0.0359  0.0742  1.0000  -4.0658   0.0000   0.0000   0.0000   0.2679
  12.250   1.1216   0.10050   0.09475  -0.0394  0.0761  1.0000  -3.9238   0.0000   0.0000   0.0000   0.2715
  12.500   1.1041   0.10750   0.10183  -0.0426  0.0774  1.0000  -3.8320   0.0000   0.0000   0.0000   0.2747
  12.750   1.0962   0.11390   0.10830  -0.0448  0.0781  1.0000  -3.7862   0.0000   0.0000   0.0000   0.2768


