xflr5 v6.61

 Calculated polar for: NACA4412_7_20

 1 1 Reynolds number fixed          Mach number fixed         

 xtrf =   1.000 (top)        1.000 (bottom)
 Mach =   0.200     Re =     0.125 e 6     Ncrit =   7.000

  alpha     CL        CD       CDp       Cm    Top Xtr Bot Xtr   Cpmin    Chinge    XCp    
 ------- -------- --------- --------- -------- ------- ------- -------- --------- ---------
 -25.000  -0.8271   0.30794   0.30286   0.0735  1.0000  0.0121  -1.6458   0.0000   0.0000   0.0000   0.3226
 -24.500  -0.8108   0.30205   0.29695   0.0691  1.0000  0.0126  -1.6143   0.0000   0.0000   0.0000   0.3196
 -24.000  -0.7940   0.29618   0.29106   0.0646  1.0000  0.0131  -1.6001   0.0000   0.0000   0.0000   0.3164
 -23.500  -0.7769   0.29025   0.28511   0.0601  1.0000  0.0137  -1.5916   0.0000   0.0000   0.0000   0.3130
 -23.000  -0.7596   0.28425   0.27910   0.0556  1.0000  0.0143  -1.5877   0.0000   0.0000   0.0000   0.3095
 -22.500  -0.7420   0.27826   0.27311   0.0512  1.0000  0.0147  -1.5953   0.0000   0.0000   0.0000   0.3058
 -22.000  -0.7243   0.27260   0.26744   0.0465  1.0000  0.0149  -1.6205   0.0000   0.0000   0.0000   0.3015
 -21.500  -0.7070   0.26634   0.26119   0.0422  1.0000  0.0151  -1.6092   0.0000   0.0000   0.0000   0.2976
 -21.000  -0.6899   0.25970   0.25454   0.0386  1.0000  0.0157  -1.5256   0.0000   0.0000   0.0000   0.2943
 -20.500  -0.6724   0.25353   0.24836   0.0346  1.0000  0.0166  -1.4775   0.0000   0.0000   0.0000   0.2904
 -20.000  -0.6546   0.24731   0.24214   0.0306  1.0000  0.0178  -1.4612   0.0000   0.0000   0.0000   0.2860
 -19.500  -0.6369   0.24144   0.23627   0.0261  1.0000  0.0183  -1.5314   0.0000   0.0000   0.0000   0.2807
 -19.000  -0.6197   0.23506   0.22991   0.0221  1.0000  0.0186  -1.5646   0.0000   0.0000   0.0000   0.2758
 -18.500  -0.6024   0.22817   0.22301   0.0191  1.0000  0.0193  -1.5028   0.0000   0.0000   0.0000   0.2722
 -18.000  -0.5851   0.22184   0.21668   0.0155  1.0000  0.0203  -1.4886   0.0000   0.0000   0.0000   0.2674
 -17.500  -0.5681   0.21550   0.21034   0.0120  1.0000  0.0213  -1.4922   0.0000   0.0000   0.0000   0.2622
 -17.000  -0.5514   0.20941   0.20426   0.0080  1.0000  0.0221  -1.5311   0.0000   0.0000   0.0000   0.2560
 -16.500  -0.5361   0.20355   0.19842   0.0040  1.0000  0.0223  -1.5792   0.0000   0.0000   0.0000   0.2492
 -16.000  -0.5187   0.19606   0.19094   0.0019  1.0000  0.0232  -1.4719   0.0000   0.0000   0.0000   0.2457
 -15.500  -0.5027   0.18964   0.18452  -0.0011  1.0000  0.0244  -1.4357   0.0000   0.0000   0.0000   0.2402
 -15.000  -0.4877   0.18339   0.17828  -0.0044  1.0000  0.0260  -1.4430   0.0000   0.0000   0.0000   0.2334
 -14.500  -0.4738   0.17695   0.17187  -0.0077  1.0000  0.0267  -1.4637   0.0000   0.0000   0.0000   0.2265
 -14.000  -0.4583   0.17021   0.16514  -0.0097  1.0000  0.0284  -1.4212   0.0000   0.0000   0.0000   0.2217
 -13.500  -0.4447   0.16386   0.15882  -0.0126  1.0000  0.0300  -1.4600   0.0000   0.0000   0.0000   0.2150
 -13.000  -0.4353   0.15841   0.15341  -0.0165  1.0000  0.0308  -1.5894   0.0000   0.0000   0.0000   0.2055
 -12.500  -0.4193   0.15073   0.14575  -0.0175  1.0000  0.0319  -1.5195   0.0000   0.0000   0.0000   0.2018
 -12.000  -0.4067   0.14436   0.13940  -0.0196  1.0000  0.0338  -1.5186   0.0000   0.0000   0.0000   0.1956
 -11.500  -0.3978   0.13850   0.13359  -0.0228  1.0000  0.0354  -1.6044   0.0000   0.0000   0.0000   0.1867
 -11.000  -0.3867   0.13171   0.12684  -0.0245  1.0000  0.0362  -1.6114   0.0000   0.0000   0.0000   0.1807
 -10.500  -0.3744   0.12537   0.12053  -0.0257  1.0000  0.0383  -1.5674   0.0000   0.0000   0.0000   0.1756
 -10.000  -0.3697   0.11993   0.11517  -0.0290  1.0000  0.0406  -1.6654   0.0000   0.0000   0.0000   0.1663
  -9.500  -0.3572   0.11325   0.10854  -0.0291  1.0000  0.0429  -1.5891   0.0000   0.0000   0.0000   0.1632
  -9.000  -0.3545   0.10804   0.10343  -0.0316  1.0000  0.0459  -1.6629   0.0000   0.0000   0.0000   0.1560
  -8.500  -0.3483   0.10190   0.09739  -0.0319  1.0000  0.0472  -1.6478   0.0000   0.0000   0.0000   0.1539
  -8.000  -0.3441   0.09661   0.09220  -0.0316  1.0000  0.0499  -1.6180   0.0000   0.0000   0.0000   0.1540
  -7.500  -0.3600   0.09293   0.08871  -0.0315  1.0000  0.0517  -1.7438   0.0000   0.0000   0.0000   0.1589
  -6.500  -0.3743   0.08369   0.07974  -0.0260  1.0000  0.0549  -1.7587   0.0000   0.0000   0.0000   0.1779
  -6.000  -0.3805   0.07850   0.07464  -0.0309  1.0000  0.0578  -1.9214   0.0000   0.0000   0.0000   0.1666
  -5.500  -0.3769   0.07289   0.06910  -0.0292  1.0000  0.0596  -1.8841   0.0000   0.0000   0.0000   0.1706
  -5.000  -0.2486   0.04636   0.04268  -0.0501  0.9748  0.0754  -1.6315   0.0000   0.0000   0.0000   0.0469
  -4.000  -0.1483   0.03579   0.03045  -0.0777  0.9726  0.0429  -2.3643   0.0000   0.0000   0.0000  -0.2794
  -3.500  -0.0663   0.02621   0.01942  -0.0857  0.9629  0.0437  -2.4542   0.0000   0.0000   0.0000  -1.0555
  -3.000   0.0107   0.02140   0.01344  -0.0898  0.9524  0.0497  -2.2829   0.0000   0.0000   0.0000   8.6837
  -2.500   0.0854   0.01870   0.01019  -0.0930  0.9411  0.0614  -1.9326   0.0000   0.0000   0.0000   1.3470
  -2.000   0.1596   0.01689   0.00825  -0.0961  0.9290  0.0852  -1.5930   0.0000   0.0000   0.0000   0.8554
  -1.500   0.2340   0.01550   0.00707  -0.0994  0.9166  0.1444  -1.2253   0.0000   0.0000   0.0000   0.6766
  -1.000   0.3052   0.01418   0.00636  -0.1022  0.9031  0.3062  -0.8835   0.0000   0.0000   0.0000   0.5857
  -0.500   0.3793   0.01211   0.00580  -0.1046  0.8887  1.0000  -0.5767   0.0000   0.0000   0.0000   0.5259
   0.000   0.4441   0.01198   0.00531  -0.1054  0.8682  1.0000  -0.5917   0.0000   0.0000   0.0000   0.4870
   0.500   0.5055   0.01188   0.00498  -0.1056  0.8450  1.0000  -0.6347   0.0000   0.0000   0.0000   0.4580
   1.000   0.5654   0.01184   0.00475  -0.1054  0.8197  1.0000  -0.6790   0.0000   0.0000   0.0000   0.4351
   1.500   0.6235   0.01187   0.00464  -0.1049  0.7920  1.0000  -0.7250   0.0000   0.0000   0.0000   0.4165
   2.000   0.6802   0.01200   0.00466  -0.1041  0.7627  1.0000  -0.7731   0.0000   0.0000   0.0000   0.4009
   2.500   0.7357   0.01224   0.00482  -0.1032  0.7328  1.0000  -0.8245   0.0000   0.0000   0.0000   0.3877
   3.000   0.7902   0.01259   0.00510  -0.1021  0.7032  1.0000  -0.9412   0.0000   0.0000   0.0000   0.3763
   3.500   0.8438   0.01302   0.00556  -0.1010  0.6743  1.0000  -1.2047   0.0000   0.0000   0.0000   0.3663
   4.000   0.8967   0.01353   0.00615  -0.0998  0.6460  1.0000  -1.5127   0.0000   0.0000   0.0000   0.3575
   4.500   0.9490   0.01410   0.00684  -0.0984  0.6178  1.0000  -1.8978   0.0000   0.0000   0.0000   0.3494
   5.000   0.9949   0.01447   0.00723  -0.0953  0.5634  1.0000  -2.3193   0.0000   0.0000   0.0000   0.3409
   5.500   1.0354   0.01502   0.00763  -0.0911  0.4846  1.0000  -2.7767   0.0000   0.0000   0.0000   0.3326
   6.000   1.0670   0.01627   0.00847  -0.0860  0.3304  1.0000  -3.2091   0.0000   0.0000   0.0000   0.3246
   6.500   1.0700   0.02126   0.01163  -0.0783  0.0725  1.0000  -3.4310   0.0000   0.0000   0.0000   0.3166
   7.000   1.0938   0.02420   0.01459  -0.0731  0.0509  1.0000  -3.7397   0.0000   0.0000   0.0000   0.3097
   7.500   1.1168   0.02723   0.01768  -0.0680  0.0410  1.0000  -4.0503   0.0000   0.0000   0.0000   0.3032
   8.000   1.1502   0.03080   0.02135  -0.0643  0.0349  1.0000  -4.4412   0.0000   0.0000   0.0000   0.2976
   8.500   1.1958   0.03506   0.02592  -0.0623  0.0297  1.0000  -4.8634   0.0000   0.0000   0.0000   0.2932
   9.000   1.2410   0.04060   0.03204  -0.0602  0.0273  1.0000  -5.1891   0.0000   0.0000   0.0000   0.2890
   9.500   1.2620   0.04656   0.03882  -0.0557  0.0248  1.0000  -5.3759   0.0000   0.0000   0.0000   0.2840
  10.000   1.2636   0.05332   0.04643  -0.0497  0.0243  1.0000  -5.4026   0.0000   0.0000   0.0000   0.2787
  10.500   1.2440   0.06013   0.05391  -0.0428  0.0244  1.0000  -5.3404   0.0000   0.0000   0.0000   0.2732
  11.000   1.2136   0.06775   0.06210  -0.0382  0.0247  1.0000  -5.2372   0.0000   0.0000   0.0000   0.2697
  11.500   1.1780   0.07685   0.07168  -0.0373  0.0250  1.0000  -5.1068   0.0000   0.0000   0.0000   0.2692
  12.000   1.1402   0.08786   0.08307  -0.0404  0.0254  1.0000  -4.9485   0.0000   0.0000   0.0000   0.2723
  12.500   1.1032   0.10096   0.09648  -0.0471  0.0257  1.0000  -4.7580   0.0000   0.0000   0.0000   0.2790
  13.000   1.0724   0.11542   0.11112  -0.0558  0.0262  1.0000  -4.5551   0.0000   0.0000   0.0000   0.2877
  13.500   1.0176   0.14496   0.14081  -0.0758  0.0295  1.0000  -3.5516   0.0000   0.0000   0.0000   0.3104
  14.000   1.0185   0.15564   0.15149  -0.0801  0.0310  1.0000  -3.4857   0.0000   0.0000   0.0000   0.3140


