xflr5 v6.61

 Calculated polar for: NACA4412_7_50

 1 1 Reynolds number fixed          Mach number fixed         

 xtrf =   1.000 (top)        1.000 (bottom)
 Mach =   0.200     Re =     0.050 e 6     Ncrit =   9.000

  alpha     CL        CD       CDp       Cm    Top Xtr Bot Xtr   Cpmin    Chinge    XCp    
 ------- -------- --------- --------- -------- ------- ------- -------- --------- ---------
 -19.500  -0.6362   0.24354   0.23549   0.0251  1.0000  0.0547  -1.4519   0.0000   0.0000   0.0000   0.2788
 -19.000  -0.6195   0.23819   0.23014   0.0210  1.0000  0.0574  -1.4601   0.0000   0.0000   0.0000   0.2737
 -18.500  -0.6029   0.23223   0.22421   0.0171  1.0000  0.0587  -1.4639   0.0000   0.0000   0.0000   0.2686
 -18.000  -0.5848   0.22519   0.21716   0.0141  1.0000  0.0618  -1.4266   0.0000   0.0000   0.0000   0.2646
 -17.500  -0.5701   0.22071   0.21270   0.0098  1.0000  0.0642  -1.4467   0.0000   0.0000   0.0000   0.2582
 -17.000  -0.5517   0.21292   0.20493   0.0072  1.0000  0.0666  -1.4017   0.0000   0.0000   0.0000   0.2542
 -16.500  -0.5360   0.20726   0.19928   0.0037  1.0000  0.0701  -1.3889   0.0000   0.0000   0.0000   0.2484
 -16.000  -0.5205   0.20092   0.19298   0.0005  1.0000  0.0723  -1.3725   0.0000   0.0000   0.0000   0.2428
 -15.500  -0.5046   0.19473   0.18680  -0.0024  1.0000  0.0769  -1.3642   0.0000   0.0000   0.0000   0.2374
 -15.000  -0.4893   0.18817   0.18027  -0.0052  1.0000  0.0802  -1.3724   0.0000   0.0000   0.0000   0.2318
 -14.500  -0.4772   0.18316   0.17530  -0.0084  1.0000  0.0849  -1.4012   0.0000   0.0000   0.0000   0.2251
 -14.000  -0.4603   0.17559   0.16776  -0.0104  1.0000  0.0888  -1.3846   0.0000   0.0000   0.0000   0.2203
 -13.500  -0.4528   0.17158   0.16380  -0.0139  1.0000  0.0928  -1.4356   0.0000   0.0000   0.0000   0.2126
 -13.000  -0.4342   0.16323   0.15548  -0.0152  1.0000  0.0979  -1.3972   0.0000   0.0000   0.0000   0.2083
 -12.500  -0.4252   0.15778   0.15009  -0.0179  1.0000  0.1018  -1.4253   0.0000   0.0000   0.0000   0.2015
 -12.000  -0.4138   0.15178   0.14414  -0.0199  1.0000  0.1081  -1.4230   0.0000   0.0000   0.0000   0.1957
 -11.500  -0.3996   0.14469   0.13710  -0.0212  1.0000  0.1141  -1.3997   0.0000   0.0000   0.0000   0.1907
 -11.000  -0.3897   0.13859   0.13108  -0.0229  1.0000  0.1207  -1.3962   0.0000   0.0000   0.0000   0.1852
 -10.500  -0.3821   0.13292   0.12548  -0.0247  1.0000  0.1280  -1.3988   0.0000   0.0000   0.0000   0.1797
  -9.750  -0.3674   0.12380   0.11649  -0.0262  1.0000  0.1407  -1.3726   0.0000   0.0000   0.0000   0.1732
  -9.500  -0.3733   0.12284   0.11563  -0.0279  1.0000  0.1439  -1.4233   0.0000   0.0000   0.0000   0.1703
  -9.250  -0.3600   0.11797   0.11077  -0.0271  1.0000  0.1488  -1.3907   0.0000   0.0000   0.0000   0.1695
  -9.000  -0.3647   0.11665   0.10955  -0.0283  1.0000  0.1531  -1.4306   0.0000   0.0000   0.0000   0.1677
  -8.750  -0.3545   0.11240   0.10533  -0.0277  1.0000  0.1577  -1.4089   0.0000   0.0000   0.0000   0.1671
  -8.500  -0.3597   0.11102   0.10405  -0.0284  1.0000  0.1626  -1.4435   0.0000   0.0000   0.0000   0.1666
  -8.250  -0.3509   0.10706   0.10013  -0.0277  1.0000  0.1675  -1.4242   0.0000   0.0000   0.0000   0.1667
  -8.000  -0.3591   0.10593   0.09914  -0.0279  1.0000  0.1726  -1.4608   0.0000   0.0000   0.0000   0.1682
  -7.750  -0.3503   0.10208   0.09531  -0.0268  1.0000  0.1793  -1.4359   0.0000   0.0000   0.0000   0.1694
  -7.500  -0.3666   0.10178   0.09518  -0.0265  1.0000  0.1831  -1.4878   0.0000   0.0000   0.0000   0.1742
  -7.250  -0.3584   0.09803   0.09148  -0.0249  1.0000  0.1918  -1.4588   0.0000   0.0000   0.0000   0.1768
  -7.000  -0.3596   0.09541   0.08896  -0.0235  1.0000  0.1980  -1.4571   0.0000   0.0000   0.0000   0.1814
  -6.750  -0.3734   0.09459   0.08830  -0.0231  1.0000  0.2039  -1.4958   0.0000   0.0000   0.0000   0.1851
  -6.500  -0.3686   0.09128   0.08505  -0.0211  1.0000  0.2128  -1.4713   0.0000   0.0000   0.0000   0.1898
  -6.250  -0.3701   0.08869   0.08256  -0.0199  1.0000  0.2199  -1.4697   0.0000   0.0000   0.0000   0.1935
  -5.750  -0.3814   0.08500   0.07907  -0.0199  1.0000  0.2373  -1.5024   0.0000   0.0000   0.0000   0.1955
  -5.500  -0.3783   0.08192   0.07605  -0.0177  1.0000  0.2473  -1.4780   0.0000   0.0000   0.0000   0.2011
  -5.250  -0.3775   0.07922   0.07342  -0.0163  1.0000  0.2577  -1.4658   0.0000   0.0000   0.0000   0.2047
  -5.000  -0.3774   0.07674   0.07101  -0.0157  1.0000  0.2702  -1.4589   0.0000   0.0000   0.0000   0.2066
  -4.750  -0.3779   0.07460   0.06891  -0.0172  1.0000  0.2855  -1.4677   0.0000   0.0000   0.0000   0.2028
  -4.500  -0.3739   0.07142   0.06580  -0.0139  1.0000  0.3003  -1.4292   0.0000   0.0000   0.0000   0.2111
  -4.250  -0.3714   0.06904   0.06344  -0.0135  1.0000  0.3236  -1.4114   0.0000   0.0000   0.0000   0.2121
  -4.000  -0.3685   0.06640   0.06086  -0.0109  1.0000  0.3497  -1.3760   0.0000   0.0000   0.0000   0.2189
  -2.500  -0.1361   0.03769   0.02954  -0.0588  1.0000  0.1575  -1.6617   0.0000   0.0000   0.0000  -0.1853
  -2.250  -0.0978   0.03446   0.02545  -0.0617  1.0000  0.1535  -1.6640   0.0000   0.0000   0.0000  -0.3856
  -2.000  -0.0697   0.03241   0.02313  -0.0624  1.0000  0.1579  -1.6010   0.0000   0.0000   0.0000  -0.6516
  -1.750  -0.0395   0.03057   0.02077  -0.0633  1.0000  0.1650  -1.5653   0.0000   0.0000   0.0000  -1.3627
  -1.500  -0.0123   0.02919   0.01908  -0.0636  1.0000  0.1759  -1.5032   0.0000   0.0000   0.0000  -4.9522
  -1.250   0.0138   0.02818   0.01776  -0.0637  1.0000  0.1928  -1.4288   0.0000   0.0000   0.0000   4.8811
  -1.000   0.0385   0.02737   0.01676  -0.0635  1.0000  0.2156  -1.3416   0.0000   0.0000   0.0000   1.9061
  -0.750   0.0638   0.02674   0.01603  -0.0635  1.0000  0.2491  -1.2609   0.0000   0.0000   0.0000   1.2488
  -0.500   0.0905   0.02610   0.01548  -0.0637  1.0000  0.3016  -1.1702   0.0000   0.0000   0.0000   0.9557
  -0.250   0.1218   0.02493   0.01487  -0.0646  1.0000  0.4190  -1.0686   0.0000   0.0000   0.0000   0.7816
   0.000   0.1376   0.02308   0.01432  -0.0622  1.0000  1.0000  -1.0086   0.0000   0.0000   0.0000   0.7027
   0.250   0.1578   0.02387   0.01458  -0.0621  1.0000  1.0000  -0.9091   0.0000   0.0000   0.0000   0.6437
   0.500   0.1952   0.02498   0.01526  -0.0654  0.9925  1.0000  -0.7666   0.0000   0.0000   0.0000   0.5844
   0.750   0.2438   0.02618   0.01610  -0.0706  0.9778  1.0000  -0.6046   0.0000   0.0000   0.0000   0.5389
   1.000   0.2910   0.02732   0.01695  -0.0755  0.9635  1.0000  -0.4917   0.0000   0.0000   0.0000   0.5082
   1.250   0.3317   0.02832   0.01775  -0.0791  0.9483  1.0000  -0.5151   0.0000   0.0000   0.0000   0.4869
   1.500   0.3747   0.02931   0.01860  -0.0829  0.9343  1.0000  -0.5411   0.0000   0.0000   0.0000   0.4695
   1.750   0.4094   0.03022   0.01940  -0.0852  0.9193  1.0000  -0.5628   0.0000   0.0000   0.0000   0.4562
   2.000   0.4470   0.03112   0.02023  -0.0879  0.9053  1.0000  -0.5873   0.0000   0.0000   0.0000   0.4445
   2.250   0.4845   0.03200   0.02106  -0.0904  0.8919  1.0000  -0.6130   0.0000   0.0000   0.0000   0.4343
   2.500   0.5209   0.03286   0.02191  -0.0926  0.8788  1.0000  -0.6391   0.0000   0.0000   0.0000   0.4254
   2.750   0.5536   0.03373   0.02279  -0.0942  0.8655  1.0000  -0.6640   0.0000   0.0000   0.0000   0.4175
   3.000   0.5831   0.03463   0.02371  -0.0952  0.8521  1.0000  -0.6879   0.0000   0.0000   0.0000   0.4104
   3.250   0.6133   0.03552   0.02465  -0.0963  0.8391  1.0000  -0.7139   0.0000   0.0000   0.0000   0.4039
   3.500   0.6442   0.03640   0.02562  -0.0974  0.8264  1.0000  -0.7426   0.0000   0.0000   0.0000   0.3978
   3.750   0.6770   0.03724   0.02655  -0.0986  0.8140  1.0000  -0.7760   0.0000   0.0000   0.0000   0.3921
   4.000   0.7034   0.03820   0.02762  -0.0989  0.8010  1.0000  -0.8394   0.0000   0.0000   0.0000   0.3869
   4.500   0.7543   0.04023   0.02993  -0.0992  0.7745  1.0000  -1.0405   0.0000   0.0000   0.0000   0.3773
   4.750   0.7791   0.04128   0.03113  -0.0991  0.7610  1.0000  -1.1578   0.0000   0.0000   0.0000   0.3729
   5.000   0.8042   0.04232   0.03234  -0.0990  0.7473  1.0000  -1.2875   0.0000   0.0000   0.0000   0.3686
   5.250   0.8301   0.04332   0.03357  -0.0989  0.7332  1.0000  -1.4290   0.0000   0.0000   0.0000   0.3643
   5.500   0.8580   0.04419   0.03467  -0.0988  0.7187  1.0000  -1.5851   0.0000   0.0000   0.0000   0.3601
   5.750   0.8901   0.04477   0.03553  -0.0987  0.7035  1.0000  -1.7776   0.0000   0.0000   0.0000   0.3556
   6.000   0.9295   0.04475   0.03589  -0.0988  0.6875  1.0000  -2.0255   0.0000   0.0000   0.0000   0.3507
   6.250   0.9384   0.04633   0.03767  -0.0965  0.6676  1.0000  -2.1515   0.0000   0.0000   0.0000   0.3470
   6.500   1.0865   0.03124   0.02353  -0.0904  0.5938  1.0000  -3.0746   0.0000   0.0000   0.0000   0.3269
   6.750   1.1152   0.02753   0.01993  -0.0829  0.5204  1.0000  -3.3779   0.0000   0.0000   0.0000   0.3176
   7.000   1.1065   0.02670   0.01867  -0.0729  0.3871  1.0000  -3.4431   0.0000   0.0000   0.0000   0.3087
   7.250   1.0873   0.02956   0.01989  -0.0653  0.2317  1.0000  -3.4141   0.0000   0.0000   0.0000   0.3025
   7.500   1.0850   0.03281   0.02239  -0.0612  0.1786  1.0000  -3.4370   0.0000   0.0000   0.0000   0.2986
   7.750   1.0984   0.03560   0.02487  -0.0587  0.1483  1.0000  -3.5182   0.0000   0.0000   0.0000   0.2953
   8.000   1.1322   0.03851   0.02751  -0.0583  0.1251  1.0000  -3.6658   0.0000   0.0000   0.0000   0.2931
   8.250   1.1767   0.04189   0.03088  -0.0591  0.1101  1.0000  -3.8222   0.0000   0.0000   0.0000   0.2915
   8.500   1.2117   0.04555   0.03478  -0.0591  0.1022  1.0000  -3.9808   0.0000   0.0000   0.0000   0.2898
   8.750   1.2355   0.04940   0.03911  -0.0579  0.0985  1.0000  -4.0772   0.0000   0.0000   0.0000   0.2876
   9.000   1.2518   0.05306   0.04318  -0.0561  0.0945  1.0000  -4.1646   0.0000   0.0000   0.0000   0.2853
   9.250   1.2654   0.05723   0.04770  -0.0544  0.0923  1.0000  -4.2322   0.0000   0.0000   0.0000   0.2832
   9.500   1.2714   0.06150   0.05246  -0.0520  0.0925  1.0000  -4.2474   0.0000   0.0000   0.0000   0.2809
   9.750   1.2760   0.06605   0.05741  -0.0499  0.0930  1.0000  -4.2612   0.0000   0.0000   0.0000   0.2788
  10.000   1.2561   0.06977   0.06181  -0.0459  0.0946  1.0000  -4.1665   0.0000   0.0000   0.0000   0.2761
  10.250   1.2369   0.07398   0.06645  -0.0429  0.0961  1.0000  -4.0904   0.0000   0.0000   0.0000   0.2740
  10.500   1.2160   0.07808   0.07083  -0.0402  0.0974  1.0000  -4.0238   0.0000   0.0000   0.0000   0.2721
  10.750   1.1949   0.08247   0.07544  -0.0385  0.0986  1.0000  -3.9591   0.0000   0.0000   0.0000   0.2710
  11.000   1.1766   0.08735   0.08048  -0.0379  0.0997  1.0000  -3.9012   0.0000   0.0000   0.0000   0.2708
  11.250   1.1655   0.09270   0.08596  -0.0380  0.1009  1.0000  -3.8632   0.0000   0.0000   0.0000   0.2709
  11.500   1.1068   0.10009   0.09358  -0.0428  0.1030  1.0000  -3.6060   0.0000   0.0000   0.0000   0.2767
  11.750   1.0673   0.10972   0.10328  -0.0496  0.1058  1.0000  -3.3799   0.0000   0.0000   0.0000   0.2843
  12.000   1.0366   0.12107   0.11461  -0.0576  0.1112  1.0000  -3.1279   0.0000   0.0000   0.0000   0.2934
  12.250   1.0075   0.13496   0.12840  -0.0675  0.1231  1.0000  -2.7959   0.0000   0.0000   0.0000   0.3050
  12.500   0.9969   0.14441   0.13778  -0.0729  0.1334  1.0000  -2.6269   0.0000   0.0000   0.0000   0.3110
  12.750   0.9394   0.16844   0.16160  -0.0967  0.2673  1.0000  -1.9089   0.0000   0.0000   0.0000   0.3413
  13.000   0.9409   0.17320   0.16635  -0.0986  0.2676  1.0000  -1.8857   0.0000   0.0000   0.0000   0.3430
  13.250   0.9453   0.17776   0.17091  -0.1001  0.2649  1.0000  -1.8799   0.0000   0.0000   0.0000   0.3438
  13.500   0.9648   0.18436   0.17758  -0.1003  0.2613  1.0000  -1.9259   0.0000   0.0000   0.0000   0.3416
  13.750   0.9527   0.18618   0.17933  -0.1031  0.2548  1.0000  -1.8668   0.0000   0.0000   0.0000   0.3455
  14.000   0.9646   0.19130   0.18449  -0.1037  0.2481  1.0000  -1.8911   0.0000   0.0000   0.0000   0.3445
  14.250   0.9762   0.19597   0.18919  -0.1042  0.2384  1.0000  -1.9178   0.0000   0.0000   0.0000   0.3434
  14.500   0.9701   0.19817   0.19133  -0.1070  0.2318  1.0000  -1.8731   0.0000   0.0000   0.0000   0.3466
  14.750   0.9880   0.20447   0.19767  -0.1070  0.2262  1.0000  -1.9159   0.0000   0.0000   0.0000   0.3443
  15.000   0.9837   0.20622   0.19939  -0.1097  0.2189  1.0000  -1.8764   0.0000   0.0000   0.0000   0.3472
  15.500   1.0034   0.21531   0.20851  -0.1117  0.2054  1.0000  -1.9025   0.0000   0.0000   0.0000   0.3463
  16.000   1.0129   0.22233   0.21550  -0.1155  0.1925  1.0000  -1.8822   0.0000   0.0000   0.0000   0.3483
  16.500   1.0233   0.22884   0.22201  -0.1194  0.1784  1.0000  -1.8616   0.0000   0.0000   0.0000   0.3502
  17.000   1.0382   0.23634   0.22951  -0.1229  0.1671  1.0000  -1.8649   0.0000   0.0000   0.0000   0.3511
  17.500   1.0532   0.24380   0.23697  -0.1266  0.1568  1.0000  -1.8945   0.0000   0.0000   0.0000   0.3522
  18.000   1.0683   0.25114   0.24431  -0.1304  0.1471  1.0000  -1.9193   0.0000   0.0000   0.0000   0.3532
  18.500   1.0845   0.25859   0.25180  -0.1340  0.1368  1.0000  -1.9507   0.0000   0.0000   0.0000   0.3539
  19.000   1.1009   0.26611   0.25933  -0.1377  0.1272  1.0000  -1.9785   0.0000   0.0000   0.0000   0.3545
  19.500   1.1142   0.27248   0.26569  -0.1425  0.1196  1.0000  -1.9712   0.0000   0.0000   0.0000   0.3565
  20.000   1.1287   0.27924   0.27244  -0.1473  0.1132  1.0000  -1.9647   0.0000   0.0000   0.0000   0.3581


