xflr5 v6.61

 Calculated polar for: NACA4412_7_70

 1 1 Reynolds number fixed          Mach number fixed         

 xtrf =   1.000 (top)        1.000 (bottom)
 Mach =   0.200     Re =     0.080 e 6     Ncrit =   7.000

  alpha     CL        CD       CDp       Cm    Top Xtr Bot Xtr   Cpmin    Chinge    XCp    
 ------- -------- --------- --------- -------- ------- ------- -------- --------- ---------
 -14.500  -0.4637   0.17771   0.17138  -0.0097  1.0000  0.0450  -1.4403   0.0000   0.0000   0.0000   0.2209
 -14.000  -0.4543   0.17296   0.16667  -0.0138  1.0000  0.0462  -1.5359   0.0000   0.0000   0.0000   0.2119
 -13.500  -0.4360   0.16485   0.15858  -0.0149  1.0000  0.0486  -1.4653   0.0000   0.0000   0.0000   0.2082
 -13.000  -0.4261   0.15950   0.15327  -0.0182  1.0000  0.0517  -1.5231   0.0000   0.0000   0.0000   0.1999
 -12.500  -0.4111   0.15226   0.14606  -0.0196  1.0000  0.0543  -1.4860   0.0000   0.0000   0.0000   0.1950
 -12.000  -0.4016   0.14658   0.14043  -0.0224  1.0000  0.0575  -1.5223   0.0000   0.0000   0.0000   0.1872
 -11.500  -0.3901   0.13988   0.13379  -0.0242  1.0000  0.0593  -1.5227   0.0000   0.0000   0.0000   0.1811
 -11.000  -0.3790   0.13371   0.12767  -0.0259  1.0000  0.0629  -1.5118   0.0000   0.0000   0.0000   0.1750
 -10.500  -0.3746   0.12823   0.12228  -0.0288  1.0000  0.0649  -1.5737   0.0000   0.0000   0.0000   0.1669
 -10.000  -0.3607   0.12147   0.11555  -0.0292  1.0000  0.0689  -1.5118   0.0000   0.0000   0.0000   0.1630
  -9.000  -0.3496   0.11019   0.10447  -0.0320  1.0000  0.0769  -1.5509   0.0000   0.0000   0.0000   0.1532
  -8.500  -0.3442   0.10442   0.09881  -0.0321  1.0000  0.0813  -1.5614   0.0000   0.0000   0.0000   0.1516
  -8.000  -0.3576   0.10094   0.09554  -0.0336  1.0000  0.0853  -1.6768   0.0000   0.0000   0.0000   0.1518
  -7.500  -0.3493   0.09473   0.08944  -0.0309  1.0000  0.0899  -1.6233   0.0000   0.0000   0.0000   0.1575
  -7.000  -0.3764   0.09202   0.08699  -0.0308  1.0000  0.0928  -1.7566   0.0000   0.0000   0.0000   0.1649
  -6.500  -0.3729   0.08628   0.08135  -0.0268  1.0000  0.0970  -1.6993   0.0000   0.0000   0.0000   0.1750
  -6.000  -0.3820   0.08138   0.07659  -0.0300  1.0000  0.1014  -1.7981   0.0000   0.0000   0.0000   0.1689
  -5.500  -0.3770   0.07584   0.07107  -0.0328  1.0000  0.1087  -1.8306   0.0000   0.0000   0.0000   0.1608
  -5.000  -0.3621   0.06950   0.06469  -0.0369  1.0000  0.1174  -1.8506   0.0000   0.0000   0.0000   0.1461
  -4.500  -0.3482   0.06377   0.05902  -0.0343  1.0000  0.1285  -1.7395   0.0000   0.0000   0.0000   0.1496
  -3.500  -0.1790   0.03562   0.02865  -0.0659  0.9887  0.0640  -2.2987   0.0000   0.0000   0.0000  -0.1229
  -3.000  -0.0918   0.02884   0.02062  -0.0738  0.9781  0.0675  -2.1774   0.0000   0.0000   0.0000  -0.5623
  -2.500  -0.0070   0.02486   0.01558  -0.0794  0.9659  0.0799  -1.9496   0.0000   0.0000   0.0000  -11.1350
  -2.000   0.0726   0.02259   0.01293  -0.0838  0.9513  0.1040  -1.6488   0.0000   0.0000   0.0000   1.4127
  -1.500   0.1523   0.02094   0.01128  -0.0882  0.9363  0.1549  -1.3384   0.0000   0.0000   0.0000   0.8318
  -1.000   0.2259   0.01961   0.01040  -0.0915  0.9186  0.2804  -1.0230   0.0000   0.0000   0.0000   0.6562
  -0.500   0.3073   0.01722   0.00966  -0.0954  0.9041  1.0000  -0.7146   0.0000   0.0000   0.0000   0.5607
   0.000   0.3818   0.01728   0.00921  -0.0984  0.8834  1.0000  -0.5658   0.0000   0.0000   0.0000   0.5074
   0.500   0.4554   0.01723   0.00884  -0.1010  0.8633  1.0000  -0.6146   0.0000   0.0000   0.0000   0.4710
   1.000   0.5251   0.01714   0.00854  -0.1027  0.8418  1.0000  -0.6640   0.0000   0.0000   0.0000   0.4442
   1.500   0.5882   0.01715   0.00843  -0.1031  0.8175  1.0000  -0.7122   0.0000   0.0000   0.0000   0.4235
   2.000   0.6498   0.01720   0.00842  -0.1031  0.7927  1.0000  -0.7631   0.0000   0.0000   0.0000   0.4066
   2.500   0.7102   0.01732   0.00853  -0.1029  0.7677  1.0000  -0.8173   0.0000   0.0000   0.0000   0.3923
   3.000   0.7698   0.01750   0.00873  -0.1025  0.7429  1.0000  -0.8774   0.0000   0.0000   0.0000   0.3802
   3.500   0.8269   0.01784   0.00915  -0.1017  0.7174  1.0000  -1.0718   0.0000   0.0000   0.0000   0.3696
   4.000   0.8804   0.01837   0.00981  -0.1005  0.6908  1.0000  -1.3350   0.0000   0.0000   0.0000   0.3602
   4.500   0.9335   0.01898   0.01063  -0.0991  0.6645  1.0000  -1.6394   0.0000   0.0000   0.0000   0.3518
   5.000   0.9863   0.01961   0.01153  -0.0975  0.6373  1.0000  -1.9896   0.0000   0.0000   0.0000   0.3440
   5.500   1.0375   0.01982   0.01192  -0.0948  0.5980  1.0000  -2.4195   0.0000   0.0000   0.0000   0.3359
   6.000   1.0755   0.01960   0.01169  -0.0888  0.5216  1.0000  -2.8459   0.0000   0.0000   0.0000   0.3265
   6.500   1.1066   0.02015   0.01223  -0.0827  0.4261  1.0000  -3.2644   0.0000   0.0000   0.0000   0.3180
   7.000   1.1012   0.02421   0.01449  -0.0730  0.1448  1.0000  -3.4582   0.0000   0.0000   0.0000   0.3090
   7.500   1.1076   0.02864   0.01842  -0.0661  0.0865  1.0000  -3.6510   0.0000   0.0000   0.0000   0.3018
   8.000   1.1220   0.03216   0.02196  -0.0599  0.0691  1.0000  -3.8824   0.0000   0.0000   0.0000   0.2949
   8.500   1.1570   0.03607   0.02582  -0.0564  0.0572  1.0000  -4.1834   0.0000   0.0000   0.0000   0.2897
   9.000   1.2126   0.04099   0.03099  -0.0557  0.0475  1.0000  -4.6154   0.0000   0.0000   0.0000   0.2862
   9.500   1.2558   0.04715   0.03783  -0.0536  0.0426  1.0000  -4.9040   0.0000   0.0000   0.0000   0.2823
  10.000   1.2752   0.05365   0.04505  -0.0496  0.0396  1.0000  -5.0901   0.0000   0.0000   0.0000   0.2779
  10.500   1.2685   0.06059   0.05283  -0.0434  0.0391  1.0000  -5.0934   0.0000   0.0000   0.0000   0.2727
  11.000   1.2444   0.06765   0.06055  -0.0375  0.0392  1.0000  -5.0403   0.0000   0.0000   0.0000   0.2680
  11.500   1.2115   0.07575   0.06920  -0.0344  0.0394  1.0000  -4.9477   0.0000   0.0000   0.0000   0.2656
  12.000   1.1743   0.08542   0.07932  -0.0348  0.0398  1.0000  -4.8222   0.0000   0.0000   0.0000   0.2663
  12.500   1.1367   0.09690   0.09115  -0.0388  0.0403  1.0000  -4.6687   0.0000   0.0000   0.0000   0.2701
  13.000   1.1051   0.10969   0.10418  -0.0450  0.0408  1.0000  -4.5111   0.0000   0.0000   0.0000   0.2761
  13.500   1.0269   0.13743   0.13219  -0.0663  0.0445  1.0000  -3.6420   0.0000   0.0000   0.0000   0.2999
  14.000   1.0170   0.15295   0.14770  -0.0742  0.0465  1.0000  -3.3727   0.0000   0.0000   0.0000   0.3080


