xflr5 v6.61

 Calculated polar for: NACA4412_7_00

 1 1 Reynolds number fixed          Mach number fixed         

 xtrf =   1.000 (top)        1.000 (bottom)
 Mach =   0.200     Re =     0.060 e 6     Ncrit =   7.000

  alpha     CL        CD       CDp       Cm    Top Xtr Bot Xtr   Cpmin    Chinge    XCp    
 ------- -------- --------- --------- -------- ------- ------- -------- --------- ---------
 -21.000  -0.6991   0.26203   0.25469   0.0401  1.0000  0.0318  -1.4845   0.0000   0.0000   0.0000   0.2963
 -20.500  -0.6814   0.25576   0.24841   0.0362  1.0000  0.0333  -1.4501   0.0000   0.0000   0.0000   0.2925
 -20.000  -0.6639   0.24987   0.24251   0.0320  1.0000  0.0348  -1.4663   0.0000   0.0000   0.0000   0.2881
 -19.500  -0.6472   0.24498   0.23763   0.0274  1.0000  0.0356  -1.5155   0.0000   0.0000   0.0000   0.2826
 -19.000  -0.6291   0.23740   0.23005   0.0242  1.0000  0.0368  -1.4809   0.0000   0.0000   0.0000   0.2792
 -18.500  -0.6116   0.23111   0.22375   0.0206  1.0000  0.0389  -1.4678   0.0000   0.0000   0.0000   0.2748
 -18.000  -0.5955   0.22604   0.21870   0.0163  1.0000  0.0406  -1.5045   0.0000   0.0000   0.0000   0.2689
 -17.500  -0.5778   0.21873   0.21141   0.0133  1.0000  0.0422  -1.4690   0.0000   0.0000   0.0000   0.2648
 -17.000  -0.5608   0.21247   0.20516   0.0100  1.0000  0.0446  -1.4525   0.0000   0.0000   0.0000   0.2599
 -16.500  -0.5460   0.20746   0.20016   0.0058  1.0000  0.0461  -1.4850   0.0000   0.0000   0.0000   0.2531
 -16.000  -0.5284   0.19988   0.19260   0.0033  1.0000  0.0477  -1.4369   0.0000   0.0000   0.0000   0.2489
 -15.500  -0.5124   0.19359   0.18633   0.0002  1.0000  0.0504  -1.4138   0.0000   0.0000   0.0000   0.2434
 -15.000  -0.5005   0.18899   0.18177  -0.0038  1.0000  0.0519  -1.4519   0.0000   0.0000   0.0000   0.2357
 -14.500  -0.4823   0.18082   0.17361  -0.0056  1.0000  0.0544  -1.3860   0.0000   0.0000   0.0000   0.2318
 -14.000  -0.4691   0.17508   0.16790  -0.0087  1.0000  0.0574  -1.4201   0.0000   0.0000   0.0000   0.2251
 -13.500  -0.4550   0.16836   0.16121  -0.0111  1.0000  0.0595  -1.4298   0.0000   0.0000   0.0000   0.2194
 -13.000  -0.4428   0.16259   0.15548  -0.0139  1.0000  0.0638  -1.4516   0.0000   0.0000   0.0000   0.2128
 -12.500  -0.4290   0.15569   0.14862  -0.0158  1.0000  0.0667  -1.4471   0.0000   0.0000   0.0000   0.2073
 -12.000  -0.4196   0.15030   0.14328  -0.0187  1.0000  0.0706  -1.4824   0.0000   0.0000   0.0000   0.2000
 -11.500  -0.4059   0.14321   0.13624  -0.0202  1.0000  0.0734  -1.4676   0.0000   0.0000   0.0000   0.1948
 -11.000  -0.3983   0.13793   0.13103  -0.0229  1.0000  0.0776  -1.5020   0.0000   0.0000   0.0000   0.1875
 -10.500  -0.3849   0.13088   0.12403  -0.0240  1.0000  0.0810  -1.4761   0.0000   0.0000   0.0000   0.1826
 -10.000  -0.3823   0.12636   0.11961  -0.0270  1.0000  0.0852  -1.5330   0.0000   0.0000   0.0000   0.1748
  -9.500  -0.3673   0.11903   0.11234  -0.0272  1.0000  0.0901  -1.4770   0.0000   0.0000   0.0000   0.1714
  -9.000  -0.3619   0.11344   0.10688  -0.0287  1.0000  0.0948  -1.4887   0.0000   0.0000   0.0000   0.1663
  -8.500  -0.3652   0.10951   0.10311  -0.0307  1.0000  0.1007  -1.5387   0.0000   0.0000   0.0000   0.1620
  -8.000  -0.3585   0.10354   0.09727  -0.0301  1.0000  0.1083  -1.5167   0.0000   0.0000   0.0000   0.1624
  -7.500  -0.3548   0.09790   0.09176  -0.0287  1.0000  0.1145  -1.5159   0.0000   0.0000   0.0000   0.1657
  -7.000  -0.3655   0.09377   0.08787  -0.0276  1.0000  0.1190  -1.5678   0.0000   0.0000   0.0000   0.1718
  -6.500  -0.3739   0.08987   0.08417  -0.0297  1.0000  0.1259  -1.6395   0.0000   0.0000   0.0000   0.1682
  -6.000  -0.3700   0.08418   0.07860  -0.0284  1.0000  0.1342  -1.6310   0.0000   0.0000   0.0000   0.1710
  -5.500  -0.3655   0.07875   0.07327  -0.0297  1.0000  0.1435  -1.6490   0.0000   0.0000   0.0000   0.1669
  -5.000  -0.3547   0.07280   0.06736  -0.0315  1.0000  0.1545  -1.6525   0.0000   0.0000   0.0000   0.1596
  -4.500  -0.3372   0.06696   0.06152  -0.0334  1.0000  0.1742  -1.6233   0.0000   0.0000   0.0000   0.1494
  -3.500  -0.2154   0.04474   0.03791  -0.0564  1.0000  0.0854  -2.0286   0.0000   0.0000   0.0000  -0.0144
  -3.000  -0.1601   0.03772   0.03025  -0.0602  1.0000  0.0821  -2.0050   0.0000   0.0000   0.0000  -0.1296
  -2.500  -0.0936   0.03127   0.02259  -0.0643  1.0000  0.0817  -2.0256   0.0000   0.0000   0.0000  -0.4428
  -2.000  -0.0348   0.02748   0.01775  -0.0657  1.0000  0.0915  -1.9036   0.0000   0.0000   0.0000  -1.6520
  -1.500   0.0519   0.02487   0.01449  -0.0718  0.9876  0.1192  -1.6108   0.0000   0.0000   0.0000   1.6407
  -1.000   0.1390   0.02324   0.01273  -0.0777  0.9713  0.1868  -1.2826   0.0000   0.0000   0.0000   0.8111
  -0.500   0.2204   0.01979   0.01171  -0.0824  0.9553  1.0000  -0.9677   0.0000   0.0000   0.0000   0.6245
   0.000   0.3016   0.02048   0.01139  -0.0875  0.9313  1.0000  -0.6472   0.0000   0.0000   0.0000   0.5399
   0.500   0.3799   0.02104   0.01145  -0.0921  0.9072  1.0000  -0.5405   0.0000   0.0000   0.0000   0.4915
   1.000   0.4561   0.02147   0.01161  -0.0959  0.8829  1.0000  -0.5894   0.0000   0.0000   0.0000   0.4591
   1.500   0.5303   0.02180   0.01179  -0.0991  0.8588  1.0000  -0.6408   0.0000   0.0000   0.0000   0.4352
   2.000   0.5997   0.02208   0.01204  -0.1010  0.8344  1.0000  -0.6931   0.0000   0.0000   0.0000   0.4165
   2.500   0.6672   0.02231   0.01231  -0.1023  0.8104  1.0000  -0.7489   0.0000   0.0000   0.0000   0.4010
   3.000   0.7344   0.02246   0.01260  -0.1032  0.7873  1.0000  -0.8114   0.0000   0.0000   0.0000   0.3878
   3.500   0.7924   0.02292   0.01329  -0.1027  0.7612  1.0000  -1.0362   0.0000   0.0000   0.0000   0.3765
   4.000   0.8489   0.02347   0.01409  -0.1019  0.7351  1.0000  -1.3321   0.0000   0.0000   0.0000   0.3664
   4.500   0.9049   0.02407   0.01506  -0.1008  0.7088  1.0000  -1.6907   0.0000   0.0000   0.0000   0.3573
   5.000   0.9605   0.02466   0.01608  -0.0994  0.6813  1.0000  -2.1260   0.0000   0.0000   0.0000   0.3489
   5.500   1.0196   0.02429   0.01619  -0.0965  0.6424  1.0000  -2.6139   0.0000   0.0000   0.0000   0.3396
   6.000   1.0573   0.02229   0.01408  -0.0867  0.5307  1.0000  -3.1160   0.0000   0.0000   0.0000   0.3262
   6.500   1.0631   0.02369   0.01454  -0.0756  0.2778  1.0000  -3.3766   0.0000   0.0000   0.0000   0.3147
   7.000   1.0572   0.03001   0.01913  -0.0677  0.1071  1.0000  -3.4682   0.0000   0.0000   0.0000   0.3071
   7.500   1.0765   0.03418   0.02327  -0.0622  0.0811  1.0000  -3.6694   0.0000   0.0000   0.0000   0.3002
   8.000   1.1293   0.03879   0.02781  -0.0601  0.0648  1.0000  -4.0361   0.0000   0.0000   0.0000   0.2951
   8.500   1.1905   0.04487   0.03445  -0.0593  0.0552  1.0000  -4.3887   0.0000   0.0000   0.0000   0.2911
   9.000   1.2302   0.05201   0.04231  -0.0568  0.0512  1.0000  -4.6173   0.0000   0.0000   0.0000   0.2869
   9.500   1.2384   0.05912   0.05046  -0.0515  0.0487  1.0000  -4.6682   0.0000   0.0000   0.0000   0.2819
  10.000   1.2297   0.06686   0.05904  -0.0461  0.0488  1.0000  -4.6361   0.0000   0.0000   0.0000   0.2772
  10.500   1.2013   0.07435   0.06715  -0.0405  0.0494  1.0000  -4.5468   0.0000   0.0000   0.0000   0.2730
  11.000   1.1642   0.08284   0.07612  -0.0382  0.0502  1.0000  -4.4258   0.0000   0.0000   0.0000   0.2715
  11.500   1.1255   0.09321   0.08685  -0.0402  0.0510  1.0000  -4.2773   0.0000   0.0000   0.0000   0.2738
  12.000   1.0930   0.10528   0.09915  -0.0454  0.0518  1.0000  -4.1249   0.0000   0.0000   0.0000   0.2790
  12.500   1.0275   0.12711   0.12120  -0.0624  0.0553  1.0000  -3.5171   0.0000   0.0000   0.0000   0.2980
  13.000   1.0163   0.14193   0.13599  -0.0699  0.0578  1.0000  -3.2975   0.0000   0.0000   0.0000   0.3058
  13.500   0.8086   0.14541   0.13986  -0.0621  0.0703  1.0000  -2.3505   0.0000   0.0000   0.0000   0.3150
  14.000   0.8032   0.15605   0.15051  -0.0664  0.0781  1.0000  -2.1670   0.0000   0.0000   0.0000   0.3206


