xflr5 v6.61

 Calculated polar for: NACA4412_7_00

 1 1 Reynolds number fixed          Mach number fixed         

 xtrf =   1.000 (top)        1.000 (bottom)
 Mach =   0.200     Re =     0.090 e 6     Ncrit =   7.000

  alpha     CL        CD       CDp       Cm    Top Xtr Bot Xtr   Cpmin    Chinge    XCp    
 ------- -------- --------- --------- -------- ------- ------- -------- --------- ---------
 -17.500  -0.5748   0.21695   0.21093   0.0132  1.0000  0.0274  -1.4931   0.0000   0.0000   0.0000   0.2647
 -17.000  -0.5578   0.21058   0.20456   0.0099  1.0000  0.0288  -1.4722   0.0000   0.0000   0.0000   0.2598
 -16.500  -0.5414   0.20446   0.19844   0.0063  1.0000  0.0303  -1.4838   0.0000   0.0000   0.0000   0.2539
 -16.000  -0.5262   0.19848   0.19250   0.0025  1.0000  0.0311  -1.5122   0.0000   0.0000   0.0000   0.2474
 -15.500  -0.5092   0.19140   0.18542   0.0002  1.0000  0.0331  -1.4359   0.0000   0.0000   0.0000   0.2432
 -15.000  -0.4942   0.18531   0.17934  -0.0031  1.0000  0.0351  -1.4384   0.0000   0.0000   0.0000   0.2367
 -14.500  -0.4825   0.18019   0.17427  -0.0072  1.0000  0.0357  -1.4946   0.0000   0.0000   0.0000   0.2284
 -14.000  -0.4646   0.17211   0.16619  -0.0085  1.0000  0.0375  -1.4098   0.0000   0.0000   0.0000   0.2251
 -13.500  -0.4510   0.16587   0.15997  -0.0113  1.0000  0.0397  -1.4375   0.0000   0.0000   0.0000   0.2186
 -13.000  -0.4422   0.16091   0.15507  -0.0153  1.0000  0.0408  -1.5455   0.0000   0.0000   0.0000   0.2094
 -12.500  -0.4249   0.15285   0.14702  -0.0162  1.0000  0.0427  -1.4764   0.0000   0.0000   0.0000   0.2060
 -12.000  -0.4133   0.14671   0.14091  -0.0187  1.0000  0.0452  -1.5015   0.0000   0.0000   0.0000   0.1991
 -11.500  -0.4071   0.14154   0.13582  -0.0223  1.0000  0.0464  -1.5998   0.0000   0.0000   0.0000   0.1898
 -11.000  -0.3904   0.13399   0.12829  -0.0227  1.0000  0.0500  -1.5136   0.0000   0.0000   0.0000   0.1864
 -10.500  -0.3894   0.12974   0.12413  -0.0269  1.0000  0.0520  -1.6424   0.0000   0.0000   0.0000   0.1759
 -10.000  -0.3708   0.12176   0.11617  -0.0264  1.0000  0.0559  -1.5272   0.0000   0.0000   0.0000   0.1737
  -9.500  -0.3709   0.11731   0.11183  -0.0301  1.0000  0.0580  -1.6379   0.0000   0.0000   0.0000   0.1643
  -9.000  -0.3550   0.10991   0.10449  -0.0294  1.0000  0.0611  -1.5387   0.0000   0.0000   0.0000   0.1627
  -8.500  -0.3570   0.10543   0.10015  -0.0318  1.0000  0.0642  -1.6203   0.0000   0.0000   0.0000   0.1567
  -8.000  -0.3479   0.09906   0.09387  -0.0308  1.0000  0.0669  -1.5552   0.0000   0.0000   0.0000   0.1575
  -7.500  -0.3559   0.09500   0.09000  -0.0306  1.0000  0.0704  -1.6195   0.0000   0.0000   0.0000   0.1606
  -7.000  -0.3659   0.09048   0.08566  -0.0289  1.0000  0.0721  -1.6722   0.0000   0.0000   0.0000   0.1682
  -6.500  -0.3681   0.08569   0.08100  -0.0275  1.0000  0.0763  -1.6776   0.0000   0.0000   0.0000   0.1727
  -6.000  -0.3713   0.08057   0.07602  -0.0283  1.0000  0.0798  -1.7279   0.0000   0.0000   0.0000   0.1715
  -5.000  -0.3521   0.06890   0.06441  -0.0348  1.0000  0.0938  -1.7971   0.0000   0.0000   0.0000   0.1495
  -4.500  -0.3293   0.06246   0.05790  -0.0380  1.0000  0.1020  -1.7833   0.0000   0.0000   0.0000   0.1329
  -3.500  -0.1663   0.03703   0.03076  -0.0666  0.9890  0.0583  -2.2488   0.0000   0.0000   0.0000  -0.1546
  -3.000  -0.0763   0.02860   0.02105  -0.0755  0.9803  0.0558  -2.2539   0.0000   0.0000   0.0000  -0.7484
  -2.500   0.0084   0.02371   0.01477  -0.0810  0.9692  0.0642  -2.1105   0.0000   0.0000   0.0000   9.9871
  -2.000   0.0894   0.02119   0.01184  -0.0857  0.9566  0.0837  -1.7404   0.0000   0.0000   0.0000   1.2143
  -1.500   0.1657   0.01941   0.01004  -0.0894  0.9417  0.1235  -1.4094   0.0000   0.0000   0.0000   0.7921
  -1.000   0.2427   0.01795   0.00902  -0.0934  0.9266  0.2429  -1.0608   0.0000   0.0000   0.0000   0.6360
  -0.500   0.3247   0.01550   0.00828  -0.0977  0.9138  1.0000  -0.7128   0.0000   0.0000   0.0000   0.5511
   0.000   0.3974   0.01551   0.00781  -0.1004  0.8932  1.0000  -0.5537   0.0000   0.0000   0.0000   0.5022
   0.500   0.4675   0.01546   0.00747  -0.1024  0.8720  1.0000  -0.5999   0.0000   0.0000   0.0000   0.4682
   1.000   0.5366   0.01534   0.00717  -0.1040  0.8505  1.0000  -0.6483   0.0000   0.0000   0.0000   0.4425
   1.500   0.6031   0.01522   0.00695  -0.1049  0.8276  1.0000  -0.6984   0.0000   0.0000   0.0000   0.4222
   2.000   0.6638   0.01523   0.00690  -0.1047  0.8012  1.0000  -0.7482   0.0000   0.0000   0.0000   0.4057
   2.500   0.7226   0.01534   0.00702  -0.1042  0.7738  1.0000  -0.8010   0.0000   0.0000   0.0000   0.3917
   3.000   0.7796   0.01558   0.00728  -0.1033  0.7457  1.0000  -0.9184   0.0000   0.0000   0.0000   0.3797
   3.500   0.8350   0.01594   0.00775  -0.1023  0.7174  1.0000  -1.1899   0.0000   0.0000   0.0000   0.3693
   4.000   0.8893   0.01643   0.00837  -0.1011  0.6892  1.0000  -1.5179   0.0000   0.0000   0.0000   0.3600
   4.500   0.9426   0.01701   0.00919  -0.0997  0.6608  1.0000  -1.9190   0.0000   0.0000   0.0000   0.3516
   5.000   0.9934   0.01749   0.00994  -0.0975  0.6248  1.0000  -2.3577   0.0000   0.0000   0.0000   0.3434
   5.500   1.0312   0.01733   0.00961  -0.0913  0.5330  1.0000  -2.8103   0.0000   0.0000   0.0000   0.3332
   6.000   1.0620   0.01818   0.01025  -0.0851  0.4004  1.0000  -3.2370   0.0000   0.0000   0.0000   0.3243
   6.500   1.0583   0.02366   0.01349  -0.0763  0.0895  1.0000  -3.3975   0.0000   0.0000   0.0000   0.3157
   7.000   1.0784   0.02717   0.01695  -0.0707  0.0626  1.0000  -3.6511   0.0000   0.0000   0.0000   0.3086
   7.500   1.1037   0.03071   0.02051  -0.0657  0.0513  1.0000  -3.9259   0.0000   0.0000   0.0000   0.3020
   8.000   1.1508   0.03501   0.02496  -0.0635  0.0430  1.0000  -4.3294   0.0000   0.0000   0.0000   0.2970
   8.500   1.2004   0.04019   0.03055  -0.0620  0.0367  1.0000  -4.7274   0.0000   0.0000   0.0000   0.2929
   9.000   1.2402   0.04708   0.03817  -0.0593  0.0351  1.0000  -4.9471   0.0000   0.0000   0.0000   0.2885
   9.500   1.2521   0.05427   0.04638  -0.0539  0.0345  1.0000  -4.9818   0.0000   0.0000   0.0000   0.2832
  10.000   1.2421   0.06129   0.05425  -0.0476  0.0336  1.0000  -4.9579   0.0000   0.0000   0.0000   0.2780
  10.500   1.2152   0.06805   0.06162  -0.0413  0.0333  1.0000  -4.8970   0.0000   0.0000   0.0000   0.2731
  11.000   1.1797   0.07609   0.07017  -0.0382  0.0335  1.0000  -4.7854   0.0000   0.0000   0.0000   0.2709
  11.500   1.1404   0.08613   0.08063  -0.0395  0.0340  1.0000  -4.6303   0.0000   0.0000   0.0000   0.2725
  12.000   1.1023   0.09833   0.09314  -0.0448  0.0347  1.0000  -4.4484   0.0000   0.0000   0.0000   0.2779
  12.500   1.0720   0.11187   0.10686  -0.0522  0.0354  1.0000  -4.2693   0.0000   0.0000   0.0000   0.2855
  13.000   1.0248   0.13476   0.12992  -0.0681  0.0403  1.0000  -3.6134   0.0000   0.0000   0.0000   0.3031


