xflr5 v6.61

 Calculated polar for: NACA4412_6_80

 1 1 Reynolds number fixed          Mach number fixed         

 xtrf =   1.000 (top)        1.000 (bottom)
 Mach =   0.200     Re =     0.125 e 6     Ncrit =   9.000

  alpha     CL        CD       CDp       Cm    Top Xtr Bot Xtr   Cpmin    Chinge    XCp    
 ------- -------- --------- --------- -------- ------- ------- -------- --------- ---------
 -19.500  -0.6471   0.24228   0.23715   0.0290  1.0000  0.0190  -1.4664   0.0000   0.0000   0.0000   0.2854
 -19.000  -0.6297   0.23592   0.23079   0.0253  1.0000  0.0203  -1.4279   0.0000   0.0000   0.0000   0.2812
 -18.500  -0.6122   0.22961   0.22447   0.0215  1.0000  0.0214  -1.4461   0.0000   0.0000   0.0000   0.2765
 -18.000  -0.5949   0.22379   0.21866   0.0173  1.0000  0.0221  -1.5100   0.0000   0.0000   0.0000   0.2707
 -17.500  -0.5783   0.21727   0.21217   0.0136  1.0000  0.0225  -1.5350   0.0000   0.0000   0.0000   0.2655
 -17.000  -0.5611   0.21025   0.20514   0.0108  1.0000  0.0235  -1.4710   0.0000   0.0000   0.0000   0.2616
 -16.500  -0.5444   0.20382   0.19871   0.0075  1.0000  0.0247  -1.4549   0.0000   0.0000   0.0000   0.2565
 -16.000  -0.5281   0.19759   0.19249   0.0040  1.0000  0.0259  -1.4674   0.0000   0.0000   0.0000   0.2504
 -15.500  -0.5145   0.19252   0.18744  -0.0004  1.0000  0.0264  -1.5418   0.0000   0.0000   0.0000   0.2424
 -15.000  -0.4970   0.18439   0.17932  -0.0021  1.0000  0.0273  -1.4343   0.0000   0.0000   0.0000   0.2391
 -14.500  -0.4816   0.17790   0.17284  -0.0048  1.0000  0.0288  -1.3898   0.0000   0.0000   0.0000   0.2336
 -14.000  -0.4676   0.17177   0.16673  -0.0081  1.0000  0.0304  -1.3968   0.0000   0.0000   0.0000   0.2266
 -13.500  -0.4545   0.16518   0.16017  -0.0109  1.0000  0.0314  -1.4164   0.0000   0.0000   0.0000   0.2200
 -13.000  -0.4398   0.15849   0.15349  -0.0128  1.0000  0.0335  -1.3896   0.0000   0.0000   0.0000   0.2150
 -12.500  -0.4285   0.15262   0.14766  -0.0160  1.0000  0.0353  -1.4672   0.0000   0.0000   0.0000   0.2069
 -12.000  -0.4165   0.14581   0.14089  -0.0183  1.0000  0.0362  -1.4985   0.0000   0.0000   0.0000   0.2006
 -11.500  -0.4030   0.13918   0.13428  -0.0198  1.0000  0.0384  -1.4736   0.0000   0.0000   0.0000   0.1955
 -11.000  -0.3945   0.13355   0.12870  -0.0229  1.0000  0.0405  -1.5577   0.0000   0.0000   0.0000   0.1867
 -10.500  -0.3831   0.12669   0.12188  -0.0244  1.0000  0.0417  -1.5615   0.0000   0.0000   0.0000   0.1812
 -10.000  -0.3717   0.12049   0.11572  -0.0258  1.0000  0.0443  -1.5447   0.0000   0.0000   0.0000   0.1758
  -9.750  -0.3688   0.11782   0.11309  -0.0273  1.0000  0.0456  -1.5881   0.0000   0.0000   0.0000   0.1714
  -9.500  -0.3705   0.11588   0.11122  -0.0297  1.0000  0.0461  -1.6818   0.0000   0.0000   0.0000   0.1655
  -9.250  -0.3618   0.11171   0.10706  -0.0291  1.0000  0.0469  -1.6263   0.0000   0.0000   0.0000   0.1653
  -9.000  -0.3553   0.10855   0.10393  -0.0289  1.0000  0.0485  -1.5833   0.0000   0.0000   0.0000   0.1643
  -8.750  -0.3523   0.10585   0.10127  -0.0296  1.0000  0.0504  -1.5926   0.0000   0.0000   0.0000   0.1618
  -8.500  -0.3552   0.10388   0.09938  -0.0313  1.0000  0.0517  -1.6726   0.0000   0.0000   0.0000   0.1579
  -8.250  -0.3632   0.10244   0.09805  -0.0331  1.0000  0.0520  -1.7804   0.0000   0.0000   0.0000   0.1551
  -8.000  -0.3465   0.09768   0.09327  -0.0303  1.0000  0.0548  -1.6076   0.0000   0.0000   0.0000   0.1588
  -7.750  -0.3481   0.09543   0.09109  -0.0304  1.0000  0.0568  -1.6312   0.0000   0.0000   0.0000   0.1590
  -7.500  -0.3581   0.09403   0.08980  -0.0306  1.0000  0.0577  -1.7088   0.0000   0.0000   0.0000   0.1615
  -7.250  -0.3718   0.09288   0.08877  -0.0306  1.0000  0.0580  -1.7996   0.0000   0.0000   0.0000   0.1650
  -7.000  -0.3644   0.08912   0.08503  -0.0274  1.0000  0.0594  -1.6950   0.0000   0.0000   0.0000   0.1720
  -6.750  -0.3660   0.08682   0.08279  -0.0261  1.0000  0.0609  -1.6749   0.0000   0.0000   0.0000   0.1760
  -6.500  -0.3702   0.08467   0.08071  -0.0259  1.0000  0.0626  -1.6944   0.0000   0.0000   0.0000   0.1776
  -6.250  -0.3756   0.08259   0.07870  -0.0291  1.0000  0.0641  -1.7925   0.0000   0.0000   0.0000   0.1704
  -5.750  -0.3743   0.07706   0.07326  -0.0267  1.0000  0.0666  -1.7323   0.0000   0.0000   0.0000   0.1767
  -5.500  -0.3712   0.07439   0.07061  -0.0278  1.0000  0.0692  -1.7332   0.0000   0.0000   0.0000   0.1735
  -5.250  -0.3614   0.07064   0.06684  -0.0341  1.0000  0.0716  -1.8437   0.0000   0.0000   0.0000   0.1539
  -5.000  -0.3586   0.06815   0.06439  -0.0311  1.0000  0.0735  -1.7753   0.0000   0.0000   0.0000   0.1617
  -4.750  -0.3374   0.06391   0.06001  -0.0393  1.0000  0.0784  -1.8884   0.0000   0.0000   0.0000   0.1319
  -4.500  -0.3339   0.06144   0.05761  -0.0360  1.0000  0.0804  -1.8018   0.0000   0.0000   0.0000   0.1406
  -4.250  -0.3125   0.05752   0.05356  -0.0410  1.0000  0.0863  -1.8403   0.0000   0.0000   0.0000   0.1172
  -4.000  -0.2929   0.05419   0.05012  -0.0439  1.0000  0.0938  -1.8301   0.0000   0.0000   0.0000   0.0986
  -3.750  -0.2542   0.05010   0.04591  -0.0493  0.9952  0.1034  -1.7455   0.0000   0.0000   0.0000   0.0543
  -3.500  -0.2024   0.04537   0.04084  -0.0585  0.9897  0.1183  -1.7123   0.0000   0.0000   0.0000  -0.0412
  -3.250  -0.1622   0.04181   0.03717  -0.0631  0.9842  0.1302  -1.6001   0.0000   0.0000   0.0000  -0.1417
  -2.750  -0.0573   0.03192   0.02612  -0.0765  0.9747  0.1188  -1.5938   0.0000   0.0000   0.0000  -1.0931
  -2.500   0.0006   0.02348   0.01585  -0.0802  0.9748  0.0653  -2.0125   0.0000   0.0000   0.0000  138.2260
  -2.250   0.0433   0.02172   0.01360  -0.0827  0.9693  0.0703  -1.8875   0.0000   0.0000   0.0000   2.1740
  -2.000   0.0878   0.02026   0.01181  -0.0856  0.9644  0.0784  -1.7226   0.0000   0.0000   0.0000   1.2305
  -1.750   0.1272   0.01915   0.01067  -0.0877  0.9572  0.0900  -1.5703   0.0000   0.0000   0.0000   0.9429
  -1.500   0.1671   0.01825   0.00975  -0.0899  0.9499  0.1102  -1.4119   0.0000   0.0000   0.0000   0.7900
  -1.250   0.2086   0.01743   0.00909  -0.0924  0.9432  0.1466  -1.2340   0.0000   0.0000   0.0000   0.6947
  -1.000   0.2498   0.01658   0.00860  -0.0950  0.9362  0.2208  -1.0718   0.0000   0.0000   0.0000   0.6313
  -0.750   0.2859   0.01543   0.00826  -0.0968  0.9279  0.4097  -0.9097   0.0000   0.0000   0.0000   0.5892
  -0.500   0.3352   0.01396   0.00785  -0.1001  0.9242  1.0000  -0.7092   0.0000   0.0000   0.0000   0.5487
  -0.250   0.3757   0.01391   0.00757  -0.1023  0.9148  1.0000  -0.5530   0.0000   0.0000   0.0000   0.5220
   0.000   0.4144   0.01384   0.00731  -0.1040  0.9049  1.0000  -0.5561   0.0000   0.0000   0.0000   0.5006
   0.250   0.4519   0.01374   0.00709  -0.1055  0.8949  1.0000  -0.5802   0.0000   0.0000   0.0000   0.4828
   0.500   0.4888   0.01362   0.00686  -0.1067  0.8847  1.0000  -0.6049   0.0000   0.0000   0.0000   0.4675
   0.750   0.5251   0.01347   0.00663  -0.1078  0.8745  1.0000  -0.6301   0.0000   0.0000   0.0000   0.4542
   1.000   0.5608   0.01330   0.00639  -0.1086  0.8641  1.0000  -0.6555   0.0000   0.0000   0.0000   0.4425
   1.250   0.5950   0.01314   0.00618  -0.1091  0.8530  1.0000  -0.6810   0.0000   0.0000   0.0000   0.4320
   1.500   0.6261   0.01305   0.00606  -0.1091  0.8401  1.0000  -0.7054   0.0000   0.0000   0.0000   0.4226
   1.750   0.6554   0.01302   0.00599  -0.1087  0.8260  1.0000  -0.7295   0.0000   0.0000   0.0000   0.4141
   2.000   0.6841   0.01302   0.00596  -0.1082  0.8113  1.0000  -0.7540   0.0000   0.0000   0.0000   0.4063
   2.500   0.7406   0.01311   0.00604  -0.1072  0.7814  1.0000  -0.8060   0.0000   0.0000   0.0000   0.3924
   2.750   0.7684   0.01321   0.00613  -0.1066  0.7664  1.0000  -0.8583   0.0000   0.0000   0.0000   0.3862
   3.000   0.7960   0.01334   0.00627  -0.1060  0.7514  1.0000  -0.9846   0.0000   0.0000   0.0000   0.3804
   3.250   0.8233   0.01351   0.00647  -0.1054  0.7366  1.0000  -1.1226   0.0000   0.0000   0.0000   0.3751
   3.500   0.8505   0.01371   0.00670  -0.1048  0.7218  1.0000  -1.2743   0.0000   0.0000   0.0000   0.3700
   3.750   0.8774   0.01394   0.00696  -0.1042  0.7073  1.0000  -1.4304   0.0000   0.0000   0.0000   0.3653
   4.000   0.9041   0.01419   0.00730  -0.1035  0.6928  1.0000  -1.6117   0.0000   0.0000   0.0000   0.3608
   4.250   0.9307   0.01446   0.00764  -0.1028  0.6782  1.0000  -1.8265   0.0000   0.0000   0.0000   0.3565
   4.500   0.9570   0.01470   0.00795  -0.1019  0.6623  1.0000  -2.0591   0.0000   0.0000   0.0000   0.3523
   4.750   0.9802   0.01460   0.00780  -0.0997  0.6314  1.0000  -2.3142   0.0000   0.0000   0.0000   0.3473
   5.000   1.0000   0.01452   0.00766  -0.0968  0.5894  1.0000  -2.5616   0.0000   0.0000   0.0000   0.3421
   5.250   1.0209   0.01466   0.00779  -0.0946  0.5520  1.0000  -2.8142   0.0000   0.0000   0.0000   0.3377
   5.500   1.0401   0.01490   0.00799  -0.0922  0.5052  1.0000  -3.0574   0.0000   0.0000   0.0000   0.3333
   5.750   1.0523   0.01544   0.00825  -0.0884  0.4078  1.0000  -3.2481   0.0000   0.0000   0.0000   0.3284
   6.000   1.0389   0.01906   0.00988  -0.0822  0.1172  1.0000  -3.2666   0.0000   0.0000   0.0000   0.3233
   6.250   1.0469   0.02121   0.01174  -0.0789  0.0800  1.0000  -3.3630   0.0000   0.0000   0.0000   0.3192
   6.500   1.0581   0.02287   0.01338  -0.0760  0.0674  1.0000  -3.4842   0.0000   0.0000   0.0000   0.3155
   6.750   1.0704   0.02457   0.01504  -0.0733  0.0597  1.0000  -3.6105   0.0000   0.0000   0.0000   0.3119
   7.000   1.0862   0.02636   0.01677  -0.0713  0.0530  1.0000  -3.7931   0.0000   0.0000   0.0000   0.3087
   7.250   1.1084   0.02839   0.01881  -0.0699  0.0483  1.0000  -3.9738   0.0000   0.0000   0.0000   0.3058
   7.500   1.1335   0.03057   0.02109  -0.0690  0.0435  1.0000  -4.1679   0.0000   0.0000   0.0000   0.3034
   7.750   1.1651   0.03345   0.02395  -0.0691  0.0412  1.0000  -4.3669   0.0000   0.0000   0.0000   0.3015
   8.000   1.1932   0.03665   0.02749  -0.0683  0.0403  1.0000  -4.4794   0.0000   0.0000   0.0000   0.2991
   8.250   1.2121   0.03948   0.03087  -0.0662  0.0388  1.0000  -4.5475   0.0000   0.0000   0.0000   0.2962
   8.500   1.2285   0.04262   0.03446  -0.0641  0.0377  1.0000  -4.6196   0.0000   0.0000   0.0000   0.2936
   8.750   1.2413   0.04662   0.03899  -0.0616  0.0388  1.0000  -4.6090   0.0000   0.0000   0.0000   0.2908
   9.000   1.2535   0.05095   0.04366  -0.0596  0.0402  1.0000  -4.6314   0.0000   0.0000   0.0000   0.2884
   9.250   1.2528   0.05576   0.04921  -0.0556  0.0446  1.0000  -4.4580   0.0000   0.0000   0.0000   0.2850
  12.000   1.0098   0.13810   0.13407  -0.0739  0.1167  1.0000  -2.5074   0.0000   0.0000   0.0000   0.3120
  12.250   1.0001   0.14417   0.14010  -0.0780  0.1105  1.0000  -2.4356   0.0000   0.0000   0.0000   0.3167
  12.500   0.9906   0.15068   0.14656  -0.0822  0.1059  1.0000  -2.3508   0.0000   0.0000   0.0000   0.3215
  12.750   1.0014   0.15408   0.14999  -0.0813  0.1016  1.0000  -2.4145   0.0000   0.0000   0.0000   0.3193
  13.000   0.9890   0.16103   0.15687  -0.0870  0.0973  1.0000  -2.2882   0.0000   0.0000   0.0000   0.3259
  13.250   1.0025   0.16419   0.16007  -0.0855  0.0936  1.0000  -2.3725   0.0000   0.0000   0.0000   0.3229
  13.500   0.9910   0.17095   0.16676  -0.0916  0.0899  1.0000  -2.2329   0.0000   0.0000   0.0000   0.3298
  13.750   1.0018   0.17445   0.17029  -0.0912  0.0862  1.0000  -2.2930   0.0000   0.0000   0.0000   0.3281
  14.000   0.9966   0.18043   0.17622  -0.0958  0.0835  1.0000  -2.1908   0.0000   0.0000   0.0000   0.3330
  14.250   1.0024   0.18456   0.18035  -0.0974  0.0795  1.0000  -2.2178   0.0000   0.0000   0.0000   0.3336
  14.500   1.0090   0.18923   0.18502  -0.0985  0.0776  1.0000  -2.2548   0.0000   0.0000   0.0000   0.3338
  14.750   1.0065   0.19419   0.18995  -0.1031  0.0738  1.0000  -2.1707   0.0000   0.0000   0.0000   0.3384
  15.000   1.0259   0.19777   0.19357  -0.1001  0.0711  1.0000  -2.3788   0.0000   0.0000   0.0000   0.3330
  15.500   1.0232   0.20700   0.20274  -0.1091  0.0657  1.0000  -2.2137   0.0000   0.0000   0.0000   0.3415
  16.000   1.0310   0.21569   0.21141  -0.1148  0.0606  1.0000  -2.1683   0.0000   0.0000   0.0000   0.3456
  16.500   1.0429   0.22403   0.21973  -0.1195  0.0559  1.0000  -2.1678   0.0000   0.0000   0.0000   0.3482
  17.000   1.0642   0.23260   0.22834  -0.1207  0.0519  1.0000  -2.3174   0.0000   0.0000   0.0000   0.3462
  17.500   1.0696   0.24014   0.23583  -0.1290  0.0483  1.0000  -2.1616   0.0000   0.0000   0.0000   0.3526
  18.000   1.0868   0.24836   0.24406  -0.1320  0.0459  1.0000  -2.2242   0.0000   0.0000   0.0000   0.3527
  18.500   1.0985   0.25580   0.25149  -0.1385  0.0425  1.0000  -2.1375   0.0000   0.0000   0.0000   0.3565
  19.000   1.1158   0.26394   0.25965  -0.1417  0.0405  1.0000  -2.1890   0.0000   0.0000   0.0000   0.3565
  19.500   1.1285   0.27114   0.26683  -0.1483  0.0376  1.0000  -2.1077   0.0000   0.0000   0.0000   0.3602
  20.000   1.1478   0.27963   0.27535  -0.1503  0.0356  1.0000  -2.2765   0.0000   0.0000   0.0000   0.3588


