xflr5 v6.61

 Calculated polar for: NACA4412_7_70

 1 1 Reynolds number fixed          Mach number fixed         

 xtrf =   1.000 (top)        1.000 (bottom)
 Mach =   0.200     Re =     0.060 e 6     Ncrit =   7.000

  alpha     CL        CD       CDp       Cm    Top Xtr Bot Xtr   Cpmin    Chinge    XCp    
 ------- -------- --------- --------- -------- ------- ------- -------- --------- ---------
 -18.500  -0.5941   0.22930   0.22189   0.0162  1.0000  0.0429  -1.4610   0.0000   0.0000   0.0000   0.2669
 -18.000  -0.5772   0.22334   0.21594   0.0125  1.0000  0.0451  -1.4521   0.0000   0.0000   0.0000   0.2617
 -17.500  -0.5626   0.21877   0.21139   0.0081  1.0000  0.0462  -1.4877   0.0000   0.0000   0.0000   0.2548
 -17.000  -0.5438   0.21071   0.20335   0.0057  1.0000  0.0481  -1.4164   0.0000   0.0000   0.0000   0.2512
 -16.500  -0.5275   0.20462   0.19726   0.0024  1.0000  0.0507  -1.3944   0.0000   0.0000   0.0000   0.2455
 -16.000  -0.5150   0.20021   0.19289  -0.0019  1.0000  0.0520  -1.4457   0.0000   0.0000   0.0000   0.2377
 -15.500  -0.4958   0.19188   0.18457  -0.0037  1.0000  0.0544  -1.3986   0.0000   0.0000   0.0000   0.2341
 -15.000  -0.4822   0.18639   0.17910  -0.0071  1.0000  0.0575  -1.4350   0.0000   0.0000   0.0000   0.2271
 -14.500  -0.4665   0.17943   0.17218  -0.0095  1.0000  0.0601  -1.4281   0.0000   0.0000   0.0000   0.2217
 -14.000  -0.4541   0.17393   0.16671  -0.0125  1.0000  0.0639  -1.4575   0.0000   0.0000   0.0000   0.2146
 -13.500  -0.4395   0.16699   0.15981  -0.0147  1.0000  0.0662  -1.4521   0.0000   0.0000   0.0000   0.2090
 -13.000  -0.4273   0.16108   0.15393  -0.0172  1.0000  0.0701  -1.4649   0.0000   0.0000   0.0000   0.2023
 -12.500  -0.4157   0.15471   0.14761  -0.0196  1.0000  0.0723  -1.4798   0.0000   0.0000   0.0000   0.1958
 -12.000  -0.4035   0.14849   0.14143  -0.0216  1.0000  0.0768  -1.4733   0.0000   0.0000   0.0000   0.1897
 -11.500  -0.3937   0.14228   0.13529  -0.0237  1.0000  0.0794  -1.4877   0.0000   0.0000   0.0000   0.1830
 -11.000  -0.3840   0.13643   0.12950  -0.0256  1.0000  0.0845  -1.4879   0.0000   0.0000   0.0000   0.1768
 -10.500  -0.3723   0.12983   0.12295  -0.0268  1.0000  0.0892  -1.4627   0.0000   0.0000   0.0000   0.1717
 -10.000  -0.3674   0.12438   0.11762  -0.0289  1.0000  0.0941  -1.4861   0.0000   0.0000   0.0000   0.1654
  -9.500  -0.3636   0.11936   0.11270  -0.0307  1.0000  0.1004  -1.5105   0.0000   0.0000   0.0000   0.1602
  -9.000  -0.3511   0.11252   0.10594  -0.0305  1.0000  0.1059  -1.4935   0.0000   0.0000   0.0000   0.1578
  -8.500  -0.3503   0.10731   0.10089  -0.0314  1.0000  0.1106  -1.5366   0.0000   0.0000   0.0000   0.1554
  -8.000  -0.3561   0.10318   0.09694  -0.0317  1.0000  0.1169  -1.5868   0.0000   0.0000   0.0000   0.1566
  -7.500  -0.3513   0.09730   0.09120  -0.0297  1.0000  0.1229  -1.5684   0.0000   0.0000   0.0000   0.1613
  -7.000  -0.3662   0.09340   0.08753  -0.0278  1.0000  0.1278  -1.6176   0.0000   0.0000   0.0000   0.1707
  -6.500  -0.3814   0.08986   0.08420  -0.0299  1.0000  0.1350  -1.7032   0.0000   0.0000   0.0000   0.1688
  -5.500  -0.3763   0.07870   0.07327  -0.0260  1.0000  0.1563  -1.6474   0.0000   0.0000   0.0000   0.1787
  -5.000  -0.3694   0.07316   0.06780  -0.0265  1.0000  0.1680  -1.6320   0.0000   0.0000   0.0000   0.1762
  -4.500  -0.3530   0.06714   0.06173  -0.0309  1.0000  0.1846  -1.6282   0.0000   0.0000   0.0000   0.1605
  -3.500  -0.2293   0.04289   0.03589  -0.0556  1.0000  0.0861  -2.0868   0.0000   0.0000   0.0000   0.0044
  -3.000  -0.1697   0.03569   0.02771  -0.0599  1.0000  0.0829  -2.0908   0.0000   0.0000   0.0000  -0.1068
  -2.500  -0.1087   0.03073   0.02169  -0.0626  0.9993  0.0892  -1.9819   0.0000   0.0000   0.0000  -0.3319
  -2.000  -0.0160   0.02705   0.01687  -0.0699  0.9858  0.1083  -1.7756   0.0000   0.0000   0.0000  -4.1609
  -1.500   0.0696   0.02502   0.01456  -0.0758  0.9692  0.1465  -1.4755   0.0000   0.0000   0.0000   1.3455
  -1.000   0.1536   0.02366   0.01324  -0.0811  0.9516  0.2381  -1.1807   0.0000   0.0000   0.0000   0.7802
  -0.500   0.2352   0.02066   0.01235  -0.0855  0.9351  1.0000  -0.8786   0.0000   0.0000   0.0000   0.6141
   0.000   0.3125   0.02122   0.01213  -0.0897  0.9113  1.0000  -0.5956   0.0000   0.0000   0.0000   0.5368
   0.500   0.3885   0.02167   0.01212  -0.0935  0.8877  1.0000  -0.5677   0.0000   0.0000   0.0000   0.4899
   1.000   0.4681   0.02193   0.01211  -0.0976  0.8661  1.0000  -0.6205   0.0000   0.0000   0.0000   0.4573
   1.500   0.5364   0.02222   0.01225  -0.0995  0.8419  1.0000  -0.6695   0.0000   0.0000   0.0000   0.4338
   2.000   0.6010   0.02253   0.01251  -0.1005  0.8174  1.0000  -0.7200   0.0000   0.0000   0.0000   0.4151
   2.500   0.6636   0.02286   0.01284  -0.1010  0.7932  1.0000  -0.7734   0.0000   0.0000   0.0000   0.3997
   3.000   0.7290   0.02306   0.01314  -0.1016  0.7711  1.0000  -0.8351   0.0000   0.0000   0.0000   0.3864
   3.500   0.7881   0.02347   0.01371  -0.1012  0.7471  1.0000  -0.9642   0.0000   0.0000   0.0000   0.3751
   4.000   0.8427   0.02411   0.01455  -0.1002  0.7220  1.0000  -1.2051   0.0000   0.0000   0.0000   0.3651
   4.500   0.8996   0.02466   0.01539  -0.0993  0.6979  1.0000  -1.4991   0.0000   0.0000   0.0000   0.3561
   5.000   0.9595   0.02503   0.01608  -0.0984  0.6736  1.0000  -1.8450   0.0000   0.0000   0.0000   0.3478
   5.500   1.0130   0.02562   0.01710  -0.0964  0.6448  1.0000  -2.2478   0.0000   0.0000   0.0000   0.3399
   6.000   1.0643   0.02471   0.01646  -0.0915  0.5898  1.0000  -2.7006   0.0000   0.0000   0.0000   0.3300
   6.500   1.1008   0.02365   0.01544  -0.0836  0.5006  1.0000  -3.1607   0.0000   0.0000   0.0000   0.3193
   7.000   1.1106   0.02455   0.01601  -0.0737  0.3347  1.0000  -3.4515   0.0000   0.0000   0.0000   0.3091
   7.500   1.0927   0.03041   0.01995  -0.0640  0.1322  1.0000  -3.5293   0.0000   0.0000   0.0000   0.3006
   8.000   1.0986   0.03484   0.02417  -0.0573  0.0979  1.0000  -3.6976   0.0000   0.0000   0.0000   0.2937
   8.500   1.1317   0.03899   0.02820  -0.0534  0.0778  1.0000  -3.9706   0.0000   0.0000   0.0000   0.2881
   9.000   1.2055   0.04463   0.03410  -0.0541  0.0632  1.0000  -4.3876   0.0000   0.0000   0.0000   0.2852
   9.500   1.2472   0.05109   0.04126  -0.0519  0.0559  1.0000  -4.6610   0.0000   0.0000   0.0000   0.2813
  10.000   1.2669   0.05835   0.04937  -0.0479  0.0534  1.0000  -4.7907   0.0000   0.0000   0.0000   0.2770
  10.500   1.2636   0.06551   0.05718  -0.0429  0.0513  1.0000  -4.8582   0.0000   0.0000   0.0000   0.2725
  11.000   1.2328   0.07248   0.06484  -0.0369  0.0508  1.0000  -4.7854   0.0000   0.0000   0.0000   0.2680
  11.500   1.1962   0.08078   0.07368  -0.0344  0.0508  1.0000  -4.6814   0.0000   0.0000   0.0000   0.2661
  12.000   1.1572   0.09088   0.08420  -0.0356  0.0512  1.0000  -4.5438   0.0000   0.0000   0.0000   0.2676
  12.500   1.1204   0.10281   0.09644  -0.0403  0.0518  1.0000  -4.3830   0.0000   0.0000   0.0000   0.2721
  13.000   1.0512   0.12383   0.11777  -0.0552  0.0571  1.0000  -3.7975   0.0000   0.0000   0.0000   0.2883
  16.500   0.7774   0.19814   0.19261  -0.0840  0.1346  1.0000  -1.4710   0.0000   0.0000   0.0000   0.3440
  17.000   0.7816   0.20476   0.19926  -0.0865  0.1257  1.0000  -1.4444   0.0000   0.0000   0.0000   0.3461
  17.500   0.7843   0.21104   0.20560  -0.0894  0.1181  1.0000  -1.4033   0.0000   0.0000   0.0000   0.3488
  18.000   0.7843   0.21737   0.21194  -0.0929  0.1123  1.0000  -1.3349   0.0000   0.0000   0.0000   0.3527
  18.500   0.7909   0.22454   0.21915  -0.0955  0.1071  1.0000  -1.3371   0.0000   0.0000   0.0000   0.3543
  19.000   0.8005   0.23212   0.22677  -0.0975  0.1004  1.0000  -1.3675   0.0000   0.0000   0.0000   0.3547
  19.500   0.8090   0.23955   0.23424  -0.0997  0.0929  1.0000  -1.3891   0.0000   0.0000   0.0000   0.3554
  20.000   0.8093   0.24552   0.24027  -0.1035  0.0870  1.0000  -1.3359   0.0000   0.0000   0.0000   0.3593


