xflr5 v6.61

 Calculated polar for: NACA4412_6_80

 1 1 Reynolds number fixed          Mach number fixed         

 xtrf =   1.000 (top)        1.000 (bottom)
 Mach =   0.200     Re =     0.100 e 6     Ncrit =   9.000

  alpha     CL        CD       CDp       Cm    Top Xtr Bot Xtr   Cpmin    Chinge    XCp    
 ------- -------- --------- --------- -------- ------- ------- -------- --------- ---------
 -20.000  -0.6659   0.24910   0.24338   0.0331  1.0000  0.0230  -1.4756   0.0000   0.0000   0.0000   0.2898
 -19.500  -0.6483   0.24275   0.23703   0.0293  1.0000  0.0242  -1.4248   0.0000   0.0000   0.0000   0.2858
 -19.000  -0.6307   0.23654   0.23082   0.0254  1.0000  0.0255  -1.4370   0.0000   0.0000   0.0000   0.2813
 -18.500  -0.6136   0.23100   0.22528   0.0210  1.0000  0.0262  -1.4966   0.0000   0.0000   0.0000   0.2756
 -18.000  -0.5964   0.22409   0.21839   0.0175  1.0000  0.0268  -1.4943   0.0000   0.0000   0.0000   0.2711
 -17.500  -0.5791   0.21736   0.21165   0.0144  1.0000  0.0281  -1.4557   0.0000   0.0000   0.0000   0.2670
 -17.000  -0.5622   0.21104   0.20534   0.0110  1.0000  0.0296  -1.4528   0.0000   0.0000   0.0000   0.2619
 -16.500  -0.5462   0.20538   0.19969   0.0069  1.0000  0.0307  -1.4914   0.0000   0.0000   0.0000   0.2554
 -16.000  -0.5300   0.19854   0.19288   0.0038  1.0000  0.0313  -1.4778   0.0000   0.0000   0.0000   0.2501
 -15.500  -0.5134   0.19169   0.18603   0.0012  1.0000  0.0329  -1.4182   0.0000   0.0000   0.0000   0.2455
 -15.000  -0.4982   0.18558   0.17993  -0.0021  1.0000  0.0350  -1.4128   0.0000   0.0000   0.0000   0.2393
 -14.500  -0.4847   0.17958   0.17397  -0.0056  1.0000  0.0360  -1.4323   0.0000   0.0000   0.0000   0.2322
 -14.000  -0.4684   0.17243   0.16682  -0.0075  1.0000  0.0383  -1.3491   0.0000   0.0000   0.0000   0.2278
 -13.500  -0.4556   0.16658   0.16100  -0.0107  1.0000  0.0403  -1.3965   0.0000   0.0000   0.0000   0.2205
 -13.000  -0.4429   0.15997   0.15444  -0.0134  1.0000  0.0414  -1.4340   0.0000   0.0000   0.0000   0.2140
 -12.500  -0.4283   0.15315   0.14763  -0.0151  1.0000  0.0438  -1.4140   0.0000   0.0000   0.0000   0.2090
 -10.000  -0.3734   0.12187   0.11657  -0.0256  1.0000  0.0559  -1.5191   0.0000   0.0000   0.0000   0.1767
  -9.750  -0.3722   0.11961   0.11436  -0.0274  1.0000  0.0576  -1.5715   0.0000   0.0000   0.0000   0.1719
  -9.500  -0.3764   0.11823   0.11305  -0.0300  1.0000  0.0581  -1.6675   0.0000   0.0000   0.0000   0.1660
  -9.250  -0.3606   0.11295   0.10777  -0.0279  1.0000  0.0610  -1.5360   0.0000   0.0000   0.0000   0.1681
  -9.000  -0.3583   0.11040   0.10526  -0.0290  1.0000  0.0633  -1.5578   0.0000   0.0000   0.0000   0.1649
  -8.750  -0.3627   0.10885   0.10381  -0.0311  1.0000  0.0643  -1.6417   0.0000   0.0000   0.0000   0.1603
  -8.500  -0.3533   0.10465   0.09963  -0.0301  1.0000  0.0658  -1.5800   0.0000   0.0000   0.0000   0.1609
  -8.250  -0.3492   0.10179   0.09682  -0.0299  1.0000  0.0680  -1.5591   0.0000   0.0000   0.0000   0.1605
  -8.000  -0.3509   0.09965   0.09475  -0.0305  1.0000  0.0701  -1.5921   0.0000   0.0000   0.0000   0.1595
  -7.750  -0.3612   0.09850   0.09372  -0.0314  1.0000  0.0710  -1.6754   0.0000   0.0000   0.0000   0.1599
  -7.500  -0.3540   0.09465   0.08990  -0.0299  1.0000  0.0725  -1.6173   0.0000   0.0000   0.0000   0.1624
  -7.250  -0.3540   0.09222   0.08754  -0.0285  1.0000  0.0746  -1.5949   0.0000   0.0000   0.0000   0.1663
  -7.000  -0.3620   0.09054   0.08596  -0.0274  1.0000  0.0765  -1.6204   0.0000   0.0000   0.0000   0.1716
  -6.750  -0.3715   0.08904   0.08456  -0.0293  1.0000  0.0778  -1.7037   0.0000   0.0000   0.0000   0.1688
  -6.500  -0.3715   0.08603   0.08163  -0.0282  1.0000  0.0790  -1.6894   0.0000   0.0000   0.0000   0.1719
  -6.250  -0.3697   0.08339   0.07903  -0.0262  1.0000  0.0814  -1.6396   0.0000   0.0000   0.0000   0.1770
  -6.000  -0.3714   0.08110   0.07679  -0.0278  1.0000  0.0843  -1.6735   0.0000   0.0000   0.0000   0.1732
  -5.750  -0.3705   0.07824   0.07398  -0.0309  1.0000  0.0859  -1.7347   0.0000   0.0000   0.0000   0.1647
  -5.500  -0.3678   0.07553   0.07131  -0.0279  1.0000  0.0886  -1.6846   0.0000   0.0000   0.0000   0.1725
  -5.250  -0.3569   0.07233   0.06805  -0.0361  1.0000  0.0931  -1.8011   0.0000   0.0000   0.0000   0.1474
  -5.000  -0.3561   0.06964   0.06544  -0.0307  1.0000  0.0960  -1.7116   0.0000   0.0000   0.0000   0.1623
  -4.750  -0.3433   0.06620   0.06196  -0.0350  1.0000  0.1019  -1.7509   0.0000   0.0000   0.0000   0.1466
  -4.500  -0.3273   0.06291   0.05859  -0.0388  1.0000  0.1095  -1.7701   0.0000   0.0000   0.0000   0.1299
  -4.250  -0.3197   0.06027   0.05598  -0.0369  1.0000  0.1149  -1.7088   0.0000   0.0000   0.0000   0.1332
  -4.000  -0.3035   0.05696   0.05260  -0.0389  1.0000  0.1213  -1.6948   0.0000   0.0000   0.0000   0.1204
  -3.750  -0.2841   0.05370   0.04925  -0.0414  1.0000  0.1298  -1.6758   0.0000   0.0000   0.0000   0.1026
  -3.500  -0.2631   0.05061   0.04605  -0.0438  1.0000  0.1399  -1.6435   0.0000   0.0000   0.0000   0.0821
  -3.250  -0.2366   0.04742   0.04267  -0.0475  1.0000  0.1550  -1.6149   0.0000   0.0000   0.0000   0.0476
  -2.500  -0.0788   0.02881   0.02148  -0.0669  0.9957  0.0781  -1.9830   0.0000   0.0000   0.0000  -0.6059
  -2.250  -0.0328   0.02636   0.01868  -0.0709  0.9903  0.0820  -1.8652   0.0000   0.0000   0.0000  -1.9244
  -2.000   0.0152   0.02387   0.01545  -0.0742  0.9853  0.0835  -1.8040   0.0000   0.0000   0.0000   5.1596
  -1.750   0.0615   0.02237   0.01347  -0.0774  0.9791  0.0931  -1.6602   0.0000   0.0000   0.0000   1.5156
  -1.500   0.1069   0.02127   0.01222  -0.0807  0.9725  0.1090  -1.5170   0.0000   0.0000   0.0000   1.0084
  -1.250   0.1498   0.02034   0.01132  -0.0836  0.9647  0.1343  -1.3564   0.0000   0.0000   0.0000   0.8101
  -1.000   0.1918   0.01951   0.01072  -0.0864  0.9564  0.1804  -1.1921   0.0000   0.0000   0.0000   0.7016
  -0.750   0.2321   0.01864   0.01029  -0.0888  0.9477  0.2773  -1.0399   0.0000   0.0000   0.0000   0.6336
  -0.500   0.2735   0.01636   0.00984  -0.0909  0.9411  1.0000  -0.8700   0.0000   0.0000   0.0000   0.5826
  -0.250   0.3161   0.01651   0.00961  -0.0936  0.9305  1.0000  -0.6945   0.0000   0.0000   0.0000   0.5462
   0.000   0.3579   0.01662   0.00946  -0.0962  0.9198  1.0000  -0.5368   0.0000   0.0000   0.0000   0.5186
   0.250   0.3996   0.01667   0.00933  -0.0987  0.9091  1.0000  -0.5458   0.0000   0.0000   0.0000   0.4965
   0.500   0.4425   0.01666   0.00918  -0.1014  0.8990  1.0000  -0.5730   0.0000   0.0000   0.0000   0.4783
   0.750   0.4889   0.01653   0.00894  -0.1045  0.8907  1.0000  -0.6032   0.0000   0.0000   0.0000   0.4628
   1.000   0.5264   0.01646   0.00880  -0.1059  0.8792  1.0000  -0.6289   0.0000   0.0000   0.0000   0.4500
   1.250   0.5626   0.01637   0.00867  -0.1070  0.8674  1.0000  -0.6548   0.0000   0.0000   0.0000   0.4387
   1.500   0.5975   0.01628   0.00855  -0.1077  0.8553  1.0000  -0.6810   0.0000   0.0000   0.0000   0.4287
   1.750   0.6313   0.01620   0.00846  -0.1082  0.8429  1.0000  -0.7073   0.0000   0.0000   0.0000   0.4196
   2.000   0.6639   0.01613   0.00839  -0.1084  0.8303  1.0000  -0.7340   0.0000   0.0000   0.0000   0.4113
   2.250   0.6956   0.01608   0.00835  -0.1084  0.8173  1.0000  -0.7612   0.0000   0.0000   0.0000   0.4038
   2.500   0.7263   0.01607   0.00838  -0.1083  0.8040  1.0000  -0.7892   0.0000   0.0000   0.0000   0.3967
   2.750   0.7562   0.01610   0.00843  -0.1080  0.7905  1.0000  -0.8193   0.0000   0.0000   0.0000   0.3903
   3.000   0.7853   0.01617   0.00853  -0.1076  0.7768  1.0000  -0.9427   0.0000   0.0000   0.0000   0.3842
   3.250   0.8139   0.01628   0.00872  -0.1071  0.7630  1.0000  -1.0761   0.0000   0.0000   0.0000   0.3786
   3.500   0.8419   0.01643   0.00893  -0.1065  0.7492  1.0000  -1.2284   0.0000   0.0000   0.0000   0.3733
   3.750   0.8696   0.01663   0.00920  -0.1059  0.7353  1.0000  -1.3848   0.0000   0.0000   0.0000   0.3684
   4.000   0.8969   0.01685   0.00951  -0.1052  0.7213  1.0000  -1.5526   0.0000   0.0000   0.0000   0.3637
   4.250   0.9239   0.01710   0.00989  -0.1044  0.7071  1.0000  -1.7662   0.0000   0.0000   0.0000   0.3592
   4.500   0.9508   0.01736   0.01027  -0.1036  0.6926  1.0000  -1.9867   0.0000   0.0000   0.0000   0.3549
   4.750   0.9781   0.01746   0.01048  -0.1025  0.6757  1.0000  -2.2473   0.0000   0.0000   0.0000   0.3505
   5.000   1.0009   0.01696   0.00996  -0.0994  0.6389  1.0000  -2.5109   0.0000   0.0000   0.0000   0.3447
   5.250   1.0210   0.01659   0.00951  -0.0960  0.5939  1.0000  -2.7672   0.0000   0.0000   0.0000   0.3391
   5.500   1.0408   0.01660   0.00951  -0.0931  0.5516  1.0000  -3.0153   0.0000   0.0000   0.0000   0.3343
   5.750   1.0561   0.01675   0.00958  -0.0895  0.4877  1.0000  -3.2312   0.0000   0.0000   0.0000   0.3292
   6.000   1.0503   0.01848   0.01002  -0.0829  0.2433  1.0000  -3.2993   0.0000   0.0000   0.0000   0.3231
   6.250   1.0452   0.02209   0.01237  -0.0782  0.1062  1.0000  -3.3240   0.0000   0.0000   0.0000   0.3187
   6.500   1.0538   0.02408   0.01422  -0.0750  0.0859  1.0000  -3.4225   0.0000   0.0000   0.0000   0.3148
   6.750   1.0654   0.02585   0.01598  -0.0722  0.0744  1.0000  -3.5300   0.0000   0.0000   0.0000   0.3111
   7.000   1.0811   0.02780   0.01784  -0.0699  0.0667  1.0000  -3.6701   0.0000   0.0000   0.0000   0.3077
   7.250   1.1037   0.02995   0.01989  -0.0686  0.0593  1.0000  -3.8613   0.0000   0.0000   0.0000   0.3050
   7.500   1.1335   0.03251   0.02256  -0.0681  0.0547  1.0000  -4.0353   0.0000   0.0000   0.0000   0.3026
   7.750   1.1616   0.03523   0.02543  -0.0676  0.0501  1.0000  -4.2112   0.0000   0.0000   0.0000   0.3004
   8.000   1.1897   0.03841   0.02897  -0.0667  0.0488  1.0000  -4.3193   0.0000   0.0000   0.0000   0.2980
   8.250   1.2128   0.04194   0.03296  -0.0651  0.0488  1.0000  -4.3828   0.0000   0.0000   0.0000   0.2954
   8.500   1.2290   0.04556   0.03709  -0.0629  0.0489  1.0000  -4.4172   0.0000   0.0000   0.0000   0.2926
   8.750   1.2403   0.04913   0.04115  -0.0605  0.0483  1.0000  -4.4529   0.0000   0.0000   0.0000   0.2899
   9.000   1.2463   0.05299   0.04551  -0.0577  0.0486  1.0000  -4.4473   0.0000   0.0000   0.0000   0.2872
   9.250   1.2496   0.05741   0.05039  -0.0549  0.0504  1.0000  -4.4124   0.0000   0.0000   0.0000   0.2846
   9.500   1.2451   0.06205   0.05560  -0.0514  0.0544  1.0000  -4.2945   0.0000   0.0000   0.0000   0.2817
   9.750   1.2371   0.06713   0.06116  -0.0482  0.0601  1.0000  -4.1645   0.0000   0.0000   0.0000   0.2792
  10.000   1.2234   0.07347   0.06801  -0.0452  0.0726  1.0000  -3.9440   0.0000   0.0000   0.0000   0.2770
  10.250   1.1177   0.06619   0.06091  -0.0330  0.0595  1.0000  -3.9174   0.0000   0.0000   0.0000   0.2696
  10.500   1.0851   0.07059   0.06555  -0.0308  0.0602  1.0000  -3.8158   0.0000   0.0000   0.0000   0.2682
  10.750   1.0544   0.07563   0.07080  -0.0301  0.0607  1.0000  -3.7240   0.0000   0.0000   0.0000   0.2681
  11.000   1.0234   0.08132   0.07667  -0.0308  0.0612  1.0000  -3.6235   0.0000   0.0000   0.0000   0.2694
  11.250   0.9934   0.08768   0.08316  -0.0326  0.0622  1.0000  -3.5117   0.0000   0.0000   0.0000   0.2719
  11.750   0.9601   0.10143   0.09712  -0.0364  0.0713  1.0000  -3.2871   0.0000   0.0000   0.0000   0.2767
  12.000   0.8710   0.11731   0.11313  -0.0508  0.0758  1.0000  -2.7084   0.0000   0.0000   0.0000   0.2974


