xflr5 v6.61

 Calculated polar for: NACA4412_8_00

 1 1 Reynolds number fixed          Mach number fixed         

 xtrf =   1.000 (top)        1.000 (bottom)
 Mach =   0.200     Re =     0.090 e 6     Ncrit =   7.000

  alpha     CL        CD       CDp       Cm    Top Xtr Bot Xtr   Cpmin    Chinge    XCp    
 ------- -------- --------- --------- -------- ------- ------- -------- --------- ---------
 -19.500  -0.6183   0.23931   0.23319   0.0215  1.0000  0.0273  -1.5113   0.0000   0.0000   0.0000   0.2727
 -19.000  -0.6008   0.23307   0.22695   0.0179  1.0000  0.0286  -1.4865   0.0000   0.0000   0.0000   0.2682
 -18.500  -0.5836   0.22697   0.22084   0.0141  1.0000  0.0301  -1.4863   0.0000   0.0000   0.0000   0.2629
 -18.000  -0.5684   0.22219   0.21608   0.0094  1.0000  0.0309  -1.5501   0.0000   0.0000   0.0000   0.2556
 -17.500  -0.5498   0.21430   0.20821   0.0071  1.0000  0.0324  -1.4495   0.0000   0.0000   0.0000   0.2525
 -17.000  -0.5331   0.20809   0.20201   0.0038  1.0000  0.0343  -1.4261   0.0000   0.0000   0.0000   0.2469
 -16.500  -0.5183   0.20262   0.19655  -0.0003  1.0000  0.0355  -1.4568   0.0000   0.0000   0.0000   0.2395
 -16.000  -0.5016   0.19543   0.18939  -0.0029  1.0000  0.0364  -1.4406   0.0000   0.0000   0.0000   0.2346
 -15.500  -0.4853   0.18895   0.18291  -0.0056  1.0000  0.0383  -1.4281   0.0000   0.0000   0.0000   0.2291
 -15.000  -0.4712   0.18302   0.17700  -0.0090  1.0000  0.0403  -1.4724   0.0000   0.0000   0.0000   0.2219
 -14.500  -0.4583   0.17684   0.17086  -0.0122  1.0000  0.0411  -1.5201   0.0000   0.0000   0.0000   0.2145
 -14.000  -0.4418   0.16982   0.16385  -0.0140  1.0000  0.0432  -1.4705   0.0000   0.0000   0.0000   0.2098
 -13.500  -0.4307   0.16416   0.15823  -0.0172  1.0000  0.0459  -1.5205   0.0000   0.0000   0.0000   0.2016
 -13.000  -0.4163   0.15718   0.15129  -0.0190  1.0000  0.0479  -1.4921   0.0000   0.0000   0.0000   0.1961
 -12.500  -0.4051   0.15122   0.14535  -0.0216  1.0000  0.0512  -1.5070   0.0000   0.0000   0.0000   0.1888
 -12.000  -0.3961   0.14506   0.13925  -0.0242  1.0000  0.0525  -1.5455   0.0000   0.0000   0.0000   0.1811
 -11.500  -0.3818   0.13832   0.13255  -0.0253  1.0000  0.0555  -1.4904   0.0000   0.0000   0.0000   0.1762
 -11.000  -0.3789   0.13334   0.12764  -0.0288  1.0000  0.0579  -1.5745   0.0000   0.0000   0.0000   0.1669
 -10.500  -0.3634   0.12597   0.12031  -0.0290  1.0000  0.0603  -1.4939   0.0000   0.0000   0.0000   0.1631
 -10.000  -0.3587   0.12057   0.11498  -0.0313  1.0000  0.0639  -1.5519   0.0000   0.0000   0.0000   0.1560
  -9.500  -0.3494   0.11414   0.10864  -0.0320  1.0000  0.0663  -1.5546   0.0000   0.0000   0.0000   0.1521
  -9.000  -0.3505   0.10941   0.10402  -0.0341  1.0000  0.0708  -1.6305   0.0000   0.0000   0.0000   0.1470
  -8.500  -0.3406   0.10317   0.09788  -0.0331  1.0000  0.0753  -1.5882   0.0000   0.0000   0.0000   0.1472
  -8.000  -0.3592   0.09983   0.09476  -0.0348  1.0000  0.0781  -1.7368   0.0000   0.0000   0.0000   0.1485
  -7.500  -0.3486   0.09354   0.08856  -0.0314  1.0000  0.0821  -1.6485   0.0000   0.0000   0.0000   0.1554
  -7.000  -0.3760   0.09064   0.08590  -0.0299  1.0000  0.0850  -1.7644   0.0000   0.0000   0.0000   0.1669
  -6.500  -0.3796   0.08540   0.08080  -0.0270  1.0000  0.0875  -1.7444   0.0000   0.0000   0.0000   0.1757
  -6.000  -0.3886   0.08056   0.07606  -0.0305  1.0000  0.0926  -1.8417   0.0000   0.0000   0.0000   0.1689
  -5.500  -0.3851   0.07498   0.07055  -0.0280  1.0000  0.0961  -1.7885   0.0000   0.0000   0.0000   0.1748
  -5.000  -0.3745   0.06877   0.06433  -0.0314  1.0000  0.1032  -1.7993   0.0000   0.0000   0.0000   0.1640
  -4.000  -0.2146   0.03889   0.03272  -0.0669  0.9832  0.0575  -2.4058   0.0000   0.0000   0.0000  -0.0661
  -3.500  -0.1302   0.03088   0.02353  -0.0757  0.9729  0.0610  -2.3282   0.0000   0.0000   0.0000  -0.3385
  -3.000  -0.0494   0.02570   0.01711  -0.0811  0.9609  0.0688  -2.1365   0.0000   0.0000   0.0000  -1.4096
  -2.500   0.0301   0.02273   0.01345  -0.0853  0.9480  0.0838  -1.8755   0.0000   0.0000   0.0000   3.1084
  -2.000   0.1096   0.02080   0.01139  -0.0896  0.9351  0.1131  -1.5495   0.0000   0.0000   0.0000   1.0729
  -1.500   0.1801   0.01943   0.01016  -0.0921  0.9179  0.1717  -1.2495   0.0000   0.0000   0.0000   0.7639
  -1.000   0.2577   0.01799   0.00931  -0.0961  0.9035  0.3267  -0.9337   0.0000   0.0000   0.0000   0.6239
  -0.500   0.3413   0.01583   0.00858  -0.1001  0.8905  1.0000  -0.6299   0.0000   0.0000   0.0000   0.5434
   0.000   0.4085   0.01578   0.00811  -0.1015  0.8689  1.0000  -0.5936   0.0000   0.0000   0.0000   0.4980
   0.500   0.4753   0.01570   0.00775  -0.1027  0.8473  1.0000  -0.6397   0.0000   0.0000   0.0000   0.4651
   1.000   0.5439   0.01552   0.00736  -0.1040  0.8267  1.0000  -0.6896   0.0000   0.0000   0.0000   0.4397
   1.500   0.6050   0.01550   0.00722  -0.1039  0.8019  1.0000  -0.7376   0.0000   0.0000   0.0000   0.4199
   2.000   0.6637   0.01559   0.00721  -0.1034  0.7759  1.0000  -0.7873   0.0000   0.0000   0.0000   0.4036
   2.500   0.7211   0.01578   0.00737  -0.1028  0.7495  1.0000  -0.8403   0.0000   0.0000   0.0000   0.3898
   3.000   0.7772   0.01609   0.00766  -0.1019  0.7232  1.0000  -0.8983   0.0000   0.0000   0.0000   0.3780
   3.500   0.8327   0.01649   0.00809  -0.1010  0.6976  1.0000  -1.0655   0.0000   0.0000   0.0000   0.3677
   4.000   0.8885   0.01693   0.00858  -0.1001  0.6731  1.0000  -1.3222   0.0000   0.0000   0.0000   0.3586
   4.500   0.9404   0.01755   0.00938  -0.0986  0.6467  1.0000  -1.6134   0.0000   0.0000   0.0000   0.3504
   5.000   0.9920   0.01820   0.01025  -0.0970  0.6197  1.0000  -1.9356   0.0000   0.0000   0.0000   0.3428
   5.500   1.0414   0.01857   0.01076  -0.0943  0.5818  1.0000  -2.3365   0.0000   0.0000   0.0000   0.3350
   6.000   1.0812   0.01861   0.01078  -0.0893  0.5152  1.0000  -2.7384   0.0000   0.0000   0.0000   0.3264
   6.500   1.1159   0.01918   0.01141  -0.0842  0.4375  1.0000  -3.1309   0.0000   0.0000   0.0000   0.3186
   7.000   1.1251   0.02157   0.01274  -0.0759  0.2179  1.0000  -3.4221   0.0000   0.0000   0.0000   0.3100
   8.000   1.1327   0.02995   0.01997  -0.0613  0.0714  1.0000  -3.8297   0.0000   0.0000   0.0000   0.2955
   8.500   1.1500   0.03332   0.02336  -0.0558  0.0587  1.0000  -4.0944   0.0000   0.0000   0.0000   0.2893
   9.000   1.1907   0.03734   0.02749  -0.0531  0.0498  1.0000  -4.4099   0.0000   0.0000   0.0000   0.2847
   9.500   1.2447   0.04252   0.03303  -0.0524  0.0428  1.0000  -4.8255   0.0000   0.0000   0.0000   0.2816
  10.000   1.2757   0.04822   0.03937  -0.0494  0.0382  1.0000  -5.1136   0.0000   0.0000   0.0000   0.2775
  10.500   1.2975   0.05452   0.04614  -0.0461  0.0359  1.0000  -5.3691   0.0000   0.0000   0.0000   0.2737
  11.000   1.2886   0.06130   0.05362  -0.0401  0.0355  1.0000  -5.4025   0.0000   0.0000   0.0000   0.2687
  11.500   1.2629   0.06845   0.06142  -0.0349  0.0354  1.0000  -5.3536   0.0000   0.0000   0.0000   0.2646
  12.000   1.2319   0.07671   0.07021  -0.0324  0.0355  1.0000  -5.2788   0.0000   0.0000   0.0000   0.2626
  13.000   1.1249   0.10202   0.09666  -0.0416  0.0371  1.0000  -4.6946   0.0000   0.0000   0.0000   0.2718
  13.500   1.0697   0.12108   0.11604  -0.0543  0.0386  1.0000  -4.2480   0.0000   0.0000   0.0000   0.2852
  14.000   1.0360   0.14040   0.13543  -0.0665  0.0401  1.0000  -3.8338   0.0000   0.0000   0.0000   0.2984
  17.000   1.0359   0.22574   0.22056  -0.1126  0.0775  1.0000  -2.1498   0.0000   0.0000   0.0000   0.3406


