xflr5 v6.61

 Calculated polar for: NACA4412_6_80

 1 1 Reynolds number fixed          Mach number fixed         

 xtrf =   1.000 (top)        1.000 (bottom)
 Mach =   0.200     Re =     0.080 e 6     Ncrit =   9.000

  alpha     CL        CD       CDp       Cm    Top Xtr Bot Xtr   Cpmin    Chinge    XCp    
 ------- -------- --------- --------- -------- ------- ------- -------- --------- ---------
 -15.000  -0.3449   0.16193   0.15631  -0.0172  1.0000  0.0487  -0.9908   0.0000   0.0000   0.0000   0.1972
 -14.500  -0.3379   0.15817   0.15255  -0.0193  1.0000  0.0512  -1.0230   0.0000   0.0000   0.0000   0.1898
 -14.000  -0.3336   0.15477   0.14914  -0.0214  1.0000  0.0524  -1.0847   0.0000   0.0000   0.0000   0.1828
 -13.500  -0.3237   0.14963   0.14400  -0.0224  1.0000  0.0554  -1.0746   0.0000   0.0000   0.0000   0.1777
 -13.000  -0.3216   0.14650   0.14087  -0.0246  1.0000  0.0578  -1.1490   0.0000   0.0000   0.0000   0.1703
 -12.500  -0.3105   0.14026   0.13466  -0.0256  1.0000  0.0602  -1.1380   0.0000   0.0000   0.0000   0.1645
 -12.000  -0.3065   0.13593   0.13036  -0.0275  1.0000  0.0640  -1.1881   0.0000   0.0000   0.0000   0.1572
 -11.500  -0.2963   0.12963   0.12409  -0.0283  1.0000  0.0675  -1.1750   0.0000   0.0000   0.0000   0.1516
 -11.000  -0.2972   0.12552   0.12003  -0.0305  1.0000  0.0709  -1.2505   0.0000   0.0000   0.0000   0.1447
 -10.500  -0.2845   0.11832   0.11287  -0.0304  1.0000  0.0749  -1.2077   0.0000   0.0000   0.0000   0.1402
 -10.000  -0.2902   0.11420   0.10884  -0.0326  1.0000  0.0780  -1.2991   0.0000   0.0000   0.0000   0.1351
  -9.750  -0.3714   0.12047   0.11462  -0.0260  1.0000  0.0739  -1.4959   0.0000   0.0000   0.0000   0.1754
  -9.500  -0.2766   0.10667   0.10136  -0.0318  1.0000  0.0830  -1.2376   0.0000   0.0000   0.0000   0.1324
  -9.250  -0.3707   0.11622   0.11049  -0.0291  1.0000  0.0779  -1.5726   0.0000   0.0000   0.0000   0.1674
  -9.000  -0.3615   0.11195   0.10625  -0.0286  1.0000  0.0797  -1.5290   0.0000   0.0000   0.0000   0.1669
  -8.750  -0.2734   0.09779   0.09261  -0.0319  1.0000  0.0893  -1.2518   0.0000   0.0000   0.0000   0.1308
  -8.500  -0.2768   0.09542   0.09030  -0.0323  1.0000  0.0919  -1.2804   0.0000   0.0000   0.0000   0.1313
  -8.250  -0.2877   0.09390   0.08888  -0.0331  1.0000  0.0929  -1.3506   0.0000   0.0000   0.0000   0.1330
  -8.000  -0.2753   0.08927   0.08427  -0.0312  1.0000  0.0962  -1.2691   0.0000   0.0000   0.0000   0.1346
  -7.750  -0.2798   0.08696   0.08203  -0.0308  1.0000  0.0993  -1.2867   0.0000   0.0000   0.0000   0.1380
  -7.500  -0.2936   0.08564   0.08083  -0.0306  1.0000  0.1006  -1.3500   0.0000   0.0000   0.0000   0.1442
  -7.250  -0.2853   0.08160   0.07683  -0.0286  1.0000  0.1045  -1.2884   0.0000   0.0000   0.0000   0.1482
  -7.000  -0.2955   0.07987   0.07519  -0.0272  1.0000  0.1074  -1.3193   0.0000   0.0000   0.0000   0.1567
  -6.750  -0.3138   0.07894   0.07439  -0.0252  1.0000  0.1084  -1.3705   0.0000   0.0000   0.0000   0.1686
  -6.500  -0.3314   0.07795   0.07351  -0.0248  1.0000  0.1089  -1.4337   0.0000   0.0000   0.0000   0.1744
  -6.250  -0.3226   0.07388   0.06947  -0.0210  1.0000  0.1146  -1.3684   0.0000   0.0000   0.0000   0.1839
  -5.750  -0.3683   0.07997   0.07521  -0.0271  1.0000  0.1153  -1.6175   0.0000   0.0000   0.0000   0.1746
  -5.500  -0.3664   0.07714   0.07243  -0.0285  1.0000  0.1190  -1.6439   0.0000   0.0000   0.0000   0.1705
  -5.250  -0.3591   0.07468   0.06994  -0.0336  1.0000  0.1259  -1.6983   0.0000   0.0000   0.0000   0.1550
  -5.000  -0.3564   0.07149   0.06683  -0.0291  1.0000  0.1295  -1.6401   0.0000   0.0000   0.0000   0.1668
  -4.750  -0.3461   0.06834   0.06366  -0.0326  1.0000  0.1363  -1.6662   0.0000   0.0000   0.0000   0.1543
  -4.500  -0.3326   0.06525   0.06051  -0.0358  1.0000  0.1448  -1.6770   0.0000   0.0000   0.0000   0.1409
  -4.250  -0.3182   0.06215   0.05735  -0.0379  1.0000  0.1541  -1.6681   0.0000   0.0000   0.0000   0.1295
  -4.000  -0.3039   0.05902   0.05416  -0.0390  1.0000  0.1640  -1.6432   0.0000   0.0000   0.0000   0.1201
  -3.750  -0.2902   0.05598   0.05111  -0.0392  1.0000  0.1749  -1.6021   0.0000   0.0000   0.0000   0.1136
  -3.500  -0.2762   0.05331   0.04843  -0.0389  1.0000  0.1898  -1.5476   0.0000   0.0000   0.0000   0.1076
  -3.250  -0.2574   0.05042   0.04547  -0.0404  1.0000  0.2086  -1.5004   0.0000   0.0000   0.0000   0.0914
  -2.500  -0.1122   0.03371   0.02680  -0.0619  1.0000  0.1107  -1.7399   0.0000   0.0000   0.0000  -0.3050
  -2.250  -0.0730   0.02987   0.02212  -0.0643  1.0000  0.0996  -1.8052   0.0000   0.0000   0.0000  -0.6357
  -2.000  -0.0415   0.02742   0.01915  -0.0652  1.0000  0.0975  -1.7805   0.0000   0.0000   0.0000  -1.3332
  -1.750  -0.0128   0.02582   0.01708  -0.0657  1.0000  0.1029  -1.7126   0.0000   0.0000   0.0000  -4.9212
  -1.500   0.0187   0.02447   0.01520  -0.0664  0.9990  0.1087  -1.6334   0.0000   0.0000   0.0000   3.8125
  -1.250   0.0677   0.02331   0.01381  -0.0704  0.9919  0.1261  -1.4986   0.0000   0.0000   0.0000   1.2941
  -1.000   0.1143   0.02242   0.01292  -0.0741  0.9838  0.1553  -1.3417   0.0000   0.0000   0.0000   0.9005
  -0.750   0.1598   0.02164   0.01233  -0.0776  0.9752  0.2084  -1.1837   0.0000   0.0000   0.0000   0.7368
  -0.500   0.2064   0.02061   0.01183  -0.0813  0.9671  0.3412  -1.0298   0.0000   0.0000   0.0000   0.6444
  -0.250   0.2487   0.01876   0.01137  -0.0835  0.9581  1.0000  -0.8668   0.0000   0.0000   0.0000   0.5858
   0.000   0.2952   0.01916   0.01137  -0.0873  0.9466  1.0000  -0.6852   0.0000   0.0000   0.0000   0.5455
   0.250   0.3409   0.01950   0.01143  -0.0909  0.9352  1.0000  -0.5199   0.0000   0.0000   0.0000   0.5162
   0.500   0.3789   0.01979   0.01154  -0.0931  0.9212  1.0000  -0.5313   0.0000   0.0000   0.0000   0.4949
   0.750   0.4194   0.02003   0.01164  -0.0955  0.9083  1.0000  -0.5564   0.0000   0.0000   0.0000   0.4769
   1.000   0.4602   0.02022   0.01172  -0.0980  0.8958  1.0000  -0.5826   0.0000   0.0000   0.0000   0.4617
   1.250   0.5005   0.02036   0.01179  -0.1002  0.8835  1.0000  -0.6096   0.0000   0.0000   0.0000   0.4489
   1.500   0.5409   0.02045   0.01183  -0.1023  0.8714  1.0000  -0.6376   0.0000   0.0000   0.0000   0.4377
   1.750   0.5803   0.02050   0.01187  -0.1042  0.8595  1.0000  -0.6661   0.0000   0.0000   0.0000   0.4278
   2.000   0.6175   0.02053   0.01192  -0.1055  0.8475  1.0000  -0.6946   0.0000   0.0000   0.0000   0.4189
   2.250   0.6538   0.02054   0.01195  -0.1065  0.8357  1.0000  -0.7237   0.0000   0.0000   0.0000   0.4108
   2.500   0.6898   0.02051   0.01196  -0.1074  0.8241  1.0000  -0.7542   0.0000   0.0000   0.0000   0.4033
   2.750   0.7286   0.02035   0.01188  -0.1085  0.8141  1.0000  -0.7890   0.0000   0.0000   0.0000   0.3964
   3.000   0.7595   0.02044   0.01204  -0.1084  0.8011  1.0000  -0.8621   0.0000   0.0000   0.0000   0.3900
   3.250   0.7894   0.02056   0.01224  -0.1082  0.7880  1.0000  -0.9923   0.0000   0.0000   0.0000   0.3841
   3.500   0.8186   0.02072   0.01253  -0.1078  0.7749  1.0000  -1.1336   0.0000   0.0000   0.0000   0.3786
   3.750   0.8473   0.02091   0.01283  -0.1074  0.7617  1.0000  -1.2888   0.0000   0.0000   0.0000   0.3734
   4.000   0.8756   0.02112   0.01317  -0.1068  0.7484  1.0000  -1.4481   0.0000   0.0000   0.0000   0.3684
   4.250   0.9036   0.02135   0.01358  -0.1061  0.7350  1.0000  -1.6397   0.0000   0.0000   0.0000   0.3637
   4.500   0.9314   0.02159   0.01398  -0.1054  0.7213  1.0000  -1.8581   0.0000   0.0000   0.0000   0.3591
   4.750   0.9593   0.02180   0.01438  -0.1045  0.7070  1.0000  -2.0901   0.0000   0.0000   0.0000   0.3547
   5.000   0.9890   0.02171   0.01451  -0.1034  0.6905  1.0000  -2.3672   0.0000   0.0000   0.0000   0.3500
   5.250   1.0171   0.02017   0.01295  -0.0993  0.6490  1.0000  -2.6720   0.0000   0.0000   0.0000   0.3428
   5.500   1.0398   0.01914   0.01182  -0.0950  0.5995  1.0000  -2.9508   0.0000   0.0000   0.0000   0.3362
   5.750   1.0568   0.01891   0.01164  -0.0911  0.5487  1.0000  -3.1816   0.0000   0.0000   0.0000   0.3307
   6.000   1.0642   0.01895   0.01147  -0.0853  0.4482  1.0000  -3.3362   0.0000   0.0000   0.0000   0.3244
   6.500   1.0499   0.02513   0.01504  -0.0741  0.1134  1.0000  -3.3680   0.0000   0.0000   0.0000   0.3142
   6.750   1.0592   0.02719   0.01700  -0.0709  0.0959  1.0000  -3.4545   0.0000   0.0000   0.0000   0.3103
   7.000   1.0732   0.02924   0.01891  -0.0684  0.0838  1.0000  -3.5628   0.0000   0.0000   0.0000   0.3068
   7.250   1.0987   0.03156   0.02114  -0.0671  0.0753  1.0000  -3.7315   0.0000   0.0000   0.0000   0.3039
   7.500   1.1293   0.03418   0.02378  -0.0668  0.0673  1.0000  -3.9204   0.0000   0.0000   0.0000   0.3016
   7.750   1.1635   0.03747   0.02716  -0.0668  0.0634  1.0000  -4.0856   0.0000   0.0000   0.0000   0.2996
   8.000   1.1888   0.04040   0.03040  -0.0658  0.0592  1.0000  -4.2240   0.0000   0.0000   0.0000   0.2973
   8.250   1.2146   0.04428   0.03453  -0.0650  0.0578  1.0000  -4.3313   0.0000   0.0000   0.0000   0.2952
   8.500   1.2348   0.04829   0.03896  -0.0634  0.0581  1.0000  -4.3880   0.0000   0.0000   0.0000   0.2927
   8.750   1.2391   0.05174   0.04339  -0.0594  0.0603  1.0000  -4.3072   0.0000   0.0000   0.0000   0.2891
   9.000   1.2450   0.05607   0.04827  -0.0565  0.0622  1.0000  -4.2772   0.0000   0.0000   0.0000   0.2864
   9.250   1.2500   0.06047   0.05305  -0.0542  0.0634  1.0000  -4.2763   0.0000   0.0000   0.0000   0.2840
   9.500   1.2551   0.06513   0.05798  -0.0522  0.0642  1.0000  -4.2897   0.0000   0.0000   0.0000   0.2821
  10.250   1.1926   0.07769   0.07194  -0.0419  0.0746  1.0000  -3.9170   0.0000   0.0000   0.0000   0.2750
  10.500   1.1816   0.08261   0.07700  -0.0407  0.0772  1.0000  -3.8736   0.0000   0.0000   0.0000   0.2741
  11.500   1.0562   0.11358   0.10861  -0.0552  0.1001  1.0000  -3.1390   0.0000   0.0000   0.0000   0.2911
  11.750   0.9706   0.14641   0.14124  -0.0864  0.1975  1.0000  -2.1428   0.0000   0.0000   0.0000   0.3287
  12.000   0.8674   0.11823   0.11354  -0.0506  0.0808  1.0000  -2.7044   0.0000   0.0000   0.0000   0.2975
  12.250   0.9805   0.15577   0.15060  -0.0877  0.1846  1.0000  -2.1503   0.0000   0.0000   0.0000   0.3286
  12.500   0.9712   0.16061   0.15540  -0.0909  0.1775  1.0000  -2.0895   0.0000   0.0000   0.0000   0.3325
  12.750   0.9938   0.16561   0.16046  -0.0888  0.1734  1.0000  -2.1649   0.0000   0.0000   0.0000   0.3280
  13.000   0.9780   0.16973   0.16450  -0.0936  0.1658  1.0000  -2.0726   0.0000   0.0000   0.0000   0.3341
  13.250   0.9787   0.17442   0.16916  -0.0956  0.1606  1.0000  -2.0477   0.0000   0.0000   0.0000   0.3358
  13.500   0.9938   0.17890   0.17371  -0.0949  0.1542  1.0000  -2.0959   0.0000   0.0000   0.0000   0.3332
  13.750   0.9840   0.18294   0.17768  -0.0992  0.1483  1.0000  -2.0162   0.0000   0.0000   0.0000   0.3383
  14.000   0.9973   0.18781   0.18257  -0.0990  0.1435  1.0000  -2.0511   0.0000   0.0000   0.0000   0.3364
  14.250   0.9982   0.19147   0.18622  -0.1014  0.1364  1.0000  -2.0277   0.0000   0.0000   0.0000   0.3384
  14.500   0.9967   0.19549   0.19020  -0.1044  0.1315  1.0000  -1.9805   0.0000   0.0000   0.0000   0.3413
  14.750   1.0091   0.20014   0.19486  -0.1045  0.1253  1.0000  -2.0256   0.0000   0.0000   0.0000   0.3398
  15.000   1.0111   0.20354   0.19825  -0.1070  0.1188  1.0000  -2.0221   0.0000   0.0000   0.0000   0.3416
  15.500   1.0267   0.21220   0.20692  -0.1096  0.1095  1.0000  -2.0857   0.0000   0.0000   0.0000   0.3420
  16.000   1.0348   0.21983   0.21452  -0.1146  0.1018  1.0000  -2.0736   0.0000   0.0000   0.0000   0.3452
  16.500   1.0440   0.22741   0.22209  -0.1198  0.0948  1.0000  -2.0531   0.0000   0.0000   0.0000   0.3485
  17.000   1.0556   0.23516   0.22982  -0.1247  0.0886  1.0000  -2.0405   0.0000   0.0000   0.0000   0.3512
  17.500   1.0698   0.24302   0.23766  -0.1291  0.0832  1.0000  -2.0467   0.0000   0.0000   0.0000   0.3529
  18.000   1.0860   0.25101   0.24566  -0.1327  0.0773  1.0000  -2.0777   0.0000   0.0000   0.0000   0.3537
  18.500   1.1038   0.25936   0.25404  -0.1359  0.0709  1.0000  -2.1268   0.0000   0.0000   0.0000   0.3538
  19.000   1.1147   0.26535   0.26001  -0.1422  0.0658  1.0000  -2.0652   0.0000   0.0000   0.0000   0.3574
  19.500   1.1290   0.27273   0.26738  -0.1474  0.0626  1.0000  -2.0303   0.0000   0.0000   0.0000   0.3595
  20.000   1.1508   0.28269   0.27739  -0.1489  0.0581  1.0000  -2.1645   0.0000   0.0000   0.0000   0.3575


