xflr5 v6.61

 Calculated polar for: BLD_100

 1 1 Reynolds number fixed          Mach number fixed         

 xtrf =   1.000 (top)        1.000 (bottom)
 Mach =   0.200     Re =     0.060 e 6     Ncrit =   9.000

  alpha     CL        CD       CDp       Cm    Top Xtr Bot Xtr   Cpmin    Chinge    XCp    
 ------- -------- --------- --------- -------- ------- ------- -------- --------- ---------
 -27.000  -0.9414   0.33424   0.32726   0.1059  1.0000  0.0258  -1.7712   0.0000   0.0000   0.0000   0.3425
 -26.500  -0.9254   0.32635   0.31933   0.1017  1.0000  0.0267  -1.7086   0.0000   0.0000   0.0000   0.3407
 -26.000  -0.9091   0.32054   0.31347   0.0969  1.0000  0.0276  -1.6740   0.0000   0.0000   0.0000   0.3382
 -25.500  -0.8924   0.31499   0.30789   0.0920  1.0000  0.0287  -1.6481   0.0000   0.0000   0.0000   0.3355
 -25.000  -0.8753   0.30949   0.30236   0.0871  1.0000  0.0299  -1.6265   0.0000   0.0000   0.0000   0.3326
 -24.500  -0.8580   0.30412   0.29697   0.0820  1.0000  0.0311  -1.6097   0.0000   0.0000   0.0000   0.3295
 -24.000  -0.8404   0.29966   0.29249   0.0767  1.0000  0.0322  -1.6093   0.0000   0.0000   0.0000   0.3258
 -23.500  -0.8243   0.29863   0.29144   0.0705  1.0000  0.0327  -1.6775   0.0000   0.0000   0.0000   0.3208
 -23.000  -0.8065   0.29089   0.28372   0.0661  1.0000  0.0332  -1.6721   0.0000   0.0000   0.0000   0.3179
 -22.500  -0.7876   0.28122   0.27402   0.0629  1.0000  0.0346  -1.5954   0.0000   0.0000   0.0000   0.3163
 -22.000  -0.7696   0.27503   0.26782   0.0586  1.0000  0.0362  -1.5683   0.0000   0.0000   0.0000   0.3132
 -21.500  -0.7514   0.26915   0.26192   0.0542  1.0000  0.0379  -1.5536   0.0000   0.0000   0.0000   0.3097
 -21.000  -0.7332   0.26355   0.25629   0.0496  1.0000  0.0396  -1.5492   0.0000   0.0000   0.0000   0.3058
 -20.500  -0.7156   0.25935   0.25209   0.0445  1.0000  0.0410  -1.5701   0.0000   0.0000   0.0000   0.3008
 -20.000  -0.7013   0.25845   0.25122   0.0386  1.0000  0.0416  -1.6250   0.0000   0.0000   0.0000   0.2944
 -19.500  -0.6802   0.24734   0.24011   0.0357  1.0000  0.0425  -1.5550   0.0000   0.0000   0.0000   0.2922
 -19.000  -0.6607   0.23925   0.23201   0.0327  1.0000  0.0446  -1.4755   0.0000   0.0000   0.0000   0.2896
 -18.500  -0.6423   0.23309   0.22585   0.0289  1.0000  0.0474  -1.4619   0.0000   0.0000   0.0000   0.2855
 -18.000  -0.6248   0.22792   0.22066   0.0245  1.0000  0.0501  -1.4823   0.0000   0.0000   0.0000   0.2801
 -17.500  -0.6121   0.22649   0.21927   0.0189  1.0000  0.0513  -1.5598   0.0000   0.0000   0.0000   0.2724
 -17.000  -0.5912   0.21634   0.20915   0.0163  1.0000  0.0525  -1.5154   0.0000   0.0000   0.0000   0.2693
 -16.500  -0.5715   0.20847   0.20127   0.0138  1.0000  0.0553  -1.4575   0.0000   0.0000   0.0000   0.2661
 -16.000  -0.5541   0.20236   0.19517   0.0103  1.0000  0.0585  -1.4439   0.0000   0.0000   0.0000   0.2609
 -15.500  -0.5403   0.19828   0.19110   0.0059  1.0000  0.0612  -1.4780   0.0000   0.0000   0.0000   0.2535
 -15.000  -0.5361   0.19822   0.19111   0.0005  1.0000  0.0619  -1.5711   0.0000   0.0000   0.0000   0.2441
 -14.500  -0.5052   0.18348   0.17636   0.0005  1.0000  0.0658  -1.4056   0.0000   0.0000   0.0000   0.2441
 -14.000  -0.4903   0.17772   0.17063  -0.0026  1.0000  0.0705  -1.4057   0.0000   0.0000   0.0000   0.2380
 -13.500  -0.4876   0.17660   0.16959  -0.0078  1.0000  0.0725  -1.5182   0.0000   0.0000   0.0000   0.2279
 -13.000  -0.4607   0.16462   0.15758  -0.0080  1.0000  0.0768  -1.4224   0.0000   0.0000   0.0000   0.2264
 -12.500  -0.4484   0.15902   0.15202  -0.0109  1.0000  0.0817  -1.4422   0.0000   0.0000   0.0000   0.2196
 -12.000  -0.4509   0.15773   0.15084  -0.0160  1.0000  0.0836  -1.5611   0.0000   0.0000   0.0000   0.2090
 -11.500  -0.4215   0.14562   0.13873  -0.0154  1.0000  0.0890  -1.4410   0.0000   0.0000   0.0000   0.2080
 -11.000  -0.4171   0.14158   0.13477  -0.0190  1.0000  0.0940  -1.4985   0.0000   0.0000   0.0000   0.1992
 -10.500  -0.3999   0.13323   0.12646  -0.0199  1.0000  0.0982  -1.4544   0.0000   0.0000   0.0000   0.1950
 -10.000  -0.3955   0.12878   0.12208  -0.0230  1.0000  0.1051  -1.4895   0.0000   0.0000   0.0000   0.1870
  -9.750  -0.4031   0.12857   0.12197  -0.0260  1.0000  0.1059  -1.5674   0.0000   0.0000   0.0000   0.1811
  -9.500  -0.3789   0.12090   0.11426  -0.0235  1.0000  0.1118  -1.4328   0.0000   0.0000   0.0000   0.1834
  -9.250  -0.3791   0.11901   0.11244  -0.0252  1.0000  0.1159  -1.4587   0.0000   0.0000   0.0000   0.1791
  -9.000  -0.3883   0.11878   0.11232  -0.0281  1.0000  0.1171  -1.5363   0.0000   0.0000   0.0000   0.1737
  -8.750  -0.3667   0.11202   0.10554  -0.0259  1.0000  0.1220  -1.4267   0.0000   0.0000   0.0000   0.1752
  -8.500  -0.3660   0.10979   0.10338  -0.0269  1.0000  0.1265  -1.4496   0.0000   0.0000   0.0000   0.1724
  -8.250  -0.3776   0.10951   0.10324  -0.0291  1.0000  0.1283  -1.5254   0.0000   0.0000   0.0000   0.1693
  -8.000  -0.3588   0.10364   0.09736  -0.0273  1.0000  0.1329  -1.4596   0.0000   0.0000   0.0000   0.1700
  -7.750  -0.3606   0.10161   0.09542  -0.0276  1.0000  0.1377  -1.4790   0.0000   0.0000   0.0000   0.1699
  -7.500  -0.3776   0.10151   0.09549  -0.0282  1.0000  0.1396  -1.5502   0.0000   0.0000   0.0000   0.1722
  -7.250  -0.3612   0.09631   0.09028  -0.0262  1.0000  0.1446  -1.4907   0.0000   0.0000   0.0000   0.1742
  -7.000  -0.3678   0.09468   0.08877  -0.0260  1.0000  0.1494  -1.5159   0.0000   0.0000   0.0000   0.1764
  -6.500  -0.3673   0.08934   0.08359  -0.0249  1.0000  0.1590  -1.5184   0.0000   0.0000   0.0000   0.1795
  -6.000  -0.3693   0.08453   0.07895  -0.0250  1.0000  0.1716  -1.5335   0.0000   0.0000   0.0000   0.1800
  -5.750  -0.3689   0.08177   0.07627  -0.0250  1.0000  0.1776  -1.5367   0.0000   0.0000   0.0000   0.1801
  -5.250  -0.3638   0.07673   0.07132  -0.0263  1.0000  0.1958  -1.5363   0.0000   0.0000   0.0000   0.1760
  -5.000  -0.3591   0.07366   0.06830  -0.0250  1.0000  0.2032  -1.5125   0.0000   0.0000   0.0000   0.1786
  -4.750  -0.3530   0.07079   0.06545  -0.0257  1.0000  0.2134  -1.5020   0.0000   0.0000   0.0000   0.1754
  -4.500  -0.3451   0.06791   0.06259  -0.0263  1.0000  0.2254  -1.4825   0.0000   0.0000   0.0000   0.1722
  -4.250  -0.3321   0.06515   0.05978  -0.0302  1.0000  0.2438  -1.4766   0.0000   0.0000   0.0000   0.1575
  -4.000  -0.3242   0.06207   0.05674  -0.0281  1.0000  0.2577  -1.4285   0.0000   0.0000   0.0000   0.1618
  -3.750  -0.3133   0.05930   0.05397  -0.0278  1.0000  0.2807  -1.3973   0.0000   0.0000   0.0000   0.1595
  -2.750  -0.1237   0.03745   0.02986  -0.0645  1.0000  0.1390  -1.7207   0.0000   0.0000   0.0000  -0.2747
  -2.500  -0.0803   0.03340   0.02492  -0.0683  1.0000  0.1285  -1.7571   0.0000   0.0000   0.0000  -0.6069
  -2.250  -0.0467   0.03081   0.02192  -0.0700  1.0000  0.1300  -1.6938   0.0000   0.0000   0.0000  -1.2582
  -2.000  -0.0153   0.02904   0.01977  -0.0712  1.0000  0.1373  -1.6207   0.0000   0.0000   0.0000  -4.4251
  -1.750   0.0159   0.02745   0.01782  -0.0722  1.0000  0.1456  -1.5574   0.0000   0.0000   0.0000   4.8128
  -1.500   0.0453   0.02631   0.01638  -0.0728  1.0000  0.1598  -1.4768   0.0000   0.0000   0.0000   1.8634
  -1.250   0.0729   0.02548   0.01540  -0.0732  1.0000  0.1807  -1.3753   0.0000   0.0000   0.0000   1.2582
  -1.000   0.1007   0.02479   0.01461  -0.0736  1.0000  0.2096  -1.2793   0.0000   0.0000   0.0000   0.9837
  -0.750   0.1285   0.02426   0.01413  -0.0741  1.0000  0.2560  -1.1786   0.0000   0.0000   0.0000   0.8278
  -0.500   0.1604   0.02348   0.01369  -0.0753  1.0000  0.3490  -1.0616   0.0000   0.0000   0.0000   0.7204
  -0.250   0.1771   0.02117   0.01327  -0.0730  1.0000  1.0000  -0.9872   0.0000   0.0000   0.0000   0.6624
   0.000   0.2222   0.02204   0.01343  -0.0772  0.9908  1.0000  -0.8297   0.0000   0.0000   0.0000   0.5974
   0.250   0.2754   0.02291   0.01385  -0.0829  0.9781  1.0000  -0.6447   0.0000   0.0000   0.0000   0.5507
   0.500   0.3223   0.02366   0.01433  -0.0875  0.9636  1.0000  -0.5057   0.0000   0.0000   0.0000   0.5207
   0.750   0.3674   0.02435   0.01481  -0.0916  0.9490  1.0000  -0.5320   0.0000   0.0000   0.0000   0.4983
   1.000   0.4131   0.02499   0.01528  -0.0956  0.9351  1.0000  -0.5597   0.0000   0.0000   0.0000   0.4802
   1.250   0.4571   0.02556   0.01574  -0.0992  0.9214  1.0000  -0.5874   0.0000   0.0000   0.0000   0.4655
   1.500   0.4921   0.02612   0.01624  -0.1011  0.9057  1.0000  -0.6105   0.0000   0.0000   0.0000   0.4537
   1.750   0.5316   0.02662   0.01669  -0.1036  0.8917  1.0000  -0.6377   0.0000   0.0000   0.0000   0.4430
   2.000   0.5718   0.02705   0.01711  -0.1060  0.8786  1.0000  -0.6666   0.0000   0.0000   0.0000   0.4334
   2.250   0.6117   0.02743   0.01751  -0.1082  0.8659  1.0000  -0.6967   0.0000   0.0000   0.0000   0.4247
   2.500   0.6395   0.02803   0.01814  -0.1086  0.8507  1.0000  -0.7197   0.0000   0.0000   0.0000   0.4173
   2.750   0.6736   0.02848   0.01864  -0.1097  0.8374  1.0000  -0.7488   0.0000   0.0000   0.0000   0.4103
   3.000   0.7088   0.02886   0.01912  -0.1109  0.8248  1.0000  -0.7808   0.0000   0.0000   0.0000   0.4037
   3.250   0.7428   0.02921   0.01956  -0.1117  0.8125  1.0000  -0.8157   0.0000   0.0000   0.0000   0.3974
   3.500   0.7761   0.02953   0.02000  -0.1123  0.8004  1.0000  -0.9269   0.0000   0.0000   0.0000   0.3915
   3.750   0.8089   0.02983   0.02046  -0.1126  0.7884  1.0000  -1.0584   0.0000   0.0000   0.0000   0.3858
   4.000   0.8413   0.03010   0.02088  -0.1128  0.7764  1.0000  -1.2048   0.0000   0.0000   0.0000   0.3804
   4.250   0.8633   0.03090   0.02182  -0.1119  0.7616  1.0000  -1.3375   0.0000   0.0000   0.0000   0.3757
   4.500   0.8907   0.03140   0.02253  -0.1114  0.7481  1.0000  -1.4943   0.0000   0.0000   0.0000   0.3709
   4.750   0.9206   0.03170   0.02304  -0.1109  0.7350  1.0000  -1.6809   0.0000   0.0000   0.0000   0.3661
   5.000   0.9525   0.03180   0.02338  -0.1104  0.7218  1.0000  -1.8989   0.0000   0.0000   0.0000   0.3613
   5.250   0.9875   0.03157   0.02345  -0.1097  0.7086  1.0000  -2.1443   0.0000   0.0000   0.0000   0.3563
   5.500   1.0091   0.03214   0.02427  -0.1079  0.6904  1.0000  -2.3353   0.0000   0.0000   0.0000   0.3519
   5.750   1.0559   0.02861   0.02099  -0.1037  0.6565  1.0000  -2.6891   0.0000   0.0000   0.0000   0.3429
   6.000   1.0904   0.02503   0.01744  -0.0973  0.6006  1.0000  -3.0302   0.0000   0.0000   0.0000   0.3335
   6.250   1.1100   0.02380   0.01626  -0.0920  0.5459  1.0000  -3.2657   0.0000   0.0000   0.0000   0.3268
   6.500   1.1129   0.02325   0.01553  -0.0846  0.4418  1.0000  -3.3885   0.0000   0.0000   0.0000   0.3195
   6.750   1.0937   0.02606   0.01656  -0.0765  0.2136  1.0000  -3.3618   0.0000   0.0000   0.0000   0.3131
   7.000   1.0916   0.02945   0.01915  -0.0723  0.1523  1.0000  -3.3797   0.0000   0.0000   0.0000   0.3091
   7.250   1.0998   0.03202   0.02144  -0.0691  0.1278  1.0000  -3.4573   0.0000   0.0000   0.0000   0.3055
   7.500   1.1206   0.03433   0.02368  -0.0671  0.1104  1.0000  -3.5918   0.0000   0.0000   0.0000   0.3022
   7.750   1.1537   0.03713   0.02624  -0.0667  0.0967  1.0000  -3.7804   0.0000   0.0000   0.0000   0.2999
   8.000   1.1903   0.04023   0.02956  -0.0666  0.0892  1.0000  -3.9294   0.0000   0.0000   0.0000   0.2977
   8.250   1.2199   0.04381   0.03337  -0.0661  0.0838  1.0000  -4.0611   0.0000   0.0000   0.0000   0.2957
   8.500   1.2402   0.04714   0.03722  -0.0644  0.0805  1.0000  -4.1334   0.0000   0.0000   0.0000   0.2931
   8.750   1.2578   0.05105   0.04163  -0.0625  0.0799  1.0000  -4.1757   0.0000   0.0000   0.0000   0.2906
   9.000   1.2687   0.05503   0.04612  -0.0601  0.0795  1.0000  -4.2065   0.0000   0.0000   0.0000   0.2881
   9.250   1.2738   0.05902   0.05058  -0.0575  0.0790  1.0000  -4.2434   0.0000   0.0000   0.0000   0.2856
   9.500   1.2737   0.06309   0.05511  -0.0548  0.0788  1.0000  -4.2570   0.0000   0.0000   0.0000   0.2832
   9.750   1.2662   0.06729   0.05976  -0.0518  0.0794  1.0000  -4.2310   0.0000   0.0000   0.0000   0.2808
  10.000   1.2530   0.07155   0.06443  -0.0488  0.0805  1.0000  -4.1831   0.0000   0.0000   0.0000   0.2787
  10.250   1.2363   0.07572   0.06890  -0.0460  0.0817  1.0000  -4.1311   0.0000   0.0000   0.0000   0.2767
  10.500   1.2179   0.07992   0.07334  -0.0437  0.0828  1.0000  -4.0795   0.0000   0.0000   0.0000   0.2751
  10.750   1.2008   0.08453   0.07812  -0.0424  0.0839  1.0000  -4.0323   0.0000   0.0000   0.0000   0.2743
  11.000   1.2032   0.09020   0.08388  -0.0420  0.0859  1.0000  -4.0520   0.0000   0.0000   0.0000   0.2736
  11.250   1.1603   0.09490   0.08885  -0.0430  0.0867  1.0000  -3.8814   0.0000   0.0000   0.0000   0.2755
  11.500   1.0985   0.10503   0.09922  -0.0509  0.0916  1.0000  -3.5160   0.0000   0.0000   0.0000   0.2846
  11.750   1.0814   0.11291   0.10714  -0.0550  0.0943  1.0000  -3.3984   0.0000   0.0000   0.0000   0.2889
  12.000   1.0834   0.11872   0.11298  -0.0558  0.0963  1.0000  -3.3983   0.0000   0.0000   0.0000   0.2893
  12.500   0.9831   0.16620   0.16019  -0.0989  0.2372  1.0000  -2.0329   0.0000   0.0000   0.0000   0.3393
  13.000   0.9902   0.17523   0.16920  -0.1015  0.2260  1.0000  -2.0102   0.0000   0.0000   0.0000   0.3406
  13.500   0.9982   0.18391   0.17787  -0.1044  0.2150  1.0000  -1.9870   0.0000   0.0000   0.0000   0.3420
  14.000   1.0092   0.19261   0.18655  -0.1070  0.2028  1.0000  -1.9919   0.0000   0.0000   0.0000   0.3428
  14.500   1.0072   0.19862   0.19249  -0.1117  0.1884  1.0000  -1.9489   0.0000   0.0000   0.0000   0.3471
  15.000   1.0213   0.20618   0.20005  -0.1144  0.1734  1.0000  -1.9784   0.0000   0.0000   0.0000   0.3475
  15.500   1.0351   0.21399   0.20788  -0.1176  0.1619  1.0000  -1.9948   0.0000   0.0000   0.0000   0.3483
  16.000   1.0480   0.22144   0.21532  -0.1213  0.1512  1.0000  -1.9979   0.0000   0.0000   0.0000   0.3498
  16.500   1.0616   0.22880   0.22267  -0.1251  0.1405  1.0000  -2.0011   0.0000   0.0000   0.0000   0.3511
  17.000   1.0757   0.23602   0.22988  -0.1289  0.1298  1.0000  -2.0027   0.0000   0.0000   0.0000   0.3524
  17.500   1.0879   0.24286   0.23670  -0.1338  0.1211  1.0000  -1.9874   0.0000   0.0000   0.0000   0.3547
  18.000   1.1035   0.25043   0.24426  -0.1379  0.1145  1.0000  -2.0162   0.0000   0.0000   0.0000   0.3558
  18.500   1.1298   0.26178   0.25569  -0.1387  0.1063  1.0000  -2.1414   0.0000   0.0000   0.0000   0.3529
  19.000   1.1337   0.26414   0.25800  -0.1470  0.0998  1.0000  -2.0485   0.0000   0.0000   0.0000   0.3588
  19.500   1.1505   0.27181   0.26568  -0.1511  0.0943  1.0000  -2.0735   0.0000   0.0000   0.0000   0.3596
  20.000   1.1706   0.28030   0.27422  -0.1538  0.0863  1.0000  -2.1460   0.0000   0.0000   0.0000   0.3587


