xflr5 v6.61

 Calculated polar for: BLD_50

 1 1 Reynolds number fixed          Mach number fixed         

 xtrf =   1.000 (top)        1.000 (bottom)
 Mach =   0.200     Re =     0.125 e 6     Ncrit =   9.000

  alpha     CL        CD       CDp       Cm    Top Xtr Bot Xtr   Cpmin    Chinge    XCp    
 ------- -------- --------- --------- -------- ------- ------- -------- --------- ---------
 -18.500  -0.5705   0.22671   0.22136   0.0054  1.0000  0.0229  -1.5109   0.0000   0.0000   0.0000   0.2490
 -18.000  -0.5538   0.22027   0.21492   0.0029  1.0000  0.0238  -1.4554   0.0000   0.0000   0.0000   0.2450
 -17.500  -0.5374   0.21437   0.20903   0.0000  1.0000  0.0249  -1.4310   0.0000   0.0000   0.0000   0.2402
 -17.000  -0.5213   0.20851   0.20319  -0.0029  1.0000  0.0261  -1.4178   0.0000   0.0000   0.0000   0.2349
 -16.500  -0.5055   0.20296   0.19766  -0.0060  1.0000  0.0273  -1.4224   0.0000   0.0000   0.0000   0.2289
 -16.000  -0.4928   0.19953   0.19425  -0.0100  1.0000  0.0282  -1.4820   0.0000   0.0000   0.0000   0.2207
 -15.500  -0.4857   0.19759   0.19236  -0.0141  1.0000  0.0284  -1.5553   0.0000   0.0000   0.0000   0.2125
 -15.000  -0.4644   0.18601   0.18078  -0.0146  1.0000  0.0291  -1.4389   0.0000   0.0000   0.0000   0.2101
 -14.500  -0.4481   0.17869   0.17347  -0.0155  1.0000  0.0303  -1.3291   0.0000   0.0000   0.0000   0.2071
 -14.000  -0.4343   0.17268   0.16750  -0.0171  1.0000  0.0318  -1.3080   0.0000   0.0000   0.0000   0.2025
 -13.500  -0.4215   0.16681   0.16166  -0.0189  1.0000  0.0337  -1.3155   0.0000   0.0000   0.0000   0.1973
 -13.000  -0.4101   0.16136   0.15625  -0.0211  1.0000  0.0363  -1.3634   0.0000   0.0000   0.0000   0.1910
 -12.500  -0.4069   0.15854   0.15350  -0.0248  1.0000  0.0373  -1.5096   0.0000   0.0000   0.0000   0.1819
 -12.000  -0.4090   0.15594   0.15098  -0.0281  1.0000  0.0375  -1.6502   0.0000   0.0000   0.0000   0.1746
 -11.500  -0.3787   0.14312   0.13816  -0.0253  1.0000  0.0395  -1.4361   0.0000   0.0000   0.0000   0.1762
 -11.000  -0.3681   0.13730   0.13239  -0.0260  1.0000  0.0416  -1.4209   0.0000   0.0000   0.0000   0.1726
 -10.500  -0.3599   0.13180   0.12691  -0.0271  1.0000  0.0440  -1.4407   0.0000   0.0000   0.0000   0.1681
 -10.000  -0.3604   0.12837   0.12357  -0.0298  1.0000  0.0458  -1.5570   0.0000   0.0000   0.0000   0.1614
  -9.750  -0.3652   0.12733   0.12260  -0.0313  1.0000  0.0460  -1.6360   0.0000   0.0000   0.0000   0.1586
  -9.500  -0.3693   0.12594   0.12128  -0.0326  1.0000  0.0462  -1.7089   0.0000   0.0000   0.0000   0.1565
  -9.250  -0.3497   0.11852   0.11385  -0.0298  1.0000  0.0472  -1.5517   0.0000   0.0000   0.0000   0.1591
  -9.000  -0.3426   0.11516   0.11051  -0.0289  1.0000  0.0483  -1.4882   0.0000   0.0000   0.0000   0.1602
  -8.750  -0.3389   0.11247   0.10786  -0.0284  1.0000  0.0496  -1.4616   0.0000   0.0000   0.0000   0.1608
  -8.500  -0.3368   0.10997   0.10540  -0.0281  1.0000  0.0509  -1.4508   0.0000   0.0000   0.0000   0.1613
  -8.000  -0.3376   0.10546   0.10101  -0.0276  1.0000  0.0538  -1.4692   0.0000   0.0000   0.0000   0.1636
  -7.500  -0.3572   0.10336   0.09909  -0.0266  1.0000  0.0554  -1.5936   0.0000   0.0000   0.0000   0.1716
  -7.000  -0.3786   0.10109   0.09702  -0.0275  1.0000  0.0559  -1.7480   0.0000   0.0000   0.0000   0.1740
  -6.500  -0.3671   0.09326   0.08925  -0.0203  1.0000  0.0581  -1.5445   0.0000   0.0000   0.0000   0.1917
  -6.250  -0.3670   0.09098   0.08702  -0.0190  1.0000  0.0597  -1.5093   0.0000   0.0000   0.0000   0.1953
  -6.000  -0.3679   0.08874   0.08484  -0.0188  1.0000  0.0618  -1.5084   0.0000   0.0000   0.0000   0.1963
  -5.750  -0.3679   0.08641   0.08257  -0.0212  1.0000  0.0645  -1.5628   0.0000   0.0000   0.0000   0.1898
  -5.250  -0.3592   0.08015   0.07639  -0.0255  1.0000  0.0674  -1.6277   0.0000   0.0000   0.0000   0.1766
  -5.000  -0.3541   0.07771   0.07398  -0.0241  1.0000  0.0701  -1.5825   0.0000   0.0000   0.0000   0.1797
  -4.500  -0.3176   0.06971   0.06595  -0.0375  1.0000  0.0770  -1.6949   0.0000   0.0000   0.0000   0.1296
  -4.250  -0.3106   0.06724   0.06348  -0.0355  1.0000  0.0792  -1.6325   0.0000   0.0000   0.0000   0.1334
  -4.000  -0.2644   0.06153   0.05755  -0.0506  1.0000  0.0871  -1.7429   0.0000   0.0000   0.0000   0.0560
  -3.750  -0.2580   0.05914   0.05525  -0.0476  1.0000  0.0889  -1.6564   0.0000   0.0000   0.0000   0.0632
  -3.500  -0.2091   0.05401   0.04991  -0.0588  0.9985  0.0984  -1.6719   0.0000   0.0000   0.0000  -0.0342
  -3.250  -0.1550   0.04925   0.04496  -0.0686  0.9943  0.1092  -1.6205   0.0000   0.0000   0.0000  -0.1965
  -3.000  -0.1055   0.04525   0.04080  -0.0761  0.9898  0.1211  -1.5391   0.0000   0.0000   0.0000  -0.4770
  -2.750  -0.0083   0.03318   0.02736  -0.0947  0.9917  0.0767  -1.9085   0.0000   0.0000   0.0000  -11.3040
  -2.500   0.0536   0.02730   0.02062  -0.1020  0.9913  0.0614  -1.9831   0.0000   0.0000   0.0000   2.1664
  -2.250   0.1099   0.02404   0.01652  -0.1074  0.9897  0.0601  -1.9289   0.0000   0.0000   0.0000   1.2336
  -2.000   0.1627   0.02219   0.01403  -0.1117  0.9876  0.0654  -1.8693   0.0000   0.0000   0.0000   0.9409
  -1.750   0.2091   0.02085   0.01264  -0.1153  0.9829  0.0828  -1.7539   0.0000   0.0000   0.0000   0.8043
  -1.500   0.2573   0.02054   0.01232  -0.1196  0.9783  0.1201  -1.5246   0.0000   0.0000   0.0000   0.7167
  -1.250   0.3007   0.01992   0.01176  -0.1227  0.9716  0.1515  -1.3187   0.0000   0.0000   0.0000   0.6594
  -1.000   0.3458   0.01925   0.01132  -0.1263  0.9657  0.2047  -1.1336   0.0000   0.0000   0.0000   0.6159
  -0.750   0.3937   0.01861   0.01112  -0.1305  0.9605  0.3093  -0.9378   0.0000   0.0000   0.0000   0.5818
  -0.500   0.4361   0.01751   0.01108  -0.1335  0.9542  0.5889  -0.7541   0.0000   0.0000   0.0000   0.5562
  -0.250   0.4616   0.01663   0.01072  -0.1318  0.9437  1.0000  -0.6169   0.0000   0.0000   0.0000   0.5353
   0.000   0.5024   0.01661   0.01046  -0.1341  0.9343  1.0000  -0.5926   0.0000   0.0000   0.0000   0.5164
   0.250   0.5430   0.01653   0.01021  -0.1363  0.9248  1.0000  -0.6224   0.0000   0.0000   0.0000   0.5002
   0.500   0.5835   0.01637   0.00993  -0.1383  0.9153  1.0000  -0.6541   0.0000   0.0000   0.0000   0.4860
   0.750   0.6244   0.01613   0.00960  -0.1404  0.9061  1.0000  -0.6878   0.0000   0.0000   0.0000   0.4735
   1.000   0.6679   0.01575   0.00914  -0.1427  0.8983  1.0000  -0.7252   0.0000   0.0000   0.0000   0.4621
   1.250   0.7072   0.01540   0.00876  -0.1442  0.8883  1.0000  -0.7618   0.0000   0.0000   0.0000   0.4521
   1.500   0.7457   0.01503   0.00836  -0.1454  0.8777  1.0000  -0.8013   0.0000   0.0000   0.0000   0.4430
   1.750   0.7841   0.01463   0.00794  -0.1465  0.8666  1.0000  -0.8437   0.0000   0.0000   0.0000   0.4347
   2.000   0.8177   0.01436   0.00768  -0.1468  0.8519  1.0000  -0.8863   0.0000   0.0000   0.0000   0.4271
   2.500   0.8894   0.01376   0.00706  -0.1479  0.8213  1.0000  -0.9929   0.0000   0.0000   0.0000   0.4134
   2.750   0.9233   0.01357   0.00688  -0.1481  0.8031  1.0000  -1.0537   0.0000   0.0000   0.0000   0.4073
   3.000   0.9545   0.01352   0.00680  -0.1479  0.7824  1.0000  -1.1175   0.0000   0.0000   0.0000   0.4015
   3.250   0.9848   0.01354   0.00678  -0.1475  0.7606  1.0000  -1.2053   0.0000   0.0000   0.0000   0.3961
   3.500   1.0142   0.01363   0.00682  -0.1469  0.7377  1.0000  -1.2938   0.0000   0.0000   0.0000   0.3910
   3.750   1.0413   0.01381   0.00699  -0.1460  0.7132  1.0000  -1.3886   0.0000   0.0000   0.0000   0.3861
   4.000   1.0678   0.01404   0.00717  -0.1450  0.6881  1.0000  -1.5344   0.0000   0.0000   0.0000   0.3814
   4.250   1.0940   0.01430   0.00736  -0.1439  0.6628  1.0000  -1.6838   0.0000   0.0000   0.0000   0.3769
   4.500   1.1188   0.01461   0.00763  -0.1427  0.6364  1.0000  -1.8332   0.0000   0.0000   0.0000   0.3726
   4.750   1.1433   0.01495   0.00798  -0.1413  0.6101  1.0000  -2.0067   0.0000   0.0000   0.0000   0.3684
   5.000   1.1671   0.01532   0.00831  -0.1399  0.5832  1.0000  -2.1898   0.0000   0.0000   0.0000   0.3644
   5.250   1.1900   0.01572   0.00867  -0.1384  0.5549  1.0000  -2.3744   0.0000   0.0000   0.0000   0.3604
   5.500   1.2119   0.01614   0.00907  -0.1366  0.5246  1.0000  -2.5598   0.0000   0.0000   0.0000   0.3566
   5.750   1.2312   0.01659   0.00941  -0.1344  0.4875  1.0000  -2.7418   0.0000   0.0000   0.0000   0.3527
   6.000   1.2483   0.01709   0.00979  -0.1318  0.4428  1.0000  -2.9182   0.0000   0.0000   0.0000   0.3488
   6.250   1.2649   0.01768   0.01026  -0.1293  0.3955  1.0000  -3.0942   0.0000   0.0000   0.0000   0.3451
   6.500   1.2810   0.01839   0.01082  -0.1268  0.3468  1.0000  -3.2684   0.0000   0.0000   0.0000   0.3416
   6.750   1.2954   0.01932   0.01163  -0.1242  0.2927  1.0000  -3.4482   0.0000   0.0000   0.0000   0.3381
   7.000   1.3080   0.02049   0.01255  -0.1214  0.2356  1.0000  -3.6342   0.0000   0.0000   0.0000   0.3347
   7.250   1.3174   0.02203   0.01373  -0.1183  0.1735  1.0000  -3.7993   0.0000   0.0000   0.0000   0.3314
   7.500   1.3231   0.02403   0.01533  -0.1147  0.1192  1.0000  -3.9253   0.0000   0.0000   0.0000   0.3280
   7.750   1.3264   0.02625   0.01731  -0.1106  0.0868  1.0000  -4.0089   0.0000   0.0000   0.0000   0.3244
   8.000   1.3318   0.02823   0.01921  -0.1068  0.0714  1.0000  -4.0991   0.0000   0.0000   0.0000   0.3208
   8.250   1.3391   0.02998   0.02097  -0.1033  0.0624  1.0000  -4.2119   0.0000   0.0000   0.0000   0.3175
   8.500   1.3484   0.03179   0.02282  -0.1002  0.0561  1.0000  -4.3370   0.0000   0.0000   0.0000   0.3143
   8.750   1.3611   0.03366   0.02470  -0.0977  0.0520  1.0000  -4.4722   0.0000   0.0000   0.0000   0.3114
   9.000   1.3811   0.03620   0.02727  -0.0963  0.0490  1.0000  -4.6219   0.0000   0.0000   0.0000   0.3090
   9.250   1.4055   0.03865   0.02997  -0.0952  0.0466  1.0000  -4.8197   0.0000   0.0000   0.0000   0.3067
   9.500   1.4297   0.04148   0.03305  -0.0943  0.0447  1.0000  -5.0130   0.0000   0.0000   0.0000   0.3046
   9.750   1.4481   0.04441   0.03624  -0.0928  0.0432  1.0000  -5.1820   0.0000   0.0000   0.0000   0.3023
  10.000   1.4639   0.04794   0.03998  -0.0915  0.0411  1.0000  -5.3662   0.0000   0.0000   0.0000   0.3004
  10.250   1.4653   0.05120   0.04365  -0.0881  0.0399  1.0000  -5.4396   0.0000   0.0000   0.0000   0.2977
  10.500   1.3871   0.04968   0.04261  -0.0732  0.0403  1.0000  -5.2528   0.0000   0.0000   0.0000   0.2902
  10.750   1.4525   0.05699   0.05025  -0.0796  0.0389  1.0000  -5.5051   0.0000   0.0000   0.0000   0.2917
  11.000   1.3578   0.05600   0.04963  -0.0642  0.0395  1.0000  -5.2653   0.0000   0.0000   0.0000   0.2842
  11.250   1.4282   0.06412   0.05806  -0.0721  0.0388  1.0000  -5.4941   0.0000   0.0000   0.0000   0.2868
  11.500   1.3229   0.06432   0.05855  -0.0577  0.0395  1.0000  -5.2233   0.0000   0.0000   0.0000   0.2798
  11.750   1.3938   0.07238   0.06691  -0.0671  0.0390  1.0000  -5.4285   0.0000   0.0000   0.0000   0.2837
  12.000   1.2801   0.07392   0.06867  -0.0537  0.0396  1.0000  -5.1325   0.0000   0.0000   0.0000   0.2775
  12.250   1.3537   0.08223   0.07727  -0.0655  0.0393  1.0000  -5.3196   0.0000   0.0000   0.0000   0.2832
  12.500   1.2314   0.08472   0.07991  -0.0526  0.0399  1.0000  -4.9968   0.0000   0.0000   0.0000   0.2775
  12.750   1.3113   0.09402   0.08947  -0.0680  0.0397  1.0000  -5.1695   0.0000   0.0000   0.0000   0.2860
  13.000   1.1791   0.09637   0.09194  -0.0541  0.0403  1.0000  -4.8175   0.0000   0.0000   0.0000   0.2800
  13.250   1.2700   0.10785   0.10363  -0.0743  0.0402  1.0000  -4.9784   0.0000   0.0000   0.0000   0.2918
  13.500   1.1268   0.10829   0.10419  -0.0582  0.0408  1.0000  -4.5991   0.0000   0.0000   0.0000   0.2851
  13.750   1.2322   0.12354   0.11963  -0.0842  0.0410  1.0000  -4.7280   0.0000   0.0000   0.0000   0.3010
  14.000   0.9932   0.13476   0.13115  -0.0761  0.0491  1.0000  -3.4857   0.0000   0.0000   0.0000   0.3105
  14.250   1.1473   0.16342   0.15961  -0.1139  0.0492  1.0000  -3.4047   0.0000   0.0000   0.0000   0.3325
  14.500   0.9131   0.16061   0.15697  -0.0902  0.0586  1.0000  -2.4749   0.0000   0.0000   0.0000   0.3335


