xflr5 v6.61

 Calculated polar for: BLD_75

 1 1 Reynolds number fixed          Mach number fixed         

 xtrf =   1.000 (top)        1.000 (bottom)
 Mach =   0.200     Re =     0.070 e 6     Ncrit =   7.000

  alpha     CL        CD       CDp       Cm    Top Xtr Bot Xtr   Cpmin    Chinge    XCp    
 ------- -------- --------- --------- -------- ------- ------- -------- --------- ---------
 -20.000  -0.6568   0.24790   0.24094   0.0277  1.0000  0.0300  -1.4637   0.0000   0.0000   0.0000   0.2809
 -19.500  -0.6389   0.24158   0.23461   0.0241  1.0000  0.0315  -1.4407   0.0000   0.0000   0.0000   0.2770
 -19.000  -0.6210   0.23555   0.22857   0.0204  1.0000  0.0331  -1.4383   0.0000   0.0000   0.0000   0.2725
 -18.500  -0.6033   0.22962   0.22264   0.0166  1.0000  0.0349  -1.4474   0.0000   0.0000   0.0000   0.2676
 -18.000  -0.5860   0.22420   0.21723   0.0126  1.0000  0.0365  -1.4766   0.0000   0.0000   0.0000   0.2619
 -17.500  -0.5707   0.22025   0.21330   0.0080  1.0000  0.0373  -1.5384   0.0000   0.0000   0.0000   0.2547
 -17.000  -0.5590   0.21773   0.21082   0.0032  1.0000  0.0376  -1.6136   0.0000   0.0000   0.0000   0.2470
 -16.500  -0.5353   0.20555   0.19866   0.0023  1.0000  0.0390  -1.4827   0.0000   0.0000   0.0000   0.2456
 -16.000  -0.5179   0.19908   0.19219  -0.0004  1.0000  0.0410  -1.4382   0.0000   0.0000   0.0000   0.2408
 -15.500  -0.5016   0.19307   0.18617  -0.0034  1.0000  0.0433  -1.4181   0.0000   0.0000   0.0000   0.2350
 -15.000  -0.4883   0.18871   0.18185  -0.0074  1.0000  0.0456  -1.4508   0.0000   0.0000   0.0000   0.2269
 -14.500  -0.4845   0.18787   0.18109  -0.0124  1.0000  0.0463  -1.5499   0.0000   0.0000   0.0000   0.2170
 -14.000  -0.4562   0.17466   0.16787  -0.0118  1.0000  0.0494  -1.3536   0.0000   0.0000   0.0000   0.2166
 -13.500  -0.4416   0.16856   0.16181  -0.0142  1.0000  0.0524  -1.3239   0.0000   0.0000   0.0000   0.2106
 -13.000  -0.4309   0.16372   0.15702  -0.0175  1.0000  0.0551  -1.3864   0.0000   0.0000   0.0000   0.2024
 -12.500  -0.4294   0.16135   0.15474  -0.0218  1.0000  0.0559  -1.5104   0.0000   0.0000   0.0000   0.1928
 -12.000  -0.4041   0.15020   0.14360  -0.0211  1.0000  0.0586  -1.4059   0.0000   0.0000   0.0000   0.1911
 -11.500  -0.3917   0.14407   0.13747  -0.0227  1.0000  0.0622  -1.4086   0.0000   0.0000   0.0000   0.1855
 -11.000  -0.3868   0.13975   0.13323  -0.0259  1.0000  0.0653  -1.4877   0.0000   0.0000   0.0000   0.1770
 -10.500  -0.3784   0.13346   0.12704  -0.0276  1.0000  0.0667  -1.5221   0.0000   0.0000   0.0000   0.1711
 -10.000  -0.3624   0.12625   0.11987  -0.0274  1.0000  0.0714  -1.4569   0.0000   0.0000   0.0000   0.1685
  -9.500  -0.3654   0.12305   0.11681  -0.0305  1.0000  0.0755  -1.5562   0.0000   0.0000   0.0000   0.1612
  -9.000  -0.3489   0.11506   0.10889  -0.0293  1.0000  0.0799  -1.4764   0.0000   0.0000   0.0000   0.1607
  -8.500  -0.3495   0.11084   0.10481  -0.0304  1.0000  0.0854  -1.5176   0.0000   0.0000   0.0000   0.1583
  -8.000  -0.3721   0.10947   0.10370  -0.0317  1.0000  0.0865  -1.6638   0.0000   0.0000   0.0000   0.1610
  -7.500  -0.3452   0.10009   0.09435  -0.0283  1.0000  0.0924  -1.4996   0.0000   0.0000   0.0000   0.1641
  -7.000  -0.3653   0.09763   0.09214  -0.0276  1.0000  0.0965  -1.5907   0.0000   0.0000   0.0000   0.1711
  -6.500  -0.3622   0.09157   0.08622  -0.0255  1.0000  0.0998  -1.5531   0.0000   0.0000   0.0000   0.1767
  -6.000  -0.3630   0.08701   0.08181  -0.0274  1.0000  0.1066  -1.5768   0.0000   0.0000   0.0000   0.1719
  -5.500  -0.3568   0.08104   0.07595  -0.0275  1.0000  0.1110  -1.5536   0.0000   0.0000   0.0000   0.1706
  -5.000  -0.3400   0.07485   0.06974  -0.0343  1.0000  0.1198  -1.6150   0.0000   0.0000   0.0000   0.1469
  -4.500  -0.3173   0.06847   0.06336  -0.0374  1.0000  0.1312  -1.6041   0.0000   0.0000   0.0000   0.1301
  -3.500  -0.1739   0.04463   0.03827  -0.0678  1.0000  0.0762  -2.0688   0.0000   0.0000   0.0000  -0.1435
  -3.000  -0.0889   0.03448   0.02692  -0.0782  1.0000  0.0653  -2.1823   0.0000   0.0000   0.0000  -0.6368
  -2.000   0.0607   0.02572   0.01620  -0.0884  0.9974  0.0881  -1.8573   0.0000   0.0000   0.0000   1.7160
  -1.500   0.1552   0.02350   0.01355  -0.0959  0.9864  0.1299  -1.5542   0.0000   0.0000   0.0000   0.8708
  -1.000   0.2437   0.02218   0.01236  -0.1025  0.9718  0.2166  -1.1898   0.0000   0.0000   0.0000   0.6718
   0.000   0.3983   0.01978   0.01143  -0.1105  0.9337  1.0000  -0.5436   0.0000   0.0000   0.0000   0.5270
   0.500   0.4774   0.02005   0.01129  -0.1149  0.9111  1.0000  -0.5958   0.0000   0.0000   0.0000   0.4897
   1.000   0.5555   0.02013   0.01114  -0.1187  0.8885  1.0000  -0.6519   0.0000   0.0000   0.0000   0.4622
   1.500   0.6324   0.02001   0.01090  -0.1218  0.8660  1.0000  -0.7134   0.0000   0.0000   0.0000   0.4407
   2.000   0.6993   0.01998   0.01084  -0.1228  0.8390  1.0000  -0.7744   0.0000   0.0000   0.0000   0.4234
   2.500   0.7694   0.01976   0.01067  -0.1240  0.8137  1.0000  -0.8480   0.0000   0.0000   0.0000   0.4085
   3.000   0.8328   0.01974   0.01072  -0.1239  0.7844  1.0000  -0.9394   0.0000   0.0000   0.0000   0.3957
   3.500   0.8954   0.01976   0.01090  -0.1236  0.7540  1.0000  -1.1020   0.0000   0.0000   0.0000   0.3845
   4.000   0.9552   0.01994   0.01126  -0.1227  0.7213  1.0000  -1.3936   0.0000   0.0000   0.0000   0.3744
   4.500   1.0126   0.02026   0.01175  -0.1213  0.6863  1.0000  -1.7206   0.0000   0.0000   0.0000   0.3653
   5.000   1.0669   0.02067   0.01242  -0.1193  0.6469  1.0000  -2.0946   0.0000   0.0000   0.0000   0.3567
   5.500   1.1175   0.02104   0.01295  -0.1162  0.5982  1.0000  -2.4840   0.0000   0.0000   0.0000   0.3483
   6.000   1.1602   0.02140   0.01337  -0.1114  0.5314  1.0000  -2.9253   0.0000   0.0000   0.0000   0.3397
   6.500   1.1923   0.02215   0.01413  -0.1053  0.4399  1.0000  -3.3276   0.0000   0.0000   0.0000   0.3314
   7.000   1.2031   0.02452   0.01561  -0.0970  0.2494  1.0000  -3.6137   0.0000   0.0000   0.0000   0.3230
   7.500   1.2020   0.03004   0.01994  -0.0891  0.1051  1.0000  -3.7578   0.0000   0.0000   0.0000   0.3159
   8.000   1.2147   0.03441   0.02422  -0.0825  0.0780  1.0000  -3.9268   0.0000   0.0000   0.0000   0.3091
   8.500   1.2435   0.03856   0.02843  -0.0779  0.0632  1.0000  -4.2556   0.0000   0.0000   0.0000   0.3032
   9.000   1.2900   0.04362   0.03368  -0.0759  0.0528  1.0000  -4.6517   0.0000   0.0000   0.0000   0.2987
   9.500   1.3336   0.05070   0.04150  -0.0735  0.0491  1.0000  -4.9042   0.0000   0.0000   0.0000   0.2944
  10.000   1.3437   0.05760   0.04930  -0.0681  0.0463  1.0000  -5.0125   0.0000   0.0000   0.0000   0.2894
  10.500   1.3450   0.06390   0.05593  -0.0632  0.0425  1.0000  -5.2153   0.0000   0.0000   0.0000   0.2851
  11.000   1.3196   0.07130   0.06391  -0.0571  0.0416  1.0000  -5.1965   0.0000   0.0000   0.0000   0.2807
  11.500   1.2851   0.07948   0.07267  -0.0534  0.0415  1.0000  -5.1112   0.0000   0.0000   0.0000   0.2783
  12.000   1.2480   0.08929   0.08296  -0.0533  0.0417  1.0000  -4.9956   0.0000   0.0000   0.0000   0.2788


