xflr5 v6.61

 Calculated polar for: BLD_100

 1 1 Reynolds number fixed          Mach number fixed         

 xtrf =   1.000 (top)        1.000 (bottom)
 Mach =   0.200     Re =     0.070 e 6     Ncrit =   9.000

  alpha     CL        CD       CDp       Cm    Top Xtr Bot Xtr   Cpmin    Chinge    XCp    
 ------- -------- --------- --------- -------- ------- ------- -------- --------- ---------
 -22.000  -0.4881   0.23643   0.23059   0.0154  1.0000  0.0340  -1.0111   0.0000   0.0000   0.0000   0.2754
 -21.500  -0.4785   0.23093   0.22505   0.0131  1.0000  0.0355  -0.9915   0.0000   0.0000   0.0000   0.2716
 -21.000  -0.4693   0.22600   0.22009   0.0107  1.0000  0.0372  -0.9863   0.0000   0.0000   0.0000   0.2672
 -20.500  -0.4603   0.22131   0.21538   0.0082  1.0000  0.0390  -0.9885   0.0000   0.0000   0.0000   0.2624
 -20.000  -0.4520   0.21732   0.21136   0.0055  1.0000  0.0406  -1.0045   0.0000   0.0000   0.0000   0.2570
 -19.500  -0.4470   0.21553   0.20953   0.0024  1.0000  0.0414  -1.0539   0.0000   0.0000   0.0000   0.2504
 -19.000  -0.4455   0.21511   0.20913  -0.0006  1.0000  0.0418  -1.1386   0.0000   0.0000   0.0000   0.2438
 -18.500  -0.4251   0.20282   0.19680  -0.0013  1.0000  0.0443  -1.0310   0.0000   0.0000   0.0000   0.2423
 -18.000  -0.4157   0.19821   0.19217  -0.0033  1.0000  0.0468  -1.0308   0.0000   0.0000   0.0000   0.2374
 -17.500  -0.4075   0.19420   0.18814  -0.0056  1.0000  0.0493  -1.0508   0.0000   0.0000   0.0000   0.2318
 -17.000  -0.4031   0.19214   0.18607  -0.0083  1.0000  0.0509  -1.1078   0.0000   0.0000   0.0000   0.2250
 -16.500  -0.4065   0.19349   0.18740  -0.0112  1.0000  0.0514  -1.2016   0.0000   0.0000   0.0000   0.2182
 -16.000  -0.3849   0.18177   0.17568  -0.0117  1.0000  0.0536  -1.0985   0.0000   0.0000   0.0000   0.2153
 -15.500  -0.3763   0.17733   0.17122  -0.0131  1.0000  0.0565  -1.0794   0.0000   0.0000   0.0000   0.2107
 -15.000  -0.3709   0.17407   0.16794  -0.0149  1.0000  0.0595  -1.0908   0.0000   0.0000   0.0000   0.2054
 -14.500  -0.3732   0.17354   0.16742  -0.0174  1.0000  0.0615  -1.1766   0.0000   0.0000   0.0000   0.1991
 -14.000  -0.3634   0.16677   0.16064  -0.0184  1.0000  0.0633  -1.1802   0.0000   0.0000   0.0000   0.1948
 -13.500  -0.3534   0.16097   0.15484  -0.0192  1.0000  0.0676  -1.1607   0.0000   0.0000   0.0000   0.1912
 -13.000  -0.3519   0.15723   0.15111  -0.0210  1.0000  0.0713  -1.2142   0.0000   0.0000   0.0000   0.1858
 -12.500  -0.3629   0.15630   0.15021  -0.0238  1.0000  0.0725  -1.3385   0.0000   0.0000   0.0000   0.1802
 -12.000  -0.3380   0.14543   0.13935  -0.0234  1.0000  0.0765  -1.2372   0.0000   0.0000   0.0000   0.1764
 -11.500  -0.3328   0.14008   0.13402  -0.0248  1.0000  0.0812  -1.2553   0.0000   0.0000   0.0000   0.1711
 -11.000  -0.3427   0.13773   0.13175  -0.0281  1.0000  0.0834  -1.3721   0.0000   0.0000   0.0000   0.1641
 -10.500  -0.3192   0.12773   0.12175  -0.0273  1.0000  0.0882  -1.2670   0.0000   0.0000   0.0000   0.1604
 -10.000  -0.3203   0.12317   0.11727  -0.0295  1.0000  0.0938  -1.3165   0.0000   0.0000   0.0000   0.1541
  -9.750  -0.3816   0.12262   0.11641  -0.0232  1.0000  0.0903  -1.4638   0.0000   0.0000   0.0000   0.1844
  -9.500  -0.3078   0.11555   0.10971  -0.0295  1.0000  0.0990  -1.2685   0.0000   0.0000   0.0000   0.1503
  -9.250  -0.3877   0.11999   0.11393  -0.0282  1.0000  0.0945  -1.5768   0.0000   0.0000   0.0000   0.1731
  -9.000  -0.3132   0.11135   0.10564  -0.0317  1.0000  0.1053  -1.3261   0.0000   0.0000   0.0000   0.1456
  -8.750  -0.3646   0.11079   0.10476  -0.0268  1.0000  0.1024  -1.4531   0.0000   0.0000   0.0000   0.1722
  -8.500  -0.2993   0.10348   0.09785  -0.0306  1.0000  0.1113  -1.2929   0.0000   0.0000   0.0000   0.1444
  -8.250  -0.3825   0.10932   0.10354  -0.0313  1.0000  0.1059  -1.5978   0.0000   0.0000   0.0000   0.1647
  -8.000  -0.3154   0.10027   0.09483  -0.0319  1.0000  0.1168  -1.3899   0.0000   0.0000   0.0000   0.1464
  -7.750  -0.3590   0.10030   0.09455  -0.0288  1.0000  0.1152  -1.5086   0.0000   0.0000   0.0000   0.1662
  -7.500  -0.3025   0.09247   0.08711  -0.0293  1.0000  0.1238  -1.3388   0.0000   0.0000   0.0000   0.1506
  -7.250  -0.3668   0.09566   0.09013  -0.0278  1.0000  0.1192  -1.5527   0.0000   0.0000   0.0000   0.1711
  -7.000  -0.3350   0.09064   0.08556  -0.0273  1.0000  0.1281  -1.4438   0.0000   0.0000   0.0000   0.1667
  -6.750  -0.3709   0.09135   0.08597  -0.0281  1.0000  0.1274  -1.5833   0.0000   0.0000   0.0000   0.1715
  -6.250  -0.3678   0.08546   0.08021  -0.0262  1.0000  0.1341  -1.5668   0.0000   0.0000   0.0000   0.1764
  -6.000  -0.3722   0.08398   0.07880  -0.0312  1.0000  0.1395  -1.6430   0.0000   0.0000   0.0000   0.1642
  -5.750  -0.3682   0.08032   0.07521  -0.0279  1.0000  0.1426  -1.6007   0.0000   0.0000   0.0000   0.1722
  -5.500  -0.3648   0.07806   0.07297  -0.0305  1.0000  0.1505  -1.6220   0.0000   0.0000   0.0000   0.1644
  -5.250  -0.3610   0.07482   0.06979  -0.0282  1.0000  0.1554  -1.5855   0.0000   0.0000   0.0000   0.1701
  -5.000  -0.3539   0.07196   0.06693  -0.0313  1.0000  0.1644  -1.6005   0.0000   0.0000   0.0000   0.1598
  -2.750  -0.1160   0.03520   0.02781  -0.0657  1.0000  0.1159  -1.8054   0.0000   0.0000   0.0000  -0.3213
  -2.500  -0.1631   0.03238   0.02663  -0.0512  1.0000  0.2013  -1.4031   0.0000   0.0000   0.0000  -0.0655
  -2.250  -0.0440   0.02933   0.02083  -0.0702  1.0000  0.1139  -1.7426   0.0000   0.0000   0.0000  -1.3571
  -2.000  -0.0111   0.02743   0.01843  -0.0715  1.0000  0.1198  -1.6744   0.0000   0.0000   0.0000  -6.2307
  -1.750   0.0200   0.02603   0.01657  -0.0724  1.0000  0.1274  -1.6158   0.0000   0.0000   0.0000   3.8812
  -1.500   0.0483   0.02506   0.01542  -0.0730  1.0000  0.1415  -1.5187   0.0000   0.0000   0.0000   1.7693
  -1.250   0.0754   0.02430   0.01458  -0.0733  1.0000  0.1584  -1.4133   0.0000   0.0000   0.0000   1.2267
  -1.000   0.1026   0.02378   0.01397  -0.0738  1.0000  0.1850  -1.3069   0.0000   0.0000   0.0000   0.9718
  -0.750   0.1523   0.02301   0.01342  -0.0782  0.9932  0.2504  -1.1490   0.0000   0.0000   0.0000   0.7648
  -0.500   0.2063   0.02129   0.01279  -0.0834  0.9885  0.4725  -0.9740   0.0000   0.0000   0.0000   0.6548
  -0.250   0.2450   0.02040   0.01252  -0.0849  0.9756  1.0000  -0.8363   0.0000   0.0000   0.0000   0.5965
   0.000   0.2919   0.02096   0.01266  -0.0891  0.9623  1.0000  -0.6636   0.0000   0.0000   0.0000   0.5550
   0.250   0.3377   0.02146   0.01288  -0.0930  0.9490  1.0000  -0.5163   0.0000   0.0000   0.0000   0.5250
   0.500   0.3829   0.02189   0.01310  -0.0967  0.9359  1.0000  -0.5432   0.0000   0.0000   0.0000   0.5019
   0.750   0.4277   0.02225   0.01330  -0.1002  0.9231  1.0000  -0.5709   0.0000   0.0000   0.0000   0.4834
   1.000   0.4688   0.02257   0.01352  -0.1029  0.9096  1.0000  -0.5974   0.0000   0.0000   0.0000   0.4683
   1.250   0.5052   0.02290   0.01378  -0.1047  0.8948  1.0000  -0.6218   0.0000   0.0000   0.0000   0.4558
   1.500   0.5446   0.02314   0.01397  -0.1068  0.8816  1.0000  -0.6492   0.0000   0.0000   0.0000   0.4445
   1.750   0.5848   0.02331   0.01412  -0.1090  0.8691  1.0000  -0.6783   0.0000   0.0000   0.0000   0.4345
   2.000   0.6237   0.02343   0.01426  -0.1107  0.8569  1.0000  -0.7080   0.0000   0.0000   0.0000   0.4254
   2.250   0.6607   0.02353   0.01437  -0.1119  0.8449  1.0000  -0.7380   0.0000   0.0000   0.0000   0.4172
   2.500   0.6963   0.02361   0.01449  -0.1128  0.8329  1.0000  -0.7687   0.0000   0.0000   0.0000   0.4096
   2.750   0.7284   0.02377   0.01473  -0.1131  0.8202  1.0000  -0.7984   0.0000   0.0000   0.0000   0.4026
   3.000   0.7563   0.02410   0.01512  -0.1128  0.8062  1.0000  -0.8271   0.0000   0.0000   0.0000   0.3963
   3.250   0.7866   0.02431   0.01542  -0.1127  0.7935  1.0000  -0.9180   0.0000   0.0000   0.0000   0.3903
   3.500   0.8171   0.02450   0.01574  -0.1125  0.7811  1.0000  -1.0431   0.0000   0.0000   0.0000   0.3845
   3.750   0.8473   0.02468   0.01603  -0.1123  0.7687  1.0000  -1.1821   0.0000   0.0000   0.0000   0.3791
   4.000   0.8774   0.02485   0.01633  -0.1119  0.7565  1.0000  -1.3415   0.0000   0.0000   0.0000   0.3739
   4.250   0.9074   0.02500   0.01666  -0.1114  0.7441  1.0000  -1.5098   0.0000   0.0000   0.0000   0.3689
   4.500   0.9376   0.02512   0.01694  -0.1108  0.7317  1.0000  -1.7000   0.0000   0.0000   0.0000   0.3641
   4.750   0.9626   0.02556   0.01757  -0.1098  0.7170  1.0000  -1.8930   0.0000   0.0000   0.0000   0.3597
   5.000   0.9893   0.02584   0.01808  -0.1087  0.7021  1.0000  -2.1022   0.0000   0.0000   0.0000   0.3553
   5.250   1.0207   0.02564   0.01809  -0.1075  0.6871  1.0000  -2.3410   0.0000   0.0000   0.0000   0.3505
   5.500   1.0510   0.02409   0.01663  -0.1038  0.6547  1.0000  -2.6015   0.0000   0.0000   0.0000   0.3436
   5.750   1.0781   0.02213   0.01460  -0.0988  0.6063  1.0000  -2.8918   0.0000   0.0000   0.0000   0.3361
   6.000   1.0982   0.02155   0.01407  -0.0949  0.5618  1.0000  -3.1288   0.0000   0.0000   0.0000   0.3306
   6.250   1.1108   0.02123   0.01377  -0.0900  0.4967  1.0000  -3.3158   0.0000   0.0000   0.0000   0.3248
   6.500   1.1027   0.02225   0.01382  -0.0821  0.2914  1.0000  -3.3622   0.0000   0.0000   0.0000   0.3179
   6.750   1.0918   0.02624   0.01628  -0.0768  0.1507  1.0000  -3.3548   0.0000   0.0000   0.0000   0.3135
   7.000   1.0971   0.02877   0.01852  -0.0733  0.1205  1.0000  -3.4158   0.0000   0.0000   0.0000   0.3097
   7.250   1.1085   0.03100   0.02062  -0.0704  0.1045  1.0000  -3.5275   0.0000   0.0000   0.0000   0.3061
   7.500   1.1298   0.03321   0.02275  -0.0685  0.0919  1.0000  -3.6778   0.0000   0.0000   0.0000   0.3030
   7.750   1.1623   0.03596   0.02542  -0.0682  0.0829  1.0000  -3.8539   0.0000   0.0000   0.0000   0.3007
   8.000   1.1976   0.03939   0.02874  -0.0686  0.0756  1.0000  -4.0439   0.0000   0.0000   0.0000   0.2990
   8.250   1.2214   0.04221   0.03213  -0.0670  0.0722  1.0000  -4.1321   0.0000   0.0000   0.0000   0.2963
   8.500   1.2445   0.04577   0.03615  -0.0655  0.0708  1.0000  -4.2030   0.0000   0.0000   0.0000   0.2938
   8.750   1.2609   0.04929   0.04010  -0.0636  0.0689  1.0000  -4.2672   0.0000   0.0000   0.0000   0.2913
   9.000   1.2762   0.05309   0.04415  -0.0620  0.0668  1.0000  -4.3851   0.0000   0.0000   0.0000   0.2892
   9.250   1.2819   0.05701   0.04862  -0.0592  0.0670  1.0000  -4.4124   0.0000   0.0000   0.0000   0.2866
   9.500   1.2776   0.06115   0.05343  -0.0556  0.0688  1.0000  -4.3607   0.0000   0.0000   0.0000   0.2837
   9.750   1.2698   0.06553   0.05831  -0.0523  0.0706  1.0000  -4.3134   0.0000   0.0000   0.0000   0.2811
  10.000   1.2604   0.06995   0.06310  -0.0495  0.0722  1.0000  -4.2776   0.0000   0.0000   0.0000   0.2790
  10.250   1.2520   0.07453   0.06793  -0.0472  0.0738  1.0000  -4.2587   0.0000   0.0000   0.0000   0.2771
  10.500   1.2524   0.07961   0.07318  -0.0457  0.0760  1.0000  -4.2701   0.0000   0.0000   0.0000   0.2757
  10.750   1.2140   0.08263   0.07656  -0.0423  0.0771  1.0000  -4.1291   0.0000   0.0000   0.0000   0.2738
  11.000   1.1783   0.08738   0.08159  -0.0419  0.0781  1.0000  -3.9887   0.0000   0.0000   0.0000   0.2743
  11.250   1.1448   0.09351   0.08792  -0.0440  0.0791  1.0000  -3.8416   0.0000   0.0000   0.0000   0.2768
  11.500   1.1129   0.10103   0.09558  -0.0483  0.0803  1.0000  -3.6772   0.0000   0.0000   0.0000   0.2815
  11.750   1.0852   0.10972   0.10435  -0.0539  0.0821  1.0000  -3.5024   0.0000   0.0000   0.0000   0.2876
  12.000   1.0880   0.11559   0.11025  -0.0546  0.0864  1.0000  -3.4947   0.0000   0.0000   0.0000   0.2878
  12.250   1.0390   0.13357   0.12819  -0.0702  0.0976  1.0000  -2.9499   0.0000   0.0000   0.0000   0.3054


