xflr5 v6.61

 Calculated polar for: BLD_0

 1 1 Reynolds number fixed          Mach number fixed         

 xtrf =   1.000 (top)        1.000 (bottom)
 Mach =   0.200     Re =     0.025 e 6     Ncrit =   9.000

  alpha     CL        CD       CDp       Cm    Top Xtr Bot Xtr   Cpmin    Chinge    XCp    
 ------- -------- --------- --------- -------- ------- ------- -------- --------- ---------
 -17.500  -0.5288   0.22756   0.21584  -0.0050  1.0000  0.1362  -1.2293   0.0000   0.0000   0.0000   0.2307
 -17.000  -0.5207   0.22625   0.21461  -0.0079  1.0000  0.1403  -1.2604   0.0000   0.0000   0.0000   0.2254
 -16.500  -0.5005   0.21681   0.20521  -0.0091  1.0000  0.1470  -1.2266   0.0000   0.0000   0.0000   0.2225
 -16.000  -0.4934   0.21511   0.20364  -0.0117  1.0000  0.1514  -1.2546   0.0000   0.0000   0.0000   0.2174
 -15.500  -0.4738   0.20626   0.19480  -0.0127  1.0000  0.1592  -1.2207   0.0000   0.0000   0.0000   0.2144
 -15.000  -0.4620   0.20120   0.18984  -0.0144  1.0000  0.1644  -1.2212   0.0000   0.0000   0.0000   0.2102
 -14.500  -0.4512   0.19681   0.18553  -0.0159  1.0000  0.1724  -1.2196   0.0000   0.0000   0.0000   0.2064
 -14.000  -0.4353   0.18967   0.17847  -0.0169  1.0000  0.1801  -1.1956   0.0000   0.0000   0.0000   0.2031
 -13.500  -0.4244   0.18444   0.17327  -0.0180  1.0000  0.1873  -1.1892   0.0000   0.0000   0.0000   0.1996
 -13.000  -0.4200   0.18169   0.17066  -0.0193  1.0000  0.1952  -1.2008   0.0000   0.0000   0.0000   0.1964
 -12.500  -0.4071   0.17533   0.16438  -0.0198  1.0000  0.2057  -1.1783   0.0000   0.0000   0.0000   0.1939
 -12.000  -0.3976   0.17002   0.15919  -0.0203  1.0000  0.2168  -1.1636   0.0000   0.0000   0.0000   0.1918
 -11.500  -0.3842   0.16316   0.15245  -0.0203  1.0000  0.2296  -1.1336   0.0000   0.0000   0.0000   0.1900
 -11.000  -0.3714   0.15676   0.14615  -0.0201  1.0000  0.2448  -1.1305   0.0000   0.0000   0.0000   0.1889
 -10.500  -0.3663   0.15232   0.14187  -0.0199  1.0000  0.2596  -1.1464   0.0000   0.0000   0.0000   0.1889
 -10.000  -0.3560   0.14623   0.13591  -0.0193  1.0000  0.2745  -1.1503   0.0000   0.0000   0.0000   0.1890
  -9.500  -0.3494   0.14118   0.13093  -0.0185  1.0000  0.2921  -1.1594   0.0000   0.0000   0.0000   0.1906
  -9.000  -0.3392   0.13507   0.12497  -0.0173  1.0000  0.3104  -1.1603   0.0000   0.0000   0.0000   0.1925
  -8.500  -0.3329   0.12980   0.11988  -0.0158  1.0000  0.3308  -1.1664   0.0000   0.0000   0.0000   0.1963
  -8.000  -0.3263   0.12444   0.11470  -0.0139  1.0000  0.3549  -1.1686   0.0000   0.0000   0.0000   0.2015
  -7.500  -0.3273   0.12038   0.11085  -0.0112  1.0000  0.3810  -1.1798   0.0000   0.0000   0.0000   0.2103
  -7.000  -0.3198   0.11465   0.10531  -0.0082  1.0000  0.4134  -1.1741   0.0000   0.0000   0.0000   0.2191
  -6.500  -0.3085   0.10831   0.09915  -0.0048  1.0000  0.4529  -1.1605   0.0000   0.0000   0.0000   0.2291
  -6.000  -0.3063   0.10341   0.09447  -0.0000  1.0000  0.5014  -1.1549   0.0000   0.0000   0.0000   0.2449
  -5.500  -0.2850   0.09587   0.08707   0.0043  1.0000  0.5755  -1.1218   0.0000   0.0000   0.0000   0.2603
  -5.000  -0.0211   0.06452   0.05466  -0.0318  1.0000  1.0000  -0.8711   0.0000   0.0000   0.0000  -1.3282
  -4.500  -0.0090   0.06071   0.05104  -0.0312  1.0000  1.0000  -0.8903   0.0000   0.0000   0.0000  -3.3660
  -4.000   0.0018   0.05712   0.04764  -0.0304  1.0000  1.0000  -0.9112   0.0000   0.0000   0.0000  17.8278
  -3.500  -0.0295   0.05629   0.04720  -0.0191  1.0000  0.9794  -0.9444   0.0000   0.0000   0.0000  -0.4298
  -3.000  -0.1113   0.05865   0.05015   0.0023  1.0000  0.9192  -0.9945   0.0000   0.0000   0.0000   0.2641
  -2.500  -0.1897   0.06052   0.05257   0.0194  1.0000  0.8540  -1.0496   0.0000   0.0000   0.0000   0.3494
  -1.500  -0.0215   0.05087   0.04176  -0.0718  1.0000  0.3019  -1.3779   0.0000   0.0000   0.0000  -3.1150
  -1.000   0.1271   0.04231   0.03185  -0.0971  1.0000  0.3253  -1.3966   0.0000   0.0000   0.0000   1.0172
  -0.500   0.2211   0.03832   0.02702  -0.1058  1.0000  0.4065  -1.2460   0.0000   0.0000   0.0000   0.7297
   0.000   0.2894   0.03572   0.02429  -0.1075  1.0000  0.5575  -1.0569   0.0000   0.0000   0.0000   0.6215
   0.500   0.3046   0.03224   0.02208  -0.0975  1.0000  0.8859  -0.9801   0.0000   0.0000   0.0000   0.5693
   1.500   0.4490   0.03613   0.02278  -0.1127  1.0000  1.0000  -0.6014   0.0000   0.0000   0.0000   0.4987
   2.000   0.4886   0.03848   0.02473  -0.1131  1.0000  1.0000  -0.6450   0.0000   0.0000   0.0000   0.4787
   2.500   0.5244   0.04124   0.02727  -0.1135  1.0000  1.0000  -0.6875   0.0000   0.0000   0.0000   0.4633
   3.000   0.5566   0.04447   0.03041  -0.1142  1.0000  1.0000  -0.7311   0.0000   0.0000   0.0000   0.4514
   3.500   0.5853   0.04824   0.03417  -0.1152  1.0000  1.0000  -0.7731   0.0000   0.0000   0.0000   0.4426
   4.000   0.6107   0.05260   0.03859  -0.1166  1.0000  1.0000  -0.8131   0.0000   0.0000   0.0000   0.4362
   4.500   0.6333   0.05755   0.04367  -0.1184  1.0000  1.0000  -0.8464   0.0000   0.0000   0.0000   0.4318
   5.000   0.7247   0.06478   0.05123  -0.1329  0.9366  1.0000  -0.9526   0.0000   0.0000   0.0000   0.4277
   5.500   0.8238   0.07011   0.05697  -0.1443  0.8566  1.0000  -1.0861   0.0000   0.0000   0.0000   0.4192
   6.000   0.8958   0.07461   0.06186  -0.1494  0.7852  1.0000  -1.1969   0.0000   0.0000   0.0000   0.4103
   6.500   0.9713   0.07853   0.06629  -0.1524  0.7162  1.0000  -1.3673   0.0000   0.0000   0.0000   0.4001
   7.000   1.0120   0.08367   0.07181  -0.1519  0.6589  1.0000  -1.4764   0.0000   0.0000   0.0000   0.3928
   7.500   1.0541   0.08906   0.07759  -0.1509  0.6057  1.0000  -1.5858   0.0000   0.0000   0.0000   0.3853
   8.000   1.0789   0.09598   0.08495  -0.1496  0.5626  1.0000  -1.6837   0.0000   0.0000   0.0000   0.3803
   8.500   1.0718   0.10576   0.09491  -0.1495  0.5362  1.0000  -1.7103   0.0000   0.0000   0.0000   0.3806
   9.000   1.0708   0.11571   0.10504  -0.1503  0.5154  1.0000  -1.7468   0.0000   0.0000   0.0000   0.3809
   9.500   1.0649   0.12647   0.11597  -0.1524  0.5054  1.0000  -1.7526   0.0000   0.0000   0.0000   0.3832
  10.000   1.0580   0.13794   0.12759  -0.1560  0.5097  1.0000  -1.7381   0.0000   0.0000   0.0000   0.3871
  11.000   0.9770   0.16146   0.15115  -0.1719  0.7017  1.0000  -1.4462   0.0000   0.0000   0.0000   0.4142
  11.500   0.9997   0.16985   0.15976  -0.1743  0.6697  1.0000  -1.5219   0.0000   0.0000   0.0000   0.4120
  12.000   1.0235   0.17804   0.16817  -0.1763  0.6319  1.0000  -1.5946   0.0000   0.0000   0.0000   0.4093
  12.500   1.0429   0.18588   0.17618  -0.1784  0.6015  1.0000  -1.6460   0.0000   0.0000   0.0000   0.4075
  13.000   1.0713   0.19534   0.18586  -0.1806  0.5639  1.0000  -1.7243   0.0000   0.0000   0.0000   0.4043
  13.500   1.0849   0.20185   0.19251  -0.1826  0.5363  1.0000  -1.7652   0.0000   0.0000   0.0000   0.4033
  14.000   1.1079   0.21015   0.20098  -0.1845  0.5002  1.0000  -1.8206   0.0000   0.0000   0.0000   0.4009
  14.500   1.1315   0.21994   0.21111  -0.1872  0.4755  1.0000  -1.8528   0.0000   0.0000   0.0000   0.3990
  15.000   1.1498   0.22734   0.21862  -0.1891  0.4422  1.0000  -1.8602   0.0000   0.0000   0.0000   0.3974
  15.500   1.1633   0.23358   0.22495  -0.1920  0.4176  1.0000  -1.8380   0.0000   0.0000   0.0000   0.3971
  16.000   1.1810   0.24108   0.23253  -0.1948  0.3926  1.0000  -1.8149   0.0000   0.0000   0.0000   0.3963
  16.500   1.2015   0.24938   0.24089  -0.1973  0.3643  1.0000  -1.7985   0.0000   0.0000   0.0000   0.3947
  17.000   1.2204   0.25732   0.24889  -0.2003  0.3431  1.0000  -1.8024   0.0000   0.0000   0.0000   0.3938
  17.500   1.2381   0.26454   0.25615  -0.2034  0.3213  1.0000  -1.8204   0.0000   0.0000   0.0000   0.3930
  18.000   1.2535   0.27050   0.26217  -0.2070  0.3033  1.0000  -1.8282   0.0000   0.0000   0.0000   0.3930
  18.500   1.2763   0.28099   0.27273  -0.2101  0.2898  1.0000  -1.8546   0.0000   0.0000   0.0000   0.3916
  19.000   1.2897   0.28632   0.27811  -0.2145  0.2781  1.0000  -1.8615   0.0000   0.0000   0.0000   0.3922
  19.500   1.3046   0.29227   0.28421  -0.2188  0.2666  1.0000  -1.8949   0.0000   0.0000   0.0000   0.3926
  20.000   1.3206   0.29872   0.29073  -0.2231  0.2554  1.0000  -1.9557   0.0000   0.0000   0.0000   0.3928


