xflr5 v6.61

 Calculated polar for: BLD_25

 1 1 Reynolds number fixed          Mach number fixed         

 xtrf =   1.000 (top)        1.000 (bottom)
 Mach =   0.200     Re =     0.025 e 6     Ncrit =   7.000

  alpha     CL        CD       CDp       Cm    Top Xtr Bot Xtr   Cpmin    Chinge    XCp    
 ------- -------- --------- --------- -------- ------- ------- -------- --------- ---------
 -28.000  -0.8715   0.33668   0.32503   0.0759  1.0000  0.0570  -1.6115   0.0000   0.0000   0.0000   0.3158
 -27.500  -0.8565   0.32992   0.31822   0.0718  1.0000  0.0591  -1.5852   0.0000   0.0000   0.0000   0.3134
 -27.000  -0.8415   0.32474   0.31301   0.0673  1.0000  0.0612  -1.5724   0.0000   0.0000   0.0000   0.3104
 -26.500  -0.8266   0.32023   0.30844   0.0628  1.0000  0.0634  -1.5667   0.0000   0.0000   0.0000   0.3071
 -26.000  -0.8119   0.31689   0.30508   0.0580  1.0000  0.0650  -1.5705   0.0000   0.0000   0.0000   0.3033
 -25.500  -0.7980   0.31539   0.30358   0.0529  1.0000  0.0658  -1.5845   0.0000   0.0000   0.0000   0.2991
 -25.000  -0.7809   0.30584   0.29403   0.0495  1.0000  0.0674  -1.5391   0.0000   0.0000   0.0000   0.2967
 -24.500  -0.7646   0.29945   0.28760   0.0457  1.0000  0.0701  -1.5032   0.0000   0.0000   0.0000   0.2937
 -24.000  -0.7489   0.29475   0.28285   0.0416  1.0000  0.0732  -1.4819   0.0000   0.0000   0.0000   0.2900
 -23.500  -0.7346   0.29259   0.28070   0.0369  1.0000  0.0753  -1.4804   0.0000   0.0000   0.0000   0.2854
 -23.000  -0.7182   0.28593   0.27406   0.0332  1.0000  0.0769  -1.4465   0.0000   0.0000   0.0000   0.2820
 -22.500  -0.7008   0.27858   0.26669   0.0300  1.0000  0.0804  -1.4114   0.0000   0.0000   0.0000   0.2790
 -22.000  -0.6849   0.27379   0.26189   0.0262  1.0000  0.0838  -1.4107   0.0000   0.0000   0.0000   0.2750
 -21.500  -0.6708   0.27126   0.25939   0.0219  1.0000  0.0860  -1.4303   0.0000   0.0000   0.0000   0.2700
 -21.000  -0.6540   0.26438   0.25249   0.0186  1.0000  0.0878  -1.4170   0.0000   0.0000   0.0000   0.2663
 -20.500  -0.6362   0.25728   0.24538   0.0158  1.0000  0.0917  -1.3870   0.0000   0.0000   0.0000   0.2629
 -20.000  -0.6211   0.25303   0.24116   0.0122  1.0000  0.0955  -1.3844   0.0000   0.0000   0.0000   0.2582
 -19.500  -0.6095   0.25181   0.23999   0.0081  1.0000  0.0971  -1.4075   0.0000   0.0000   0.0000   0.2525
 -19.000  -0.5884   0.24115   0.22934   0.0062  1.0000  0.1015  -1.3465   0.0000   0.0000   0.0000   0.2499
 -18.500  -0.5739   0.23700   0.22523   0.0030  1.0000  0.1063  -1.3364   0.0000   0.0000   0.0000   0.2450
 -18.000  -0.5590   0.23169   0.21993   0.0001  1.0000  0.1092  -1.3210   0.0000   0.0000   0.0000   0.2402
 -17.500  -0.5420   0.22515   0.21341  -0.0022  1.0000  0.1155  -1.2806   0.0000   0.0000   0.0000   0.2363
 -17.000  -0.5326   0.22350   0.21187  -0.0056  1.0000  0.1188  -1.2987   0.0000   0.0000   0.0000   0.2303
 -16.500  -0.5118   0.21403   0.20240  -0.0071  1.0000  0.1254  -1.2643   0.0000   0.0000   0.0000   0.2271
 -16.000  -0.5034   0.21208   0.20053  -0.0101  1.0000  0.1294  -1.2998   0.0000   0.0000   0.0000   0.2213
 -15.500  -0.4831   0.20300   0.19150  -0.0114  1.0000  0.1357  -1.2685   0.0000   0.0000   0.0000   0.2179
 -15.000  -0.4762   0.20094   0.18954  -0.0141  1.0000  0.1403  -1.3021   0.0000   0.0000   0.0000   0.2124
 -14.500  -0.4564   0.19213   0.18072  -0.0151  1.0000  0.1476  -1.2694   0.0000   0.0000   0.0000   0.2089
 -14.000  -0.4464   0.18761   0.17631  -0.0170  1.0000  0.1527  -1.2813   0.0000   0.0000   0.0000   0.2042
 -13.500  -0.4341   0.18213   0.17090  -0.0183  1.0000  0.1609  -1.2745   0.0000   0.0000   0.0000   0.2003
 -13.000  -0.4194   0.17538   0.16423  -0.0192  1.0000  0.1680  -1.2569   0.0000   0.0000   0.0000   0.1966
 -12.500  -0.4103   0.17043   0.15940  -0.0205  1.0000  0.1755  -1.2586   0.0000   0.0000   0.0000   0.1929
 -12.000  -0.4034   0.16603   0.15514  -0.0215  1.0000  0.1850  -1.2615   0.0000   0.0000   0.0000   0.1899
 -11.500  -0.3924   0.16005   0.14927  -0.0219  1.0000  0.1963  -1.2441   0.0000   0.0000   0.0000   0.1874
 -11.000  -0.3798   0.15357   0.14289  -0.0220  1.0000  0.2093  -1.2174   0.0000   0.0000   0.0000   0.1854
 -10.500  -0.3700   0.14784   0.13729  -0.0220  1.0000  0.2228  -1.1973   0.0000   0.0000   0.0000   0.1840
 -10.000  -0.3633   0.14273   0.13224  -0.0219  1.0000  0.2362  -1.1945   0.0000   0.0000   0.0000   0.1835
  -9.500  -0.3608   0.13838   0.12806  -0.0216  1.0000  0.2493  -1.2169   0.0000   0.0000   0.0000   0.1842
  -9.000  -0.3495   0.13183   0.12167  -0.0208  1.0000  0.2640  -1.2174   0.0000   0.0000   0.0000   0.1848
  -8.500  -0.3467   0.12718   0.11720  -0.0196  1.0000  0.2815  -1.2321   0.0000   0.0000   0.0000   0.1880
  -8.000  -0.3381   0.12118   0.11136  -0.0180  1.0000  0.3002  -1.2326   0.0000   0.0000   0.0000   0.1916
  -7.500  -0.3346   0.11605   0.10644  -0.0158  1.0000  0.3210  -1.2393   0.0000   0.0000   0.0000   0.1977
  -7.000  -0.3339   0.11129   0.10190  -0.0129  1.0000  0.3455  -1.2459   0.0000   0.0000   0.0000   0.2066
  -6.500  -0.3378   0.10693   0.09780  -0.0091  1.0000  0.3719  -1.2550   0.0000   0.0000   0.0000   0.2187
  -6.000  -0.3343   0.10148   0.09256  -0.0049  1.0000  0.4064  -1.2478   0.0000   0.0000   0.0000   0.2314
  -5.500  -0.3326   0.09623   0.08754   0.0002  1.0000  0.4503  -1.2384   0.0000   0.0000   0.0000   0.2470
  -5.000  -0.3319   0.09114   0.08260   0.0068  1.0000  0.5131  -1.2236   0.0000   0.0000   0.0000   0.2670
  -4.500  -0.1670   0.06895   0.05987   0.0018  1.0000  0.8560  -1.0051   0.0000   0.0000   0.0000   0.2541
  -3.000  -0.1756   0.06227   0.05328  -0.0566  1.0000  0.1936  -1.5650   0.0000   0.0000   0.0000  -0.0761
  -2.500  -0.0688   0.05182   0.04196  -0.0782  1.0000  0.1726  -1.6067   0.0000   0.0000   0.0000  -0.8964
  -2.000   0.0240   0.04471   0.03405  -0.0912  1.0000  0.1930  -1.5942   0.0000   0.0000   0.0000   4.0721
  -1.500   0.1244   0.03899   0.02707  -0.1028  1.0000  0.2312  -1.5371   0.0000   0.0000   0.0000   1.0805
  -1.000   0.2024   0.03589   0.02314  -0.1079  1.0000  0.2988  -1.3571   0.0000   0.0000   0.0000   0.7848
  -0.500   0.2704   0.03368   0.02084  -0.1103  1.0000  0.4265  -1.1348   0.0000   0.0000   0.0000   0.6586
   0.000   0.3040   0.03027   0.01929  -0.1039  1.0000  0.8299  -0.9926   0.0000   0.0000   0.0000   0.5917
   1.000   0.4089   0.03339   0.01985  -0.1086  1.0000  1.0000  -0.5535   0.0000   0.0000   0.0000   0.5140
   1.500   0.4515   0.03547   0.02146  -0.1091  1.0000  1.0000  -0.5911   0.0000   0.0000   0.0000   0.4897
   2.000   0.4906   0.03792   0.02363  -0.1097  1.0000  1.0000  -0.6298   0.0000   0.0000   0.0000   0.4711
   2.500   0.5263   0.04078   0.02634  -0.1105  1.0000  1.0000  -0.6686   0.0000   0.0000   0.0000   0.4568
   3.000   0.5589   0.04408   0.02959  -0.1114  1.0000  1.0000  -0.7073   0.0000   0.0000   0.0000   0.4457
   3.500   0.6543   0.04825   0.03380  -0.1233  0.9524  1.0000  -0.8089   0.0000   0.0000   0.0000   0.4344
   4.000   0.7369   0.05143   0.03718  -0.1312  0.9028  1.0000  -0.9135   0.0000   0.0000   0.0000   0.4236
   4.500   0.8144   0.05409   0.04013  -0.1368  0.8518  1.0000  -1.0293   0.0000   0.0000   0.0000   0.4131
   5.000   0.8875   0.05629   0.04275  -0.1402  0.7990  1.0000  -1.1578   0.0000   0.0000   0.0000   0.4027
   5.500   0.9561   0.05807   0.04506  -0.1414  0.7445  1.0000  -1.3323   0.0000   0.0000   0.0000   0.3921
   6.000   1.0240   0.05915   0.04669  -0.1406  0.6877  1.0000  -1.5193   0.0000   0.0000   0.0000   0.3810
   6.500   1.1038   0.05838   0.04670  -0.1379  0.6275  1.0000  -1.8773   0.0000   0.0000   0.0000   0.3681
   7.000   1.1797   0.05734   0.04633  -0.1333  0.5600  1.0000  -2.2597   0.0000   0.0000   0.0000   0.3555
   7.500   1.2576   0.05595   0.04545  -0.1273  0.4845  1.0000  -2.7175   0.0000   0.0000   0.0000   0.3431
   8.000   1.3154   0.05690   0.04686  -0.1209  0.4096  1.0000  -3.1107   0.0000   0.0000   0.0000   0.3331
   8.500   1.3382   0.06124   0.05149  -0.1143  0.3502  1.0000  -3.3364   0.0000   0.0000   0.0000   0.3259
   9.000   1.3705   0.06499   0.05530  -0.1079  0.2904  1.0000  -3.5937   0.0000   0.0000   0.0000   0.3184
  10.000   1.3388   0.08108   0.07211  -0.0962  0.2349  1.0000  -3.6220   0.0000   0.0000   0.0000   0.3104
  10.500   1.2739   0.09532   0.08664  -0.0960  0.2350  1.0000  -3.3959   0.0000   0.0000   0.0000   0.3135
  11.000   1.2111   0.11369   0.10501  -0.1031  0.2366  1.0000  -3.1087   0.0000   0.0000   0.0000   0.3228
  11.500   1.1575   0.13385   0.12497  -0.1145  0.2379  1.0000  -2.7920   0.0000   0.0000   0.0000   0.3364
  12.000   1.1339   0.14824   0.13926  -0.1215  0.2321  1.0000  -2.6250   0.0000   0.0000   0.0000   0.3441
  12.500   1.1315   0.16007   0.15112  -0.1258  0.2246  1.0000  -2.5467   0.0000   0.0000   0.0000   0.3476
  13.000   1.1268   0.17076   0.16181  -0.1305  0.2127  1.0000  -2.4597   0.0000   0.0000   0.0000   0.3517
  13.500   1.1236   0.18231   0.17335  -0.1368  0.2107  1.0000  -2.3396   0.0000   0.0000   0.0000   0.3570
  14.000   1.1287   0.19410   0.18518  -0.1429  0.2163  1.0000  -2.2463   0.0000   0.0000   0.0000   0.3613
  14.500   1.1299   0.20398   0.19504  -0.1492  0.2186  1.0000  -2.1568   0.0000   0.0000   0.0000   0.3662
  15.000   0.8386   0.19868   0.19019  -0.1223  0.3588  1.0000  -1.3775   0.0000   0.0000   0.0000   0.3816
  15.500   0.8452   0.20600   0.19763  -0.1234  0.3457  1.0000  -1.3403   0.0000   0.0000   0.0000   0.3811
  16.000   0.8433   0.21067   0.20251  -0.1241  0.3270  1.0000  -1.3008   0.0000   0.0000   0.0000   0.3818
  16.500   0.8469   0.21650   0.20842  -0.1249  0.3063  1.0000  -1.2868   0.0000   0.0000   0.0000   0.3814
  17.000   0.8513   0.22290   0.21490  -0.1261  0.2938  1.0000  -1.2691   0.0000   0.0000   0.0000   0.3814
  17.500   0.8579   0.22978   0.22184  -0.1271  0.2786  1.0000  -1.2599   0.0000   0.0000   0.0000   0.3809
  18.000   0.8592   0.23487   0.22700  -0.1284  0.2621  1.0000  -1.2355   0.0000   0.0000   0.0000   0.3814
  18.500   0.8635   0.24117   0.23338  -0.1298  0.2508  1.0000  -1.2226   0.0000   0.0000   0.0000   0.3816
  19.000   0.8668   0.24742   0.23970  -0.1315  0.2420  1.0000  -1.2230   0.0000   0.0000   0.0000   0.3822
  19.500   0.8715   0.25408   0.24642  -0.1331  0.2333  1.0000  -1.2252   0.0000   0.0000   0.0000   0.3825
  20.000   0.8779   0.26133   0.25376  -0.1346  0.2244  1.0000  -1.2306   0.0000   0.0000   0.0000   0.3823


