xflr5 v6.61

 Calculated polar for: BLD_75

 1 1 Reynolds number fixed          Mach number fixed         

 xtrf =   1.000 (top)        1.000 (bottom)
 Mach =   0.200     Re =     0.080 e 6     Ncrit =   7.000

  alpha     CL        CD       CDp       Cm    Top Xtr Bot Xtr   Cpmin    Chinge    XCp    
 ------- -------- --------- --------- -------- ------- ------- -------- --------- ---------
 -23.500  -0.4877   0.24785   0.24226   0.0127  1.0000  0.0226  -1.0029   0.0000   0.0000   0.0000   0.2689
 -23.000  -0.4780   0.24148   0.23586   0.0107  1.0000  0.0234  -0.9468   0.0000   0.0000   0.0000   0.2655
 -22.500  -0.4690   0.23648   0.23083   0.0083  1.0000  0.0243  -0.9173   0.0000   0.0000   0.0000   0.2612
 -22.000  -0.4601   0.23169   0.22601   0.0059  1.0000  0.0253  -0.8949   0.0000   0.0000   0.0000   0.2565
 -21.500  -0.4512   0.22706   0.22135   0.0034  1.0000  0.0265  -0.8915   0.0000   0.0000   0.0000   0.2516
 -21.000  -0.4430   0.22330   0.21758   0.0007  1.0000  0.0279  -0.9427   0.0000   0.0000   0.0000   0.2457
 -20.500  -0.4398   0.22302   0.21728  -0.0026  1.0000  0.0285  -1.0484   0.0000   0.0000   0.0000   0.2384
 -20.000  -0.4275   0.21486   0.20910  -0.0042  1.0000  0.0291  -1.0323   0.0000   0.0000   0.0000   0.2345
 -19.500  -0.4164   0.20872   0.20293  -0.0058  1.0000  0.0303  -0.9991   0.0000   0.0000   0.0000   0.2307
 -19.000  -0.4071   0.20409   0.19828  -0.0077  1.0000  0.0318  -1.0008   0.0000   0.0000   0.0000   0.2257
 -18.500  -0.3983   0.19972   0.19390  -0.0097  1.0000  0.0334  -1.0141   0.0000   0.0000   0.0000   0.2204
 -18.000  -0.3898   0.19555   0.18972  -0.0118  1.0000  0.0351  -1.0348   0.0000   0.0000   0.0000   0.2147
 -17.500  -0.3824   0.19193   0.18608  -0.0140  1.0000  0.0366  -1.0712   0.0000   0.0000   0.0000   0.2084
 -17.000  -0.3779   0.18971   0.18382  -0.0164  1.0000  0.0373  -1.1317   0.0000   0.0000   0.0000   0.2015
 -16.500  -0.3771   0.18887   0.18298  -0.0189  1.0000  0.0375  -1.2036   0.0000   0.0000   0.0000   0.1950
 -16.000  -0.3609   0.17992   0.17405  -0.0193  1.0000  0.0386  -1.1136   0.0000   0.0000   0.0000   0.1914
 -15.500  -0.3522   0.17550   0.16961  -0.0204  1.0000  0.0407  -1.0726   0.0000   0.0000   0.0000   0.1871
 -15.000  -0.3463   0.17211   0.16623  -0.0217  1.0000  0.0434  -1.0663   0.0000   0.0000   0.0000   0.1821
 -14.500  -0.3446   0.17008   0.16420  -0.0238  1.0000  0.0457  -1.1145   0.0000   0.0000   0.0000   0.1757
 -11.000  -0.3952   0.14144   0.13536  -0.0280  1.0000  0.0559  -1.5953   0.0000   0.0000   0.0000   0.1733
 -10.500  -0.3715   0.13116   0.12511  -0.0266  1.0000  0.0584  -1.4810   0.0000   0.0000   0.0000   0.1722
 -10.000  -0.3609   0.12522   0.11923  -0.0276  1.0000  0.0620  -1.4712   0.0000   0.0000   0.0000   0.1676
  -9.500  -0.3599   0.12099   0.11512  -0.0302  1.0000  0.0653  -1.5534   0.0000   0.0000   0.0000   0.1607
  -9.000  -0.3529   0.11458   0.10882  -0.0307  1.0000  0.0672  -1.5584   0.0000   0.0000   0.0000   0.1580
  -8.500  -0.3438   0.10889   0.10322  -0.0300  1.0000  0.0730  -1.5098   0.0000   0.0000   0.0000   0.1577
  -8.000  -0.3616   0.10690   0.10146  -0.0316  1.0000  0.0756  -1.6514   0.0000   0.0000   0.0000   0.1585
  -7.500  -0.3453   0.09904   0.09367  -0.0286  1.0000  0.0797  -1.5319   0.0000   0.0000   0.0000   0.1633
  -7.000  -0.3563   0.09535   0.09017  -0.0260  1.0000  0.0837  -1.5536   0.0000   0.0000   0.0000   0.1737
  -6.500  -0.3717   0.09249   0.08752  -0.0323  1.0000  0.0865  -1.7306   0.0000   0.0000   0.0000   0.1603
  -6.000  -0.3633   0.08557   0.08071  -0.0254  1.0000  0.0901  -1.5833   0.0000   0.0000   0.0000   0.1776
  -5.500  -0.3512   0.08021   0.07539  -0.0380  1.0000  0.0972  -1.7275   0.0000   0.0000   0.0000   0.1395
  -5.000  -0.3442   0.07404   0.06929  -0.0308  1.0000  0.1014  -1.6009   0.0000   0.0000   0.0000   0.1584
  -4.500  -0.3164   0.06708   0.06229  -0.0381  1.0000  0.1101  -1.6404   0.0000   0.0000   0.0000   0.1276
  -4.000  -0.2823   0.06051   0.05565  -0.0431  1.0000  0.1226  -1.6173   0.0000   0.0000   0.0000   0.0951
  -3.500  -0.1807   0.04500   0.03913  -0.0660  1.0000  0.0752  -2.0222   0.0000   0.0000   0.0000  -0.1188
  -3.000  -0.0941   0.03424   0.02737  -0.0771  0.9998  0.0606  -2.1458   0.0000   0.0000   0.0000  -0.5767
  -2.500   0.0134   0.02660   0.01805  -0.0886  0.9944  0.0622  -2.0814   0.0000   0.0000   0.0000   6.8943
  -2.000   0.1079   0.02351   0.01405  -0.0962  0.9848  0.0873  -1.8235   0.0000   0.0000   0.0000   1.1473
  -1.500   0.1954   0.02174   0.01222  -0.1026  0.9721  0.1338  -1.4628   0.0000   0.0000   0.0000   0.7774
  -1.000   0.2835   0.02043   0.01115  -0.1091  0.9592  0.2400  -1.1012   0.0000   0.0000   0.0000   0.6357
  -0.500   0.3500   0.01790   0.01064  -0.1105  0.9416  1.0000  -0.7882   0.0000   0.0000   0.0000   0.5657
   0.000   0.4291   0.01810   0.01019  -0.1147  0.9210  1.0000  -0.5629   0.0000   0.0000   0.0000   0.5169
   0.500   0.5061   0.01813   0.00988  -0.1183  0.8998  1.0000  -0.6151   0.0000   0.0000   0.0000   0.4829
   1.000   0.5819   0.01801   0.00956  -0.1214  0.8785  1.0000  -0.6713   0.0000   0.0000   0.0000   0.4572
   1.500   0.6546   0.01777   0.00922  -0.1235  0.8559  1.0000  -0.7315   0.0000   0.0000   0.0000   0.4368
   2.000   0.7205   0.01764   0.00907  -0.1241  0.8292  1.0000  -0.7932   0.0000   0.0000   0.0000   0.4200
   2.500   0.7880   0.01742   0.00885  -0.1248  0.8026  1.0000  -0.8668   0.0000   0.0000   0.0000   0.4057
   3.000   0.8498   0.01743   0.00894  -0.1245  0.7717  1.0000  -0.9632   0.0000   0.0000   0.0000   0.3934
   3.500   0.9098   0.01756   0.00913  -0.1239  0.7391  1.0000  -1.1502   0.0000   0.0000   0.0000   0.3825
   4.000   0.9680   0.01784   0.00953  -0.1228  0.7051  1.0000  -1.4413   0.0000   0.0000   0.0000   0.3728
   4.500   1.0219   0.01832   0.01015  -0.1212  0.6677  1.0000  -1.7702   0.0000   0.0000   0.0000   0.3640
   5.000   1.0746   0.01882   0.01083  -0.1190  0.6265  1.0000  -2.1427   0.0000   0.0000   0.0000   0.3556
   5.500   1.1230   0.01931   0.01141  -0.1158  0.5750  1.0000  -2.5365   0.0000   0.0000   0.0000   0.3474
   6.000   1.1629   0.01989   0.01203  -0.1111  0.5032  1.0000  -2.9674   0.0000   0.0000   0.0000   0.3392
   6.500   1.1954   0.02086   0.01293  -0.1055  0.4047  1.0000  -3.3715   0.0000   0.0000   0.0000   0.3313
   7.000   1.2027   0.02428   0.01495  -0.0975  0.1778  1.0000  -3.6367   0.0000   0.0000   0.0000   0.3234
   7.500   1.2094   0.02923   0.01923  -0.0903  0.0865  1.0000  -3.8005   0.0000   0.0000   0.0000   0.3164
   8.000   1.2249   0.03323   0.02326  -0.0838  0.0672  1.0000  -4.0129   0.0000   0.0000   0.0000   0.3096
   8.500   1.2494   0.03699   0.02710  -0.0790  0.0538  1.0000  -4.3622   0.0000   0.0000   0.0000   0.3038
   9.000   1.2988   0.04233   0.03275  -0.0771  0.0473  1.0000  -4.7338   0.0000   0.0000   0.0000   0.2992
   9.500   1.3400   0.04859   0.03946  -0.0748  0.0430  1.0000  -5.0580   0.0000   0.0000   0.0000   0.2951
  10.000   1.3480   0.05505   0.04679  -0.0692  0.0395  1.0000  -5.1909   0.0000   0.0000   0.0000   0.2899
  10.500   1.3352   0.06157   0.05410  -0.0621  0.0380  1.0000  -5.2142   0.0000   0.0000   0.0000   0.2846
  11.000   1.3086   0.06905   0.06225  -0.0563  0.0378  1.0000  -5.1627   0.0000   0.0000   0.0000   0.2805
  11.500   1.2727   0.07790   0.07167  -0.0536  0.0379  1.0000  -5.0578   0.0000   0.0000   0.0000   0.2789
  12.000   1.2311   0.08877   0.08304  -0.0551  0.0383  1.0000  -4.9004   0.0000   0.0000   0.0000   0.2808
  12.500   1.1869   0.10230   0.09696  -0.0613  0.0389  1.0000  -4.6812   0.0000   0.0000   0.0000   0.2871
  13.000   1.1441   0.11883   0.11376  -0.0718  0.0398  1.0000  -4.3836   0.0000   0.0000   0.0000   0.2976
  13.500   1.1113   0.13700   0.13203  -0.0838  0.0408  1.0000  -4.0322   0.0000   0.0000   0.0000   0.3099
  14.000   1.0971   0.15279   0.14781  -0.0928  0.0417  1.0000  -3.7606   0.0000   0.0000   0.0000   0.3187
  14.500   1.0740   0.17824   0.17315  -0.1097  0.0478  1.0000  -2.9354   0.0000   0.0000   0.0000   0.3365
  15.000   1.0834   0.18837   0.18326  -0.1138  0.0507  1.0000  -2.8698   0.0000   0.0000   0.0000   0.3387


