xflr5 v6.61

 Calculated polar for: BLD_100

 1 1 Reynolds number fixed          Mach number fixed         

 xtrf =   1.000 (top)        1.000 (bottom)
 Mach =   0.200     Re =     0.125 e 6     Ncrit =   9.000

  alpha     CL        CD       CDp       Cm    Top Xtr Bot Xtr   Cpmin    Chinge    XCp    
 ------- -------- --------- --------- -------- ------- ------- -------- --------- ---------
 -17.500  -0.4076   0.19220   0.18763  -0.0054  1.0000  0.0265  -1.1160   0.0000   0.0000   0.0000   0.2319
 -17.000  -0.3983   0.18761   0.18301  -0.0072  1.0000  0.0278  -1.0963   0.0000   0.0000   0.0000   0.2272
 -16.500  -0.3899   0.18339   0.17878  -0.0092  1.0000  0.0292  -1.0968   0.0000   0.0000   0.0000   0.2219
 -16.000  -0.3824   0.17952   0.17490  -0.0112  1.0000  0.0311  -1.1148   0.0000   0.0000   0.0000   0.2161
 -15.500  -0.3805   0.17813   0.17351  -0.0140  1.0000  0.0325  -1.2039   0.0000   0.0000   0.0000   0.2087
 -15.000  -0.3868   0.17917   0.17455  -0.0167  1.0000  0.0328  -1.3234   0.0000   0.0000   0.0000   0.2022
 -14.500  -0.3661   0.16825   0.16363  -0.0168  1.0000  0.0340  -1.1941   0.0000   0.0000   0.0000   0.1994
 -14.000  -0.3577   0.16314   0.15850  -0.0178  1.0000  0.0357  -1.1682   0.0000   0.0000   0.0000   0.1956
 -13.500  -0.3518   0.15835   0.15371  -0.0191  1.0000  0.0376  -1.1896   0.0000   0.0000   0.0000   0.1910
 -13.000  -0.3469   0.15348   0.14884  -0.0208  1.0000  0.0398  -1.2353   0.0000   0.0000   0.0000   0.1854
 -12.500  -0.3482   0.14997   0.14535  -0.0235  1.0000  0.0412  -1.3515   0.0000   0.0000   0.0000   0.1779
 -12.000  -0.3564   0.14735   0.14277  -0.0267  1.0000  0.0416  -1.4985   0.0000   0.0000   0.0000   0.1706
 -11.500  -0.3309   0.13617   0.13159  -0.0256  1.0000  0.0435  -1.3522   0.0000   0.0000   0.0000   0.1680
 -11.000  -0.3212   0.12996   0.12540  -0.0265  1.0000  0.0468  -1.3158   0.0000   0.0000   0.0000   0.1631
 -10.500  -0.3177   0.12451   0.11999  -0.0288  1.0000  0.0503  -1.3733   0.0000   0.0000   0.0000   0.1550
 -10.000  -0.3277   0.12115   0.11672  -0.0332  1.0000  0.0513  -1.5438   0.0000   0.0000   0.0000   0.1449
  -9.750  -0.3823   0.12009   0.11541  -0.0259  1.0000  0.0508  -1.6277   0.0000   0.0000   0.0000   0.1773
  -9.500  -0.3059   0.11109   0.10669  -0.0315  1.0000  0.0534  -1.4035   0.0000   0.0000   0.0000   0.1432
  -9.250  -0.3879   0.11704   0.11249  -0.0324  1.0000  0.0515  -1.8213   0.0000   0.0000   0.0000   0.1621
  -9.000  -0.2970   0.10471   0.10036  -0.0316  1.0000  0.0568  -1.3537   0.0000   0.0000   0.0000   0.1397
  -8.750  -0.3602   0.10621   0.10165  -0.0285  1.0000  0.0544  -1.5822   0.0000   0.0000   0.0000   0.1662
  -8.500  -0.2980   0.09927   0.09502  -0.0330  1.0000  0.0605  -1.4008   0.0000   0.0000   0.0000   0.1358
  -8.000  -0.3194   0.09628   0.09221  -0.0350  1.0000  0.0617  -1.5768   0.0000   0.0000   0.0000   0.1379
  -7.500  -0.3077   0.08785   0.08385  -0.0314  1.0000  0.0638  -1.4949   0.0000   0.0000   0.0000   0.1454
  -7.000  -0.3156   0.08327   0.07940  -0.0274  1.0000  0.0668  -1.4788   0.0000   0.0000   0.0000   0.1609
  -6.750  -0.3707   0.08624   0.08223  -0.0281  1.0000  0.0644  -1.7109   0.0000   0.0000   0.0000   0.1714
  -6.500  -0.3396   0.08006   0.07636  -0.0230  1.0000  0.0694  -1.5303   0.0000   0.0000   0.0000   0.1807
  -6.250  -0.3734   0.08159   0.07767  -0.0268  1.0000  0.0680  -1.7078   0.0000   0.0000   0.0000   0.1758
  -6.000  -0.3598   0.07636   0.07278  -0.0278  1.0000  0.0722  -1.7132   0.0000   0.0000   0.0000   0.1716
  -5.500  -0.3611   0.06985   0.06637  -0.0239  1.0000  0.0749  -1.6577   0.0000   0.0000   0.0000   0.1827
  -5.250  -0.3641   0.07034   0.06654  -0.0311  1.0000  0.0771  -1.7698   0.0000   0.0000   0.0000   0.1626
  -4.750  -0.3373   0.06299   0.05909  -0.0392  1.0000  0.0853  -1.8316   0.0000   0.0000   0.0000   0.1318
  -4.500  -0.3284   0.06045   0.05656  -0.0382  1.0000  0.0885  -1.7639   0.0000   0.0000   0.0000   0.1318
  -4.250  -0.3002   0.05589   0.05178  -0.0459  1.0000  0.0959  -1.8230   0.0000   0.0000   0.0000   0.0953
  -4.000  -0.2806   0.05298   0.04889  -0.0463  0.9983  0.1003  -1.7145   0.0000   0.0000   0.0000   0.0830
  -3.250  -0.1048   0.03212   0.02591  -0.0753  0.9872  0.0723  -2.0902   0.0000   0.0000   0.0000  -0.4749
  -3.000  -0.0616   0.02786   0.02132  -0.0793  0.9830  0.0681  -2.0501   0.0000   0.0000   0.0000  -1.0472
  -2.750  -0.0124   0.02446   0.01714  -0.0834  0.9798  0.0689  -2.0182   0.0000   0.0000   0.0000  -6.5109
  -2.500   0.0359   0.02229   0.01413  -0.0868  0.9760  0.0727  -1.9292   0.0000   0.0000   0.0000   2.6839
  -2.250   0.0785   0.02062   0.01234  -0.0897  0.9702  0.0807  -1.7680   0.0000   0.0000   0.0000   1.4007
  -2.000   0.1243   0.01949   0.01096  -0.0929  0.9654  0.0944  -1.6086   0.0000   0.0000   0.0000   1.0020
  -1.750   0.1657   0.01849   0.01001  -0.0956  0.9583  0.1141  -1.4264   0.0000   0.0000   0.0000   0.8297
  -1.500   0.2076   0.01766   0.00930  -0.0983  0.9513  0.1470  -1.2583   0.0000   0.0000   0.0000   0.7255
  -1.250   0.2526   0.01681   0.00872  -0.1017  0.9454  0.2115  -1.0787   0.0000   0.0000   0.0000   0.6538
  -1.000   0.2916   0.01593   0.00838  -0.1040  0.9370  0.3308  -0.9132   0.0000   0.0000   0.0000   0.6076
  -0.750   0.3293   0.01396   0.00803  -0.1049  0.9323  1.0000  -0.7579   0.0000   0.0000   0.0000   0.5690
  -0.500   0.3710   0.01391   0.00768  -0.1073  0.9232  1.0000  -0.5984   0.0000   0.0000   0.0000   0.5393
  -0.250   0.4090   0.01384   0.00742  -0.1089  0.9131  1.0000  -0.5639   0.0000   0.0000   0.0000   0.5161
   0.000   0.4458   0.01374   0.00717  -0.1102  0.9028  1.0000  -0.5879   0.0000   0.0000   0.0000   0.4968
   0.250   0.4813   0.01362   0.00693  -0.1112  0.8922  1.0000  -0.6117   0.0000   0.0000   0.0000   0.4803
   0.500   0.5155   0.01349   0.00671  -0.1118  0.8811  1.0000  -0.6356   0.0000   0.0000   0.0000   0.4660
   0.750   0.5485   0.01336   0.00650  -0.1121  0.8696  1.0000  -0.6595   0.0000   0.0000   0.0000   0.4533
   1.000   0.5803   0.01324   0.00631  -0.1122  0.8576  1.0000  -0.6835   0.0000   0.0000   0.0000   0.4420
   1.250   0.6113   0.01313   0.00614  -0.1120  0.8451  1.0000  -0.7076   0.0000   0.0000   0.0000   0.4318
   1.500   0.6417   0.01303   0.00600  -0.1118  0.8324  1.0000  -0.7322   0.0000   0.0000   0.0000   0.4225
   1.750   0.6688   0.01307   0.00600  -0.1110  0.8166  1.0000  -0.7553   0.0000   0.0000   0.0000   0.4141
   2.000   0.6973   0.01308   0.00596  -0.1105  0.8021  1.0000  -0.7805   0.0000   0.0000   0.0000   0.4064
   2.250   0.7261   0.01309   0.00595  -0.1100  0.7882  1.0000  -0.8070   0.0000   0.0000   0.0000   0.3992
   2.500   0.7531   0.01321   0.00605  -0.1093  0.7724  1.0000  -0.8333   0.0000   0.0000   0.0000   0.3927
   2.750   0.7807   0.01334   0.00615  -0.1087  0.7573  1.0000  -0.8617   0.0000   0.0000   0.0000   0.3866
   3.000   0.8087   0.01347   0.00628  -0.1082  0.7432  1.0000  -0.9608   0.0000   0.0000   0.0000   0.3809
   3.250   0.8356   0.01369   0.00651  -0.1075  0.7280  1.0000  -1.0854   0.0000   0.0000   0.0000   0.3756
   3.500   0.8626   0.01391   0.00675  -0.1070  0.7132  1.0000  -1.2238   0.0000   0.0000   0.0000   0.3707
   3.750   0.8900   0.01414   0.00700  -0.1064  0.6992  1.0000  -1.3785   0.0000   0.0000   0.0000   0.3660
   4.000   0.9174   0.01439   0.00729  -0.1058  0.6856  1.0000  -1.5458   0.0000   0.0000   0.0000   0.3616
   4.250   0.9436   0.01470   0.00768  -0.1052  0.6705  1.0000  -1.7305   0.0000   0.0000   0.0000   0.3574
   4.500   0.9703   0.01499   0.00804  -0.1045  0.6558  1.0000  -1.9384   0.0000   0.0000   0.0000   0.3534
   4.750   0.9957   0.01515   0.00826  -0.1033  0.6358  1.0000  -2.1509   0.0000   0.0000   0.0000   0.3492
   5.000   1.0180   0.01506   0.00810  -0.1009  0.6014  1.0000  -2.3632   0.0000   0.0000   0.0000   0.3444
   5.250   1.0398   0.01511   0.00811  -0.0988  0.5657  1.0000  -2.5776   0.0000   0.0000   0.0000   0.3399
   5.500   1.0619   0.01530   0.00833  -0.0970  0.5319  1.0000  -2.8176   0.0000   0.0000   0.0000   0.3359
   5.750   1.0822   0.01555   0.00857  -0.0948  0.4879  1.0000  -3.0499   0.0000   0.0000   0.0000   0.3319
   6.000   1.0971   0.01605   0.00888  -0.0917  0.4038  1.0000  -3.2451   0.0000   0.0000   0.0000   0.3276
   6.250   1.0863   0.01949   0.01046  -0.0860  0.1294  1.0000  -3.2820   0.0000   0.0000   0.0000   0.3228
   6.500   1.0920   0.02193   0.01248  -0.0825  0.0854  1.0000  -3.3642   0.0000   0.0000   0.0000   0.3190
   6.750   1.1038   0.02358   0.01415  -0.0797  0.0706  1.0000  -3.4912   0.0000   0.0000   0.0000   0.3154
   7.000   1.1148   0.02539   0.01595  -0.0768  0.0632  1.0000  -3.6342   0.0000   0.0000   0.0000   0.3118
   7.250   1.1292   0.02720   0.01769  -0.0746  0.0567  1.0000  -3.8011   0.0000   0.0000   0.0000   0.3087
   7.500   1.1493   0.02910   0.01968  -0.0729  0.0518  1.0000  -3.9651   0.0000   0.0000   0.0000   0.3057
   7.750   1.1732   0.03125   0.02183  -0.0718  0.0480  1.0000  -4.1491   0.0000   0.0000   0.0000   0.3033
   8.000   1.1997   0.03392   0.02465  -0.0711  0.0444  1.0000  -4.3145   0.0000   0.0000   0.0000   0.3010
   8.250   1.2256   0.03663   0.02770  -0.0701  0.0428  1.0000  -4.4359   0.0000   0.0000   0.0000   0.2986
   8.500   1.2484   0.03981   0.03128  -0.0686  0.0422  1.0000  -4.5193   0.0000   0.0000   0.0000   0.2961
   8.750   1.2658   0.04309   0.03498  -0.0667  0.0415  1.0000  -4.6265   0.0000   0.0000   0.0000   0.2935
   9.000   1.2785   0.04622   0.03848  -0.0645  0.0403  1.0000  -4.7424   0.0000   0.0000   0.0000   0.2910
   9.250   1.2865   0.04985   0.04255  -0.0618  0.0401  1.0000  -4.7965   0.0000   0.0000   0.0000   0.2883
   9.500   1.2875   0.05430   0.04755  -0.0584  0.0418  1.0000  -4.7518   0.0000   0.0000   0.0000   0.2854
   9.750   1.2853   0.05877   0.05242  -0.0553  0.0433  1.0000  -4.7255   0.0000   0.0000   0.0000   0.2828
  10.000   1.2839   0.06356   0.05747  -0.0529  0.0449  1.0000  -4.7297   0.0000   0.0000   0.0000   0.2807
  10.250   1.2611   0.06770   0.06224  -0.0477  0.0500  1.0000  -4.5099   0.0000   0.0000   0.0000   0.2772
  10.500   1.2405   0.07227   0.06709  -0.0445  0.0527  1.0000  -4.4075   0.0000   0.0000   0.0000   0.2750


