xflr5 v6.61

 Calculated polar for: BLD_75

 1 1 Reynolds number fixed          Mach number fixed         

 xtrf =   1.000 (top)        1.000 (bottom)
 Mach =   0.200     Re =     0.090 e 6     Ncrit =   9.000

  alpha     CL        CD       CDp       Cm    Top Xtr Bot Xtr   Cpmin    Chinge    XCp    
 ------- -------- --------- --------- -------- ------- ------- -------- --------- ---------
 -20.000  -0.4251   0.21319   0.20775  -0.0038  1.0000  0.0300  -0.9670   0.0000   0.0000   0.0000   0.2355
 -19.500  -0.4156   0.20836   0.20290  -0.0057  1.0000  0.0316  -0.9609   0.0000   0.0000   0.0000   0.2308
 -19.000  -0.4066   0.20390   0.19843  -0.0078  1.0000  0.0331  -0.9756   0.0000   0.0000   0.0000   0.2256
 -18.500  -0.3979   0.19963   0.19414  -0.0099  1.0000  0.0349  -0.9990   0.0000   0.0000   0.0000   0.2200
 -18.000  -0.3901   0.19585   0.19035  -0.0121  1.0000  0.0365  -1.0381   0.0000   0.0000   0.0000   0.2139
 -17.500  -0.3854   0.19383   0.18832  -0.0147  1.0000  0.0373  -1.1089   0.0000   0.0000   0.0000   0.2067
 -17.000  -0.3857   0.19383   0.18832  -0.0174  1.0000  0.0375  -1.1969   0.0000   0.0000   0.0000   0.2000
 -16.500  -0.3675   0.18355   0.17801  -0.0177  1.0000  0.0388  -1.0958   0.0000   0.0000   0.0000   0.1967
 -16.000  -0.3585   0.17908   0.17353  -0.0189  1.0000  0.0406  -1.0630   0.0000   0.0000   0.0000   0.1921
 -15.500  -0.3516   0.17539   0.16985  -0.0204  1.0000  0.0426  -1.0557   0.0000   0.0000   0.0000   0.1870
 -15.000  -0.3471   0.17251   0.16696  -0.0220  1.0000  0.0448  -1.0726   0.0000   0.0000   0.0000   0.1815
 -14.500  -0.3506   0.17233   0.16679  -0.0245  1.0000  0.0460  -1.1583   0.0000   0.0000   0.0000   0.1750
 -14.000  -0.3377   0.16444   0.15892  -0.0249  1.0000  0.0476  -1.0879   0.0000   0.0000   0.0000   0.1712
 -13.500  -0.3292   0.15914   0.15363  -0.0254  1.0000  0.0505  -1.0689   0.0000   0.0000   0.0000   0.1677
 -13.000  -0.3243   0.15451   0.14901  -0.0265  1.0000  0.0534  -1.1046   0.0000   0.0000   0.0000   0.1630
 -12.500  -0.3262   0.15139   0.14591  -0.0286  1.0000  0.0555  -1.2026   0.0000   0.0000   0.0000   0.1573
 -12.000  -0.3376   0.14997   0.14456  -0.0313  1.0000  0.0560  -1.3458   0.0000   0.0000   0.0000   0.1527
 -11.500  -0.3088   0.13839   0.13295  -0.0293  1.0000  0.0594  -1.2035   0.0000   0.0000   0.0000   0.1500
 -11.000  -0.3034   0.13291   0.12751  -0.0301  1.0000  0.0630  -1.2228   0.0000   0.0000   0.0000   0.1460
 -10.500  -0.3084   0.12925   0.12393  -0.0322  1.0000  0.0655  -1.3259   0.0000   0.0000   0.0000   0.1412
 -10.000  -0.2987   0.12179   0.11655  -0.0319  1.0000  0.0674  -1.3090   0.0000   0.0000   0.0000   0.1388
  -9.750  -0.3721   0.12576   0.12023  -0.0312  1.0000  0.0658  -1.5923   0.0000   0.0000   0.0000   0.1609
  -9.500  -0.3628   0.12086   0.11536  -0.0306  1.0000  0.0666  -1.5598   0.0000   0.0000   0.0000   0.1602
  -9.250  -0.3510   0.11646   0.11097  -0.0293  1.0000  0.0687  -1.4827   0.0000   0.0000   0.0000   0.1610
  -9.000  -0.3467   0.11365   0.10820  -0.0294  1.0000  0.0709  -1.4700   0.0000   0.0000   0.0000   0.1600
  -8.750  -0.3454   0.11129   0.10589  -0.0298  1.0000  0.0734  -1.4848   0.0000   0.0000   0.0000   0.1586
  -8.500  -0.3513   0.11015   0.10484  -0.0311  1.0000  0.0751  -1.5511   0.0000   0.0000   0.0000   0.1567
  -8.250  -0.3632   0.10972   0.10454  -0.0322  1.0000  0.0757  -1.6385   0.0000   0.0000   0.0000   0.1572
  -8.000  -0.3437   0.10352   0.09833  -0.0298  1.0000  0.0785  -1.5112   0.0000   0.0000   0.0000   0.1589
  -7.750  -0.3414   0.10100   0.09586  -0.0289  1.0000  0.0816  -1.4868   0.0000   0.0000   0.0000   0.1611
  -7.500  -0.3467   0.09929   0.09425  -0.0283  1.0000  0.0843  -1.5104   0.0000   0.0000   0.0000   0.1644
  -7.250  -0.3613   0.09866   0.09374  -0.0273  1.0000  0.0857  -1.5723   0.0000   0.0000   0.0000   0.1709
  -7.000  -0.3741   0.09792   0.09314  -0.0294  1.0000  0.0863  -1.6658   0.0000   0.0000   0.0000   0.1683
  -6.750  -0.3644   0.09318   0.08842  -0.0252  1.0000  0.0885  -1.5640   0.0000   0.0000   0.0000   0.1778
  -6.500  -0.3627   0.09060   0.08590  -0.0236  1.0000  0.0912  -1.5288   0.0000   0.0000   0.0000   0.1820
  -6.250  -0.3650   0.08844   0.08381  -0.0238  1.0000  0.0942  -1.5393   0.0000   0.0000   0.0000   0.1822
  -6.000  -0.3682   0.08692   0.08236  -0.0313  1.0000  0.0969  -1.6624   0.0000   0.0000   0.0000   0.1626
  -5.750  -0.3656   0.08322   0.07873  -0.0282  1.0000  0.0984  -1.6085   0.0000   0.0000   0.0000   0.1705
  -5.500  -0.3618   0.08044   0.07599  -0.0255  1.0000  0.1013  -1.5457   0.0000   0.0000   0.0000   0.1774
  -5.250  -0.3516   0.07772   0.07322  -0.0327  1.0000  0.1072  -1.6067   0.0000   0.0000   0.0000   0.1547
  -5.000  -0.3460   0.07418   0.06972  -0.0323  1.0000  0.1093  -1.5866   0.0000   0.0000   0.0000   0.1545
  -4.750  -0.3395   0.07148   0.06705  -0.0307  1.0000  0.1133  -1.5516   0.0000   0.0000   0.0000   0.1575
  -4.500  -0.3196   0.06758   0.06308  -0.0379  1.0000  0.1200  -1.6013   0.0000   0.0000   0.0000   0.1294
  -4.250  -0.2936   0.06406   0.05942  -0.0453  1.0000  0.1298  -1.6336   0.0000   0.0000   0.0000   0.0938
  -4.000  -0.2896   0.06119   0.05667  -0.0411  1.0000  0.1326  -1.5660   0.0000   0.0000   0.0000   0.1061
  -3.750  -0.2666   0.05774   0.05314  -0.0451  1.0000  0.1428  -1.5564   0.0000   0.0000   0.0000   0.0786
  -2.750  -0.0826   0.03562   0.02914  -0.0763  1.0000  0.0978  -1.8403   0.0000   0.0000   0.0000  -0.6809
  -2.500  -0.0365   0.03085   0.02375  -0.0807  1.0000  0.0835  -1.8766   0.0000   0.0000   0.0000  -1.9777
  -2.250   0.0064   0.02757   0.01971  -0.0840  1.0000  0.0810  -1.8616   0.0000   0.0000   0.0000  13.3808
  -2.000   0.0446   0.02546   0.01694  -0.0861  1.0000  0.0845  -1.8243   0.0000   0.0000   0.0000   2.1936
  -1.750   0.0738   0.02465   0.01594  -0.0871  1.0000  0.0996  -1.7210   0.0000   0.0000   0.0000   1.4369
  -1.500   0.1213   0.02338   0.01433  -0.0907  0.9965  0.1180  -1.6166   0.0000   0.0000   0.0000   1.0014
  -1.250   0.1711   0.02258   0.01355  -0.0952  0.9902  0.1485  -1.4258   0.0000   0.0000   0.0000   0.8085
  -1.000   0.2200   0.02187   0.01291  -0.0994  0.9836  0.1898  -1.2425   0.0000   0.0000   0.0000   0.7032
  -0.750   0.2715   0.02116   0.01252  -0.1042  0.9778  0.2741  -1.0626   0.0000   0.0000   0.0000   0.6345
  -0.500   0.3173   0.01947   0.01230  -0.1079  0.9722  0.6068  -0.8851   0.0000   0.0000   0.0000   0.5903
  -0.250   0.3517   0.01895   0.01199  -0.1083  0.9600  1.0000  -0.7300   0.0000   0.0000   0.0000   0.5580
   0.000   0.3977   0.01920   0.01190  -0.1120  0.9494  1.0000  -0.5442   0.0000   0.0000   0.0000   0.5311
   0.250   0.4375   0.01939   0.01189  -0.1144  0.9363  1.0000  -0.5657   0.0000   0.0000   0.0000   0.5108
   0.500   0.4787   0.01952   0.01186  -0.1169  0.9240  1.0000  -0.5931   0.0000   0.0000   0.0000   0.4933
   0.750   0.5203   0.01958   0.01180  -0.1194  0.9120  1.0000  -0.6219   0.0000   0.0000   0.0000   0.4784
   1.000   0.5620   0.01956   0.01170  -0.1218  0.9003  1.0000  -0.6524   0.0000   0.0000   0.0000   0.4653
   1.250   0.6038   0.01946   0.01153  -0.1240  0.8889  1.0000  -0.6845   0.0000   0.0000   0.0000   0.4537
   1.500   0.6457   0.01928   0.01132  -0.1261  0.8778  1.0000  -0.7184   0.0000   0.0000   0.0000   0.4434
   1.750   0.6856   0.01904   0.01107  -0.1276  0.8665  1.0000  -0.7528   0.0000   0.0000   0.0000   0.4341
   2.000   0.7225   0.01884   0.01089  -0.1285  0.8541  1.0000  -0.7875   0.0000   0.0000   0.0000   0.4257
   2.250   0.7553   0.01873   0.01080  -0.1287  0.8396  1.0000  -0.8218   0.0000   0.0000   0.0000   0.4180
   2.500   0.7910   0.01851   0.01059  -0.1292  0.8265  1.0000  -0.8618   0.0000   0.0000   0.0000   0.4107
   2.750   0.8268   0.01825   0.01037  -0.1297  0.8137  1.0000  -0.9102   0.0000   0.0000   0.0000   0.4040
   3.000   0.8582   0.01818   0.01036  -0.1294  0.7984  1.0000  -0.9671   0.0000   0.0000   0.0000   0.3977
   3.250   0.8900   0.01808   0.01031  -0.1292  0.7831  1.0000  -1.0530   0.0000   0.0000   0.0000   0.3919
   3.500   0.9219   0.01800   0.01026  -0.1289  0.7679  1.0000  -1.1701   0.0000   0.0000   0.0000   0.3863
   3.750   0.9506   0.01807   0.01039  -0.1282  0.7507  1.0000  -1.3130   0.0000   0.0000   0.0000   0.3811
   4.000   0.9796   0.01816   0.01056  -0.1275  0.7337  1.0000  -1.4614   0.0000   0.0000   0.0000   0.3761
   4.250   1.0091   0.01822   0.01067  -0.1268  0.7164  1.0000  -1.6267   0.0000   0.0000   0.0000   0.3714
   4.500   1.0357   0.01841   0.01093  -0.1257  0.6969  1.0000  -1.8067   0.0000   0.0000   0.0000   0.3668
   4.750   1.0625   0.01857   0.01115  -0.1245  0.6765  1.0000  -1.9937   0.0000   0.0000   0.0000   0.3624
   5.000   1.0888   0.01870   0.01139  -0.1231  0.6542  1.0000  -2.1850   0.0000   0.0000   0.0000   0.3580
   5.250   1.1149   0.01879   0.01149  -0.1216  0.6297  1.0000  -2.3826   0.0000   0.0000   0.0000   0.3536
   5.500   1.1378   0.01892   0.01167  -0.1195  0.6006  1.0000  -2.5978   0.0000   0.0000   0.0000   0.3493
   5.750   1.1596   0.01901   0.01176  -0.1171  0.5671  1.0000  -2.8238   0.0000   0.0000   0.0000   0.3449
   6.000   1.1802   0.01917   0.01190  -0.1145  0.5313  1.0000  -3.0482   0.0000   0.0000   0.0000   0.3407
   6.250   1.1975   0.01941   0.01215  -0.1116  0.4882  1.0000  -3.2587   0.0000   0.0000   0.0000   0.3365
   6.500   1.2097   0.01979   0.01243  -0.1079  0.4255  1.0000  -3.4453   0.0000   0.0000   0.0000   0.3322
   6.750   1.2146   0.02079   0.01295  -0.1033  0.3146  1.0000  -3.5860   0.0000   0.0000   0.0000   0.3277
   7.000   1.2067   0.02385   0.01476  -0.0978  0.1629  1.0000  -3.6299   0.0000   0.0000   0.0000   0.3234
   7.250   1.2058   0.02676   0.01723  -0.0933  0.1124  1.0000  -3.6651   0.0000   0.0000   0.0000   0.3195
   7.500   1.2122   0.02901   0.01934  -0.0897  0.0931  1.0000  -3.7295   0.0000   0.0000   0.0000   0.3157
   7.750   1.2240   0.03119   0.02138  -0.0868  0.0819  1.0000  -3.8349   0.0000   0.0000   0.0000   0.3124
   8.000   1.2408   0.03326   0.02338  -0.0849  0.0717  1.0000  -4.0178   0.0000   0.0000   0.0000   0.3096
   8.250   1.2659   0.03561   0.02586  -0.0838  0.0652  1.0000  -4.2017   0.0000   0.0000   0.0000   0.3070
   8.500   1.2995   0.03907   0.02921  -0.0843  0.0608  1.0000  -4.4205   0.0000   0.0000   0.0000   0.3054
   8.750   1.3244   0.04207   0.03269  -0.0829  0.0588  1.0000  -4.5459   0.0000   0.0000   0.0000   0.3028
   9.000   1.3431   0.04525   0.03632  -0.0810  0.0566  1.0000  -4.6517   0.0000   0.0000   0.0000   0.3002
   9.250   1.3601   0.04814   0.03932  -0.0797  0.0528  1.0000  -4.8280   0.0000   0.0000   0.0000   0.2981
   9.500   1.3703   0.05227   0.04377  -0.0777  0.0510  1.0000  -4.9157   0.0000   0.0000   0.0000   0.2959
   9.750   1.3749   0.05607   0.04805  -0.0747  0.0508  1.0000  -4.9426   0.0000   0.0000   0.0000   0.2933
  10.000   1.3755   0.06012   0.05253  -0.0716  0.0509  1.0000  -4.9543   0.0000   0.0000   0.0000   0.2907
  10.250   1.3732   0.06441   0.05718  -0.0686  0.0511  1.0000  -4.9568   0.0000   0.0000   0.0000   0.2884
  10.500   1.3713   0.06928   0.06233  -0.0661  0.0514  1.0000  -4.9588   0.0000   0.0000   0.0000   0.2864
  10.750   1.3539   0.07169   0.06519  -0.0615  0.0521  1.0000  -4.9105   0.0000   0.0000   0.0000   0.2833
  11.000   1.3181   0.07457   0.06853  -0.0565  0.0530  1.0000  -4.7728   0.0000   0.0000   0.0000   0.2804
  11.250   1.2862   0.07906   0.07340  -0.0542  0.0539  1.0000  -4.6381   0.0000   0.0000   0.0000   0.2794
  11.500   1.2574   0.08440   0.07903  -0.0538  0.0548  1.0000  -4.5179   0.0000   0.0000   0.0000   0.2798
  11.750   1.2286   0.09052   0.08539  -0.0553  0.0556  1.0000  -4.3944   0.0000   0.0000   0.0000   0.2816
  12.000   1.2002   0.09754   0.09261  -0.0584  0.0564  1.0000  -4.2611   0.0000   0.0000   0.0000   0.2850
  12.250   1.1727   0.10555   0.10077  -0.0630  0.0573  1.0000  -4.1128   0.0000   0.0000   0.0000   0.2898
  12.500   1.1480   0.11439   0.10972  -0.0687  0.0583  1.0000  -3.9524   0.0000   0.0000   0.0000   0.2956
  12.750   1.1305   0.12292   0.11829  -0.0738  0.0595  1.0000  -3.8156   0.0000   0.0000   0.0000   0.3009
  13.000   1.1302   0.12838   0.12375  -0.0748  0.0606  1.0000  -3.8076   0.0000   0.0000   0.0000   0.3015


