xflr5 v6.61

 Calculated polar for: BLD_0

 1 1 Reynolds number fixed          Mach number fixed         

 xtrf =   1.000 (top)        1.000 (bottom)
 Mach =   0.200     Re =     0.070 e 6     Ncrit =   7.000

  alpha     CL        CD       CDp       Cm    Top Xtr Bot Xtr   Cpmin    Chinge    XCp    
 ------- -------- --------- --------- -------- ------- ------- -------- --------- ---------
 -22.000  -0.6558   0.27180   0.26460   0.0188  1.0000  0.0288  -1.4945   0.0000   0.0000   0.0000   0.2649
 -21.500  -0.6397   0.26406   0.25686   0.0166  1.0000  0.0296  -1.4338   0.0000   0.0000   0.0000   0.2626
 -21.000  -0.6244   0.25825   0.25105   0.0138  1.0000  0.0306  -1.4017   0.0000   0.0000   0.0000   0.2593
 -20.500  -0.6091   0.25270   0.24548   0.0110  1.0000  0.0317  -1.3785   0.0000   0.0000   0.0000   0.2556
 -20.000  -0.5938   0.24724   0.24003   0.0081  1.0000  0.0328  -1.3587   0.0000   0.0000   0.0000   0.2517
 -19.500  -0.5786   0.24180   0.23460   0.0053  1.0000  0.0341  -1.3412   0.0000   0.0000   0.0000   0.2476
 -19.000  -0.5636   0.23647   0.22929   0.0025  1.0000  0.0355  -1.3287   0.0000   0.0000   0.0000   0.2432
 -18.500  -0.5494   0.23204   0.22489  -0.0007  1.0000  0.0367  -1.3380   0.0000   0.0000   0.0000   0.2379
 -18.000  -0.5379   0.22938   0.22226  -0.0043  1.0000  0.0372  -1.3724   0.0000   0.0000   0.0000   0.2315
 -17.500  -0.5234   0.22290   0.21584  -0.0066  1.0000  0.0376  -1.3761   0.0000   0.0000   0.0000   0.2273
 -17.000  -0.5057   0.21428   0.20719  -0.0075  1.0000  0.0389  -1.3061   0.0000   0.0000   0.0000   0.2253
 -16.500  -0.4909   0.20841   0.20135  -0.0093  1.0000  0.0405  -1.2901   0.0000   0.0000   0.0000   0.2215
 -16.000  -0.4769   0.20282   0.19580  -0.0112  1.0000  0.0422  -1.2912   0.0000   0.0000   0.0000   0.2171
 -15.500  -0.4635   0.19750   0.19051  -0.0133  1.0000  0.0441  -1.3071   0.0000   0.0000   0.0000   0.2123
 -15.000  -0.4524   0.19326   0.18633  -0.0159  1.0000  0.0455  -1.3555   0.0000   0.0000   0.0000   0.2062
 -14.500  -0.4460   0.19079   0.18392  -0.0188  1.0000  0.0460  -1.4333   0.0000   0.0000   0.0000   0.1995
 -14.000  -0.4284   0.18159   0.17477  -0.0191  1.0000  0.0469  -1.3774   0.0000   0.0000   0.0000   0.1970
 -13.500  -0.4135   0.17474   0.16792  -0.0196  1.0000  0.0488  -1.3197   0.0000   0.0000   0.0000   0.1946
 -13.000  -0.4015   0.16908   0.16230  -0.0206  1.0000  0.0511  -1.3004   0.0000   0.0000   0.0000   0.1908
 -12.500  -0.3911   0.16379   0.15708  -0.0218  1.0000  0.0535  -1.3012   0.0000   0.0000   0.0000   0.1865
 -12.000  -0.3850   0.15982   0.15319  -0.0238  1.0000  0.0553  -1.3457   0.0000   0.0000   0.0000   0.1808
 -11.500  -0.3854   0.15740   0.15087  -0.0261  1.0000  0.0558  -1.4230   0.0000   0.0000   0.0000   0.1755
 -11.000  -0.3633   0.14717   0.14069  -0.0244  1.0000  0.0581  -1.2882   0.0000   0.0000   0.0000   0.1758
 -10.500  -0.3536   0.14169   0.13528  -0.0245  1.0000  0.0619  -1.2513   0.0000   0.0000   0.0000   0.1739
 -10.000  -0.3522   0.13810   0.13179  -0.0259  1.0000  0.0652  -1.2948   0.0000   0.0000   0.0000   0.1701
  -9.500  -0.3463   0.13238   0.12619  -0.0260  1.0000  0.0667  -1.3173   0.0000   0.0000   0.0000   0.1689
  -9.000  -0.3345   0.12617   0.12000  -0.0247  1.0000  0.0707  -1.2769   0.0000   0.0000   0.0000   0.1703
  -8.500  -0.3348   0.12229   0.11625  -0.0249  1.0000  0.0745  -1.3301   0.0000   0.0000   0.0000   0.1704
  -8.000  -0.3520   0.12118   0.11534  -0.0255  1.0000  0.0757  -1.4605   0.0000   0.0000   0.0000   0.1730
  -7.500  -0.3292   0.11206   0.10628  -0.0223  1.0000  0.0794  -1.3591   0.0000   0.0000   0.0000   0.1775
  -7.000  -0.3329   0.10815   0.10252  -0.0205  1.0000  0.0837  -1.3868   0.0000   0.0000   0.0000   0.1843
  -6.500  -0.3581   0.10688   0.10147  -0.0184  1.0000  0.0860  -1.4951   0.0000   0.0000   0.0000   0.1953
  -6.000  -0.3540   0.10080   0.09552  -0.0158  1.0000  0.0883  -1.4809   0.0000   0.0000   0.0000   0.2023
  -5.500  -0.3520   0.09605   0.09090  -0.0142  1.0000  0.0932  -1.4756   0.0000   0.0000   0.0000   0.2068
  -5.000  -0.3480   0.09132   0.08632  -0.0216  1.0000  0.0976  -1.5872   0.0000   0.0000   0.0000   0.1852
  -4.500  -0.3380   0.08554   0.08063  -0.0179  1.0000  0.1027  -1.5194   0.0000   0.0000   0.0000   0.1946
  -4.000  -0.3131   0.07903   0.07418  -0.0259  1.0000  0.1097  -1.5573   0.0000   0.0000   0.0000   0.1648
  -3.500  -0.2720   0.07193   0.06706  -0.0361  1.0000  0.1199  -1.5628   0.0000   0.0000   0.0000   0.1147
  -2.500  -0.0393   0.04332   0.03712  -0.0891  1.0000  0.0668  -1.9666   0.0000   0.0000   0.0000  -2.0355
  -2.000   0.0931   0.03295   0.02526  -0.1096  1.0000  0.0613  -1.9756   0.0000   0.0000   0.0000   1.4348
  -1.500   0.1880   0.02828   0.01927  -0.1182  1.0000  0.0680  -1.9300   0.0000   0.0000   0.0000   0.8814
  -1.000   0.2589   0.02681   0.01746  -0.1217  0.9984  0.1018  -1.7256   0.0000   0.0000   0.0000   0.7212
  -0.500   0.3530   0.02649   0.01723  -0.1296  0.9863  0.2023  -1.3065   0.0000   0.0000   0.0000   0.6174
   0.000   0.4434   0.02603   0.01733  -0.1367  0.9713  0.4068  -0.9039   0.0000   0.0000   0.0000   0.5579
   0.500   0.5121   0.02476   0.01717  -0.1382  0.9513  1.0000  -0.6117   0.0000   0.0000   0.0000   0.5188
   1.000   0.5941   0.02507   0.01694  -0.1432  0.9270  1.0000  -0.6901   0.0000   0.0000   0.0000   0.4893
   1.500   0.6768   0.02505   0.01663  -0.1477  0.9024  1.0000  -0.7778   0.0000   0.0000   0.0000   0.4660
   2.000   0.7606   0.02460   0.01605  -0.1517  0.8774  1.0000  -0.8830   0.0000   0.0000   0.0000   0.4467
   2.500   0.8397   0.02379   0.01525  -0.1541  0.8484  1.0000  -0.9999   0.0000   0.0000   0.0000   0.4303
   3.000   0.9196   0.02260   0.01412  -0.1560  0.8179  1.0000  -1.1301   0.0000   0.0000   0.0000   0.4158
   3.500   1.0065   0.02112   0.01277  -0.1586  0.7818  1.0000  -1.2883   0.0000   0.0000   0.0000   0.4032
   4.000   1.0901   0.02014   0.01182  -0.1607  0.7267  1.0000  -1.4628   0.0000   0.0000   0.0000   0.3925
   4.500   1.1644   0.01996   0.01154  -0.1614  0.6504  1.0000  -1.6844   0.0000   0.0000   0.0000   0.3831
   5.000   1.2223   0.02075   0.01200  -0.1597  0.5641  1.0000  -1.8829   0.0000   0.0000   0.0000   0.3746
   5.500   1.2689   0.02212   0.01311  -0.1566  0.4832  1.0000  -2.1167   0.0000   0.0000   0.0000   0.3667
   6.000   1.3110   0.02381   0.01451  -0.1531  0.4125  1.0000  -2.4130   0.0000   0.0000   0.0000   0.3593
   6.500   1.3509   0.02574   0.01622  -0.1495  0.3516  1.0000  -2.7112   0.0000   0.0000   0.0000   0.3525
   7.000   1.3900   0.02788   0.01831  -0.1459  0.3003  1.0000  -3.0625   0.0000   0.0000   0.0000   0.3462
   7.500   1.4249   0.03011   0.02054  -0.1418  0.2543  1.0000  -3.4097   0.0000   0.0000   0.0000   0.3400
   8.000   1.4487   0.03223   0.02267  -0.1363  0.2101  1.0000  -3.7308   0.0000   0.0000   0.0000   0.3338
   8.500   1.4687   0.03452   0.02505  -0.1303  0.1732  1.0000  -4.0395   0.0000   0.0000   0.0000   0.3278
   9.000   1.4919   0.03740   0.02815  -0.1250  0.1453  1.0000  -4.3429   0.0000   0.0000   0.0000   0.3221
   9.500   1.5042   0.04066   0.03156  -0.1187  0.1186  1.0000  -4.5985   0.0000   0.0000   0.0000   0.3164
  10.000   1.5137   0.04486   0.03607  -0.1126  0.0959  1.0000  -4.8037   0.0000   0.0000   0.0000   0.3111
  10.500   1.5188   0.04983   0.04134  -0.1067  0.0780  1.0000  -4.9578   0.0000   0.0000   0.0000   0.3061
  11.000   1.5264   0.05566   0.04743  -0.1017  0.0669  1.0000  -5.0911   0.0000   0.0000   0.0000   0.3017
  11.500   1.5288   0.06294   0.05542  -0.0972  0.0605  1.0000  -5.1562   0.0000   0.0000   0.0000   0.2979
  12.000   1.5305   0.07021   0.06295  -0.0939  0.0567  1.0000  -5.3219   0.0000   0.0000   0.0000   0.2948
  12.500   1.4988   0.08031   0.07390  -0.0915  0.0553  1.0000  -5.2610   0.0000   0.0000   0.0000   0.2937
  13.000   1.4581   0.09251   0.08678  -0.0931  0.0546  1.0000  -5.1384   0.0000   0.0000   0.0000   0.2956
  13.500   1.4110   0.10761   0.10243  -0.0996  0.0548  1.0000  -4.9334   0.0000   0.0000   0.0000   0.3016
  14.000   1.3612   0.12639   0.12160  -0.1116  0.0558  1.0000  -4.6251   0.0000   0.0000   0.0000   0.3123
  15.000   1.2408   0.18915   0.18430  -0.1567  0.0618  1.0000  -2.9755   0.0000   0.0000   0.0000   0.3570
  15.500   1.2401   0.20321   0.19831  -0.1654  0.0627  1.0000  -2.7690   0.0000   0.0000   0.0000   0.3636
  16.000   1.2455   0.21521   0.21028  -0.1728  0.0635  1.0000  -2.6322   0.0000   0.0000   0.0000   0.3684
  16.500   1.2527   0.22603   0.22110  -0.1800  0.0629  1.0000  -2.5223   0.0000   0.0000   0.0000   0.3726
  17.000   1.2620   0.23598   0.23104  -0.1866  0.0630  1.0000  -2.4334   0.0000   0.0000   0.0000   0.3760


