xflr5 v6.61

 Calculated polar for: BLD_25

 1 1 Reynolds number fixed          Mach number fixed         

 xtrf =   1.000 (top)        1.000 (bottom)
 Mach =   0.200     Re =     0.080 e 6     Ncrit =   7.000

  alpha     CL        CD       CDp       Cm    Top Xtr Bot Xtr   Cpmin    Chinge    XCp    
 ------- -------- --------- --------- -------- ------- ------- -------- --------- ---------
 -24.500  -0.4739   0.25419   0.24850   0.0063  1.0000  0.0229  -0.9468   0.0000   0.0000   0.0000   0.2552
 -24.000  -0.4661   0.24932   0.24361   0.0044  1.0000  0.0236  -0.9225   0.0000   0.0000   0.0000   0.2516
 -23.500  -0.4585   0.24480   0.23907   0.0023  1.0000  0.0247  -0.9060   0.0000   0.0000   0.0000   0.2476
 -23.000  -0.4507   0.24043   0.23467   0.0003  1.0000  0.0261  -0.8960   0.0000   0.0000   0.0000   0.2434
 -22.500  -0.4432   0.23640   0.23060  -0.0019  1.0000  0.0273  -0.8967   0.0000   0.0000   0.0000   0.2387
 -22.000  -0.4366   0.23341   0.22759  -0.0043  1.0000  0.0280  -0.9429   0.0000   0.0000   0.0000   0.2334
 -21.500  -0.4326   0.23215   0.22631  -0.0068  1.0000  0.0283  -1.0165   0.0000   0.0000   0.0000   0.2277
 -21.000  -0.4306   0.23179   0.22597  -0.0093  1.0000  0.0284  -1.0914   0.0000   0.0000   0.0000   0.2221
 -20.500  -0.4134   0.21951   0.21366  -0.0096  1.0000  0.0294  -0.9894   0.0000   0.0000   0.0000   0.2205
 -20.000  -0.4047   0.21474   0.20889  -0.0110  1.0000  0.0304  -0.9683   0.0000   0.0000   0.0000   0.2168
 -19.500  -0.3967   0.21055   0.20468  -0.0125  1.0000  0.0315  -0.9600   0.0000   0.0000   0.0000   0.2126
 -19.000  -0.3888   0.20653   0.20062  -0.0140  1.0000  0.0328  -0.9562   0.0000   0.0000   0.0000   0.2081
 -18.500  -0.3813   0.20262   0.19670  -0.0155  1.0000  0.0341  -0.9551   0.0000   0.0000   0.0000   0.2036
 -18.000  -0.3741   0.19891   0.19299  -0.0170  1.0000  0.0356  -0.9591   0.0000   0.0000   0.0000   0.1988
 -17.500  -0.3686   0.19619   0.19027  -0.0189  1.0000  0.0368  -0.9863   0.0000   0.0000   0.0000   0.1932
 -17.000  -0.3675   0.19554   0.18962  -0.0210  1.0000  0.0373  -1.0422   0.0000   0.0000   0.0000   0.1874
 -16.500  -0.3576   0.18936   0.18346  -0.0216  1.0000  0.0380  -1.0212   0.0000   0.0000   0.0000   0.1839
 -16.000  -0.3480   0.18416   0.17827  -0.0220  1.0000  0.0395  -0.9908   0.0000   0.0000   0.0000   0.1812
 -15.500  -0.3417   0.18062   0.17469  -0.0228  1.0000  0.0411  -1.0012   0.0000   0.0000   0.0000   0.1776
 -15.000  -0.3362   0.17722   0.17130  -0.0237  1.0000  0.0430  -1.0264   0.0000   0.0000   0.0000   0.1738
 -14.500  -0.3318   0.17384   0.16793  -0.0249  1.0000  0.0448  -1.0717   0.0000   0.0000   0.0000   0.1694
 -14.000  -0.3329   0.17177   0.16587  -0.0265  1.0000  0.0458  -1.1589   0.0000   0.0000   0.0000   0.1648
 -13.500  -0.3387   0.17047   0.16459  -0.0283  1.0000  0.0461  -1.2628   0.0000   0.0000   0.0000   0.1611
 -13.000  -0.3182   0.16027   0.15442  -0.0271  1.0000  0.0478  -1.1518   0.0000   0.0000   0.0000   0.1594
 -12.500  -0.3111   0.15508   0.14926  -0.0272  1.0000  0.0500  -1.1341   0.0000   0.0000   0.0000   0.1571
 -12.000  -0.3060   0.15014   0.14436  -0.0276  1.0000  0.0524  -1.1408   0.0000   0.0000   0.0000   0.1543
 -11.500  -0.3038   0.14568   0.13995  -0.0285  1.0000  0.0548  -1.1796   0.0000   0.0000   0.0000   0.1509
 -11.000  -0.3089   0.14261   0.13695  -0.0300  1.0000  0.0557  -1.2680   0.0000   0.0000   0.0000   0.1477
 -10.500  -0.2970   0.13489   0.12930  -0.0292  1.0000  0.0571  -1.2127   0.0000   0.0000   0.0000   0.1468
  -9.500  -0.3429   0.12634   0.12042  -0.0271  1.0000  0.0600  -1.3441   0.0000   0.0000   0.0000   0.1649
  -9.000  -0.3401   0.12186   0.11605  -0.0275  1.0000  0.0644  -1.3561   0.0000   0.0000   0.0000   0.1634
  -8.500  -0.3538   0.12011   0.11448  -0.0290  1.0000  0.0657  -1.4778   0.0000   0.0000   0.0000   0.1631
  -8.000  -0.3334   0.11148   0.10591  -0.0260  1.0000  0.0694  -1.3565   0.0000   0.0000   0.0000   0.1670
  -7.500  -0.3358   0.10735   0.10191  -0.0246  1.0000  0.0733  -1.3891   0.0000   0.0000   0.0000   0.1721
  -7.000  -0.3606   0.10598   0.10077  -0.0227  1.0000  0.0754  -1.5092   0.0000   0.0000   0.0000   0.1834
  -6.500  -0.3590   0.09995   0.09488  -0.0203  1.0000  0.0772  -1.5098   0.0000   0.0000   0.0000   0.1901
  -6.000  -0.3553   0.09483   0.08988  -0.0179  1.0000  0.0812  -1.4845   0.0000   0.0000   0.0000   0.1966
  -5.500  -0.3531   0.09057   0.08576  -0.0258  1.0000  0.0862  -1.6173   0.0000   0.0000   0.0000   0.1742
  -5.000  -0.3442   0.08415   0.07945  -0.0227  1.0000  0.0890  -1.5685   0.0000   0.0000   0.0000   0.1815
  -4.500  -0.3086   0.07719   0.07248  -0.0375  1.0000  0.0974  -1.6732   0.0000   0.0000   0.0000   0.1259
  -4.000  -0.2939   0.07141   0.06673  -0.0336  1.0000  0.1023  -1.5753   0.0000   0.0000   0.0000   0.1331
  -3.000  -0.0845   0.04392   0.03803  -0.0840  1.0000  0.0655  -2.0319   0.0000   0.0000   0.0000  -0.7527
  -2.500   0.0495   0.03141   0.02378  -0.1053  1.0000  0.0555  -2.1691   0.0000   0.0000   0.0000   2.3942
  -2.000   0.1375   0.02686   0.01826  -0.1130  1.0000  0.0599  -2.0047   0.0000   0.0000   0.0000   1.0764
  -1.500   0.2348   0.02456   0.01536  -0.1212  0.9937  0.0950  -1.7611   0.0000   0.0000   0.0000   0.7684
  -1.000   0.3289   0.02359   0.01445  -0.1291  0.9830  0.1686  -1.3454   0.0000   0.0000   0.0000   0.6435
  -0.500   0.4216   0.02279   0.01413  -0.1368  0.9709  0.3405  -0.9430   0.0000   0.0000   0.0000   0.5746
   0.000   0.4872   0.02110   0.01390  -0.1378  0.9528  1.0000  -0.6337   0.0000   0.0000   0.0000   0.5323
   0.500   0.5685   0.02130   0.01356  -0.1426  0.9322  1.0000  -0.6438   0.0000   0.0000   0.0000   0.4997
   1.000   0.6479   0.02122   0.01321  -0.1466  0.9104  1.0000  -0.7171   0.0000   0.0000   0.0000   0.4746
   1.500   0.7230   0.02092   0.01277  -0.1493  0.8862  1.0000  -0.7977   0.0000   0.0000   0.0000   0.4543
   2.000   0.7965   0.02034   0.01214  -0.1511  0.8608  1.0000  -0.8914   0.0000   0.0000   0.0000   0.4371
   2.500   0.8764   0.01937   0.01121  -0.1534  0.8355  1.0000  -1.0084   0.0000   0.0000   0.0000   0.4220
   3.000   0.9519   0.01853   0.01046  -0.1548  0.8027  1.0000  -1.1383   0.0000   0.0000   0.0000   0.4091
   3.500   1.0236   0.01797   0.00993  -0.1555  0.7597  1.0000  -1.2860   0.0000   0.0000   0.0000   0.3978
   4.000   1.0904   0.01783   0.00980  -0.1553  0.7054  1.0000  -1.4841   0.0000   0.0000   0.0000   0.3878
   4.500   1.1481   0.01821   0.01008  -0.1538  0.6420  1.0000  -1.6818   0.0000   0.0000   0.0000   0.3787
   5.000   1.1990   0.01898   0.01075  -0.1511  0.5751  1.0000  -1.9885   0.0000   0.0000   0.0000   0.3702
   5.500   1.2439   0.02007   0.01168  -0.1477  0.5071  1.0000  -2.2927   0.0000   0.0000   0.0000   0.3623
   6.000   1.2838   0.02140   0.01286  -0.1437  0.4374  1.0000  -2.6432   0.0000   0.0000   0.0000   0.3548
   6.500   1.3197   0.02300   0.01429  -0.1391  0.3682  1.0000  -2.9904   0.0000   0.0000   0.0000   0.3477
   7.000   1.3489   0.02488   0.01608  -0.1338  0.2955  1.0000  -3.3221   0.0000   0.0000   0.0000   0.3408
   7.500   1.3721   0.02708   0.01800  -0.1281  0.2238  1.0000  -3.6390   0.0000   0.0000   0.0000   0.3342
   8.000   1.3959   0.02957   0.02041  -0.1227  0.1699  1.0000  -3.9494   0.0000   0.0000   0.0000   0.3281
   8.500   1.4128   0.03252   0.02333  -0.1164  0.1248  1.0000  -4.2129   0.0000   0.0000   0.0000   0.3219
   9.000   1.4217   0.03622   0.02700  -0.1094  0.0901  1.0000  -4.4151   0.0000   0.0000   0.0000   0.3157
   9.500   1.4288   0.04061   0.03148  -0.1024  0.0701  1.0000  -4.6149   0.0000   0.0000   0.0000   0.3098
  10.000   1.4430   0.04537   0.03639  -0.0967  0.0596  1.0000  -4.8317   0.0000   0.0000   0.0000   0.3044
  10.500   1.4597   0.05043   0.04197  -0.0919  0.0521  1.0000  -5.0561   0.0000   0.0000   0.0000   0.2995
  11.000   1.4678   0.05596   0.04787  -0.0871  0.0470  1.0000  -5.2654   0.0000   0.0000   0.0000   0.2952
  11.500   1.4660   0.06298   0.05562  -0.0823  0.0447  1.0000  -5.3519   0.0000   0.0000   0.0000   0.2912
  12.000   1.4483   0.07106   0.06436  -0.0784  0.0435  1.0000  -5.3926   0.0000   0.0000   0.0000   0.2884
  12.500   1.4178   0.08071   0.07463  -0.0769  0.0430  1.0000  -5.3586   0.0000   0.0000   0.0000   0.2877
  13.000   1.3762   0.09280   0.08730  -0.0792  0.0430  1.0000  -5.2192   0.0000   0.0000   0.0000   0.2903
  13.500   1.3249   0.10870   0.10372  -0.0873  0.0437  1.0000  -4.9422   0.0000   0.0000   0.0000   0.2978
  14.000   1.2646   0.13104   0.12643  -0.1030  0.0452  1.0000  -4.4433   0.0000   0.0000   0.0000   0.3130
  14.500   1.2140   0.15735   0.15280  -0.1215  0.0471  1.0000  -3.7993   0.0000   0.0000   0.0000   0.3315
  15.000   1.1968   0.17633   0.17165  -0.1329  0.0478  1.0000  -3.3872   0.0000   0.0000   0.0000   0.3423
  15.500   1.1952   0.19026   0.18553  -0.1409  0.0484  1.0000  -3.1853   0.0000   0.0000   0.0000   0.3486


