xflr5 v6.61

 Calculated polar for: BLD_0

 1 1 Reynolds number fixed          Mach number fixed         

 xtrf =   1.000 (top)        1.000 (bottom)
 Mach =   0.200     Re =     0.080 e 6     Ncrit =   7.000

  alpha     CL        CD       CDp       Cm    Top Xtr Bot Xtr   Cpmin    Chinge    XCp    
 ------- -------- --------- --------- -------- ------- ------- -------- --------- ---------
 -19.500  -0.5798   0.24256   0.23585   0.0046  1.0000  0.0291  -1.4262   0.0000   0.0000   0.0000   0.2462
 -19.000  -0.5641   0.23601   0.22930   0.0025  1.0000  0.0300  -1.3626   0.0000   0.0000   0.0000   0.2432
 -18.500  -0.5490   0.23027   0.22358   0.0002  1.0000  0.0311  -1.3188   0.0000   0.0000   0.0000   0.2395
 -18.000  -0.5341   0.22471   0.21804  -0.0021  1.0000  0.0326  -1.2816   0.0000   0.0000   0.0000   0.2355
 -17.500  -0.5194   0.21923   0.21255  -0.0045  1.0000  0.0344  -1.2637   0.0000   0.0000   0.0000   0.2311
 -17.000  -0.5052   0.21398   0.20733  -0.0070  1.0000  0.0360  -1.2887   0.0000   0.0000   0.0000   0.2262
 -16.500  -0.4924   0.20960   0.20299  -0.0099  1.0000  0.0369  -1.3425   0.0000   0.0000   0.0000   0.2203
 -16.000  -0.4824   0.20632   0.19976  -0.0130  1.0000  0.0372  -1.4147   0.0000   0.0000   0.0000   0.2139
 -15.500  -0.4707   0.20088   0.19438  -0.0152  1.0000  0.0375  -1.4496   0.0000   0.0000   0.0000   0.2089
 -15.000  -0.4513   0.19121   0.18472  -0.0150  1.0000  0.0389  -1.3475   0.0000   0.0000   0.0000   0.2079
 -14.500  -0.4377   0.18530   0.17885  -0.0163  1.0000  0.0404  -1.3231   0.0000   0.0000   0.0000   0.2042
 -14.000  -0.4251   0.17970   0.17329  -0.0177  1.0000  0.0422  -1.3172   0.0000   0.0000   0.0000   0.2000
 -13.500  -0.4135   0.17434   0.16794  -0.0193  1.0000  0.0441  -1.3270   0.0000   0.0000   0.0000   0.1953
 -13.000  -0.4053   0.17020   0.16386  -0.0215  1.0000  0.0455  -1.3776   0.0000   0.0000   0.0000   0.1892
 -12.500  -0.4029   0.16762   0.16137  -0.0240  1.0000  0.0460  -1.4589   0.0000   0.0000   0.0000   0.1830
 -12.000  -0.3846   0.15811   0.15191  -0.0234  1.0000  0.0470  -1.3700   0.0000   0.0000   0.0000   0.1818
 -11.500  -0.3716   0.15169   0.14554  -0.0233  1.0000  0.0490  -1.3046   0.0000   0.0000   0.0000   0.1802
 -11.000  -0.3619   0.14622   0.14013  -0.0237  1.0000  0.0514  -1.2799   0.0000   0.0000   0.0000   0.1775
 -10.500  -0.3547   0.14119   0.13518  -0.0245  1.0000  0.0539  -1.2829   0.0000   0.0000   0.0000   0.1742
 -10.000  -0.3557   0.13812   0.13222  -0.0263  1.0000  0.0555  -1.3547   0.0000   0.0000   0.0000   0.1699
  -9.500  -0.3460   0.13127   0.12547  -0.0257  1.0000  0.0568  -1.3341   0.0000   0.0000   0.0000   0.1696
  -9.000  -0.3347   0.12524   0.11946  -0.0244  1.0000  0.0608  -1.2831   0.0000   0.0000   0.0000   0.1713
  -8.500  -0.3348   0.12131   0.11565  -0.0246  1.0000  0.0647  -1.3390   0.0000   0.0000   0.0000   0.1712
  -8.000  -0.3507   0.11981   0.11434  -0.0253  1.0000  0.0657  -1.4750   0.0000   0.0000   0.0000   0.1733
  -7.500  -0.3304   0.11124   0.10583  -0.0221  1.0000  0.0687  -1.3736   0.0000   0.0000   0.0000   0.1785
  -7.000  -0.3326   0.10711   0.10183  -0.0201  1.0000  0.0723  -1.3915   0.0000   0.0000   0.0000   0.1853
  -6.500  -0.3540   0.10526   0.10018  -0.0177  1.0000  0.0750  -1.4869   0.0000   0.0000   0.0000   0.1966
  -5.500  -0.3547   0.09522   0.09041  -0.0137  1.0000  0.0799  -1.4957   0.0000   0.0000   0.0000   0.2084
  -5.000  -0.3506   0.09057   0.08588  -0.0176  1.0000  0.0853  -1.5595   0.0000   0.0000   0.0000   0.1970
  -4.500  -0.3377   0.08433   0.07974  -0.0208  1.0000  0.0882  -1.5842   0.0000   0.0000   0.0000   0.1859
  -4.000  -0.2932   0.07706   0.07243  -0.0373  1.0000  0.0972  -1.6743   0.0000   0.0000   0.0000   0.1202
  -3.500  -0.2808   0.07149   0.06697  -0.0321  1.0000  0.1013  -1.5638   0.0000   0.0000   0.0000   0.1329
  -2.000   0.1135   0.03054   0.02270  -0.1135  0.9992  0.0550  -2.0816   0.0000   0.0000   0.0000   1.2563
  -1.500   0.2160   0.02681   0.01797  -0.1228  0.9940  0.0636  -1.9272   0.0000   0.0000   0.0000   0.8215
  -1.000   0.3076   0.02535   0.01626  -0.1298  0.9849  0.1094  -1.6355   0.0000   0.0000   0.0000   0.6732
  -0.500   0.3970   0.02493   0.01613  -0.1369  0.9717  0.2312  -1.1854   0.0000   0.0000   0.0000   0.5951
   0.000   0.4818   0.02427   0.01611  -0.1428  0.9561  0.4513  -0.8092   0.0000   0.0000   0.0000   0.5459
   0.500   0.5460   0.02298   0.01572  -0.1431  0.9356  1.0000  -0.6359   0.0000   0.0000   0.0000   0.5110
   1.000   0.6285   0.02298   0.01528  -0.1477  0.9140  1.0000  -0.7178   0.0000   0.0000   0.0000   0.4833
   1.500   0.7095   0.02268   0.01475  -0.1515  0.8914  1.0000  -0.8071   0.0000   0.0000   0.0000   0.4614
   2.000   0.7924   0.02194   0.01391  -0.1550  0.8681  1.0000  -0.9171   0.0000   0.0000   0.0000   0.4429
   2.500   0.8676   0.02102   0.01300  -0.1566  0.8398  1.0000  -1.0324   0.0000   0.0000   0.0000   0.4272
   3.000   0.9477   0.01985   0.01189  -0.1586  0.8088  1.0000  -1.1679   0.0000   0.0000   0.0000   0.4135
   3.500   1.0312   0.01876   0.01087  -0.1610  0.7658  1.0000  -1.3255   0.0000   0.0000   0.0000   0.4018
   4.000   1.1143   0.01818   0.01025  -0.1636  0.7022  1.0000  -1.5125   0.0000   0.0000   0.0000   0.3919
   4.500   1.1820   0.01849   0.01029  -0.1637  0.6192  1.0000  -1.7240   0.0000   0.0000   0.0000   0.3830
   5.000   1.2333   0.01954   0.01105  -0.1613  0.5339  1.0000  -1.9117   0.0000   0.0000   0.0000   0.3746
   5.500   1.2771   0.02097   0.01213  -0.1579  0.4567  1.0000  -2.1542   0.0000   0.0000   0.0000   0.3668
   6.000   1.3176   0.02263   0.01351  -0.1543  0.3898  1.0000  -2.4477   0.0000   0.0000   0.0000   0.3596
   6.500   1.3563   0.02447   0.01514  -0.1505  0.3324  1.0000  -2.7533   0.0000   0.0000   0.0000   0.3528
   7.000   1.3924   0.02643   0.01710  -0.1465  0.2812  1.0000  -3.1005   0.0000   0.0000   0.0000   0.3464
   7.500   1.4224   0.02841   0.01899  -0.1417  0.2337  1.0000  -3.4395   0.0000   0.0000   0.0000   0.3401
   8.000   1.4479   0.03044   0.02101  -0.1365  0.1915  1.0000  -3.7712   0.0000   0.0000   0.0000   0.3340
   8.500   1.4739   0.03275   0.02345  -0.1314  0.1605  1.0000  -4.1009   0.0000   0.0000   0.0000   0.3281
   9.000   1.4970   0.03546   0.02639  -0.1260  0.1328  1.0000  -4.4095   0.0000   0.0000   0.0000   0.3224
   9.500   1.5104   0.03871   0.02975  -0.1198  0.1072  1.0000  -4.6715   0.0000   0.0000   0.0000   0.3168
  10.000   1.5194   0.04276   0.03417  -0.1136  0.0839  1.0000  -4.8773   0.0000   0.0000   0.0000   0.3114
  10.500   1.5245   0.04772   0.03938  -0.1076  0.0685  1.0000  -5.0299   0.0000   0.0000   0.0000   0.3064
  11.000   1.5312   0.05347   0.04547  -0.1025  0.0591  1.0000  -5.1566   0.0000   0.0000   0.0000   0.3020
  11.500   1.5375   0.06012   0.05259  -0.0982  0.0539  1.0000  -5.2828   0.0000   0.0000   0.0000   0.2981
  12.000   1.5310   0.06727   0.06029  -0.0945  0.0499  1.0000  -5.4114   0.0000   0.0000   0.0000   0.2951
  12.500   1.5199   0.07509   0.06843  -0.0922  0.0469  1.0000  -5.5392   0.0000   0.0000   0.0000   0.2931
  13.000   1.4873   0.08606   0.08014  -0.0925  0.0456  1.0000  -5.4747   0.0000   0.0000   0.0000   0.2938
  13.500   1.4480   0.09939   0.09410  -0.0968  0.0452  1.0000  -5.3389   0.0000   0.0000   0.0000   0.2975
  14.000   1.4030   0.11596   0.11117  -0.1060  0.0455  1.0000  -5.1051   0.0000   0.0000   0.0000   0.3054
  14.500   1.3558   0.13623   0.13180  -0.1200  0.0465  1.0000  -4.7482   0.0000   0.0000   0.0000   0.3178
  15.500   0.9979   0.19889   0.19495  -0.1428  0.0614  1.0000  -2.0728   0.0000   0.0000   0.0000   0.3746
  16.000   0.9904   0.21038   0.20647  -0.1477  0.0635  1.0000  -1.9025   0.0000   0.0000   0.0000   0.3801
  16.500   0.9916   0.22011   0.21625  -0.1510  0.0655  1.0000  -1.8361   0.0000   0.0000   0.0000   0.3827
  17.000   0.9914   0.22983   0.22602  -0.1548  0.0658  1.0000  -1.7588   0.0000   0.0000   0.0000   0.3858
  17.500   0.9776   0.24446   0.24071  -0.1622  0.0911  1.0000  -1.4304   0.0000   0.0000   0.0000   0.3954
  18.000   0.9834   0.25280   0.24912  -0.1649  0.0889  1.0000  -1.4172   0.0000   0.0000   0.0000   0.3963
  18.500   1.0013   0.26273   0.25912  -0.1652  0.0868  1.0000  -1.4988   0.0000   0.0000   0.0000   0.3927
  19.000   0.9914   0.27043   0.26684  -0.1709  0.0855  1.0000  -1.3777   0.0000   0.0000   0.0000   0.3993
  19.500   0.9927   0.27881   0.27527  -0.1746  0.0809  1.0000  -1.3737   0.0000   0.0000   0.0000   0.4020
  20.000   1.0033   0.28738   0.28398  -0.1761  0.0774  1.0000  -1.4762   0.0000   0.0000   0.0000   0.4005


