xflr5 v6.61

 Calculated polar for: BLD_0

 1 1 Reynolds number fixed          Mach number fixed         

 xtrf =   1.000 (top)        1.000 (bottom)
 Mach =   0.200     Re =     0.050 e 6     Ncrit =   7.000

  alpha     CL        CD       CDp       Cm    Top Xtr Bot Xtr   Cpmin    Chinge    XCp    
 ------- -------- --------- --------- -------- ------- ------- -------- --------- ---------
 -22.500  -0.6707   0.27599   0.26747   0.0225  1.0000  0.0385  -1.4246   0.0000   0.0000   0.0000   0.2693
 -22.000  -0.6553   0.26999   0.26147   0.0196  1.0000  0.0399  -1.3970   0.0000   0.0000   0.0000   0.2662
 -21.500  -0.6400   0.26456   0.25604   0.0165  1.0000  0.0414  -1.3820   0.0000   0.0000   0.0000   0.2626
 -21.000  -0.6248   0.25929   0.25078   0.0134  1.0000  0.0430  -1.3732   0.0000   0.0000   0.0000   0.2587
 -20.500  -0.6099   0.25465   0.24611   0.0101  1.0000  0.0448  -1.3769   0.0000   0.0000   0.0000   0.2542
 -20.000  -0.5968   0.25207   0.24356   0.0062  1.0000  0.0458  -1.4085   0.0000   0.0000   0.0000   0.2485
 -19.500  -0.5840   0.24823   0.23978   0.0028  1.0000  0.0463  -1.4221   0.0000   0.0000   0.0000   0.2435
 -19.000  -0.5649   0.23800   0.22955   0.0016  1.0000  0.0479  -1.3301   0.0000   0.0000   0.0000   0.2417
 -18.500  -0.5494   0.23208   0.22365  -0.0006  1.0000  0.0497  -1.2882   0.0000   0.0000   0.0000   0.2380
 -18.000  -0.5345   0.22661   0.21821  -0.0031  1.0000  0.0518  -1.2586   0.0000   0.0000   0.0000   0.2338
 -17.500  -0.5202   0.22156   0.21314  -0.0057  1.0000  0.0539  -1.2738   0.0000   0.0000   0.0000   0.2290
 -17.000  -0.5080   0.21784   0.20947  -0.0087  1.0000  0.0553  -1.3172   0.0000   0.0000   0.0000   0.2232
 -16.500  -0.4996   0.21593   0.20762  -0.0120  1.0000  0.0558  -1.3836   0.0000   0.0000   0.0000   0.2167
 -16.000  -0.4785   0.20495   0.19667  -0.0123  1.0000  0.0577  -1.3053   0.0000   0.0000   0.0000   0.2151
 -15.500  -0.4639   0.19893   0.19069  -0.0138  1.0000  0.0603  -1.2859   0.0000   0.0000   0.0000   0.2113
 -15.000  -0.4508   0.19362   0.18543  -0.0156  1.0000  0.0631  -1.2887   0.0000   0.0000   0.0000   0.2066
 -14.500  -0.4408   0.18960   0.18147  -0.0180  1.0000  0.0652  -1.3228   0.0000   0.0000   0.0000   0.2008
 -14.000  -0.4363   0.18747   0.17943  -0.0208  1.0000  0.0658  -1.3876   0.0000   0.0000   0.0000   0.1945
 -13.500  -0.4139   0.17686   0.16881  -0.0201  1.0000  0.0693  -1.2828   0.0000   0.0000   0.0000   0.1934
 -13.000  -0.4030   0.17172   0.16374  -0.0214  1.0000  0.0735  -1.2767   0.0000   0.0000   0.0000   0.1890
 -12.500  -0.4014   0.16978   0.16190  -0.0240  1.0000  0.0756  -1.3421   0.0000   0.0000   0.0000   0.1829
 -12.000  -0.3819   0.16046   0.15263  -0.0233  1.0000  0.0791  -1.2562   0.0000   0.0000   0.0000   0.1815
 -11.500  -0.3721   0.15517   0.14742  -0.0241  1.0000  0.0835  -1.2400   0.0000   0.0000   0.0000   0.1782
 -11.000  -0.3717   0.15241   0.14478  -0.0259  1.0000  0.0861  -1.2893   0.0000   0.0000   0.0000   0.1736
 -10.500  -0.3560   0.14442   0.13687  -0.0253  1.0000  0.0891  -1.2252   0.0000   0.0000   0.0000   0.1724
 -10.000  -0.3478   0.13919   0.13174  -0.0254  1.0000  0.0942  -1.2300   0.0000   0.0000   0.0000   0.1707
  -9.500  -0.3539   0.13715   0.12986  -0.0268  1.0000  0.0970  -1.3179   0.0000   0.0000   0.0000   0.1684
  -9.000  -0.3354   0.12872   0.12145  -0.0251  1.0000  0.1016  -1.2668   0.0000   0.0000   0.0000   0.1693
  -8.500  -0.3376   0.12529   0.11818  -0.0252  1.0000  0.1069  -1.3172   0.0000   0.0000   0.0000   0.1700
  -8.000  -0.3313   0.11942   0.11245  -0.0240  1.0000  0.1103  -1.3221   0.0000   0.0000   0.0000   0.1725
  -7.500  -0.3316   0.11524   0.10842  -0.0226  1.0000  0.1167  -1.3420   0.0000   0.0000   0.0000   0.1771
  -7.000  -0.3422   0.11194   0.10534  -0.0210  1.0000  0.1196  -1.3971   0.0000   0.0000   0.0000   0.1847
  -6.500  -0.3395   0.10683   0.10037  -0.0179  1.0000  0.1265  -1.3833   0.0000   0.0000   0.0000   0.1935
  -6.000  -0.3540   0.10388   0.09766  -0.0171  1.0000  0.1303  -1.4500   0.0000   0.0000   0.0000   0.1986
  -5.500  -0.3504   0.09888   0.09280  -0.0158  1.0000  0.1391  -1.4456   0.0000   0.0000   0.0000   0.2019
  -5.000  -0.3452   0.09367   0.08774  -0.0154  1.0000  0.1490  -1.4430   0.0000   0.0000   0.0000   0.2027
  -4.500  -0.3340   0.08884   0.08304  -0.0217  1.0000  0.1621  -1.4840   0.0000   0.0000   0.0000   0.1823
  -4.000  -0.3206   0.08270   0.07702  -0.0197  1.0000  0.1758  -1.4385   0.0000   0.0000   0.0000   0.1861
  -3.500  -0.2879   0.07665   0.07095  -0.0286  1.0000  0.1955  -1.4397   0.0000   0.0000   0.0000   0.1480
  -2.500  -0.1121   0.04627   0.04013  -0.0666  1.0000  0.0966  -1.6627   0.0000   0.0000   0.0000  -0.3476
  -2.000   0.0132   0.03262   0.02547  -0.0897  1.0000  0.0825  -1.7094   0.0000   0.0000   0.0000   7.0634
  -1.000   0.2355   0.03050   0.02048  -0.1186  1.0000  0.1457  -1.6272   0.0000   0.0000   0.0000   0.7550
  -0.500   0.2993   0.02942   0.01909  -0.1207  1.0000  0.2089  -1.3880   0.0000   0.0000   0.0000   0.6535
   0.000   0.3572   0.02912   0.01903  -0.1221  1.0000  0.3353  -1.0908   0.0000   0.0000   0.0000   0.5913
   0.500   0.4107   0.02831   0.01969  -0.1218  1.0000  0.6961  -0.8388   0.0000   0.0000   0.0000   0.5455
   1.000   0.4854   0.02954   0.02037  -0.1270  0.9745  1.0000  -0.6083   0.0000   0.0000   0.0000   0.5101
   1.500   0.5750   0.03076   0.02107  -0.1344  0.9451  1.0000  -0.6925   0.0000   0.0000   0.0000   0.4815
   2.000   0.6626   0.03145   0.02150  -0.1405  0.9140  1.0000  -0.7860   0.0000   0.0000   0.0000   0.4594
   2.500   0.7484   0.03160   0.02155  -0.1455  0.8810  1.0000  -0.8964   0.0000   0.0000   0.0000   0.4412
   3.000   0.8364   0.03106   0.02107  -0.1496  0.8468  1.0000  -1.0220   0.0000   0.0000   0.0000   0.4252
   3.500   0.9168   0.03010   0.02024  -0.1514  0.8079  1.0000  -1.1584   0.0000   0.0000   0.0000   0.4109
   4.000   1.0074   0.02822   0.01862  -0.1535  0.7683  1.0000  -1.3263   0.0000   0.0000   0.0000   0.3976
   4.500   1.1009   0.02629   0.01694  -0.1556  0.7155  1.0000  -1.5429   0.0000   0.0000   0.0000   0.3859
   5.000   1.1799   0.02551   0.01615  -0.1556  0.6417  1.0000  -1.7758   0.0000   0.0000   0.0000   0.3759
   5.500   1.2408   0.02613   0.01662  -0.1535  0.5572  1.0000  -1.9907   0.0000   0.0000   0.0000   0.3671
   6.000   1.2908   0.02766   0.01785  -0.1505  0.4778  1.0000  -2.3044   0.0000   0.0000   0.0000   0.3593
   6.500   1.3357   0.02973   0.01967  -0.1473  0.4083  1.0000  -2.6108   0.0000   0.0000   0.0000   0.3523
   7.000   1.3776   0.03216   0.02199  -0.1439  0.3485  1.0000  -2.9310   0.0000   0.0000   0.0000   0.3458
   7.500   1.4191   0.03490   0.02484  -0.1406  0.2982  1.0000  -3.2864   0.0000   0.0000   0.0000   0.3397
   8.000   1.4578   0.03796   0.02798  -0.1371  0.2549  1.0000  -3.6335   0.0000   0.0000   0.0000   0.3340
   8.500   1.4866   0.04101   0.03114  -0.1323  0.2151  1.0000  -3.9506   0.0000   0.0000   0.0000   0.3282
   9.000   1.5021   0.04410   0.03443  -0.1260  0.1791  1.0000  -4.2176   0.0000   0.0000   0.0000   0.3223
   9.500   1.5129   0.04761   0.03811  -0.1194  0.1485  1.0000  -4.4548   0.0000   0.0000   0.0000   0.3166
  10.000   1.5116   0.05176   0.04276  -0.1118  0.1238  1.0000  -4.6171   0.0000   0.0000   0.0000   0.3109
  10.500   1.5169   0.05729   0.04865  -0.1059  0.1049  1.0000  -4.7536   0.0000   0.0000   0.0000   0.3059
  11.000   1.5099   0.06395   0.05587  -0.0999  0.0916  1.0000  -4.8125   0.0000   0.0000   0.0000   0.3015
  11.500   1.4975   0.07200   0.06447  -0.0952  0.0841  1.0000  -4.8245   0.0000   0.0000   0.0000   0.2982
  12.000   1.4649   0.08205   0.07523  -0.0923  0.0806  1.0000  -4.7404   0.0000   0.0000   0.0000   0.2968
  12.500   1.4253   0.09387   0.08758  -0.0930  0.0790  1.0000  -4.6226   0.0000   0.0000   0.0000   0.2983
  13.000   1.3502   0.11368   0.10799  -0.1033  0.0822  1.0000  -4.2523   0.0000   0.0000   0.0000   0.3090
  13.500   1.2867   0.13818   0.13257  -0.1200  0.0851  1.0000  -3.7917   0.0000   0.0000   0.0000   0.3254
  14.000   1.2460   0.16277   0.15708  -0.1365  0.0858  1.0000  -3.2962   0.0000   0.0000   0.0000   0.3416
  14.500   1.2287   0.18119   0.17538  -0.1484  0.0850  1.0000  -2.9501   0.0000   0.0000   0.0000   0.3525
  15.000   1.2252   0.19560   0.18972  -0.1575  0.0845  1.0000  -2.7203   0.0000   0.0000   0.0000   0.3598
  15.500   1.2299   0.20781   0.20192  -0.1648  0.0851  1.0000  -2.5852   0.0000   0.0000   0.0000   0.3646


