xflr5 v6.61

 Calculated polar for: BLD_25

 1 1 Reynolds number fixed          Mach number fixed         

 xtrf =   1.000 (top)        1.000 (bottom)
 Mach =   0.200     Re =     0.090 e 6     Ncrit =   9.000

  alpha     CL        CD       CDp       Cm    Top Xtr Bot Xtr   Cpmin    Chinge    XCp    
 ------- -------- --------- --------- -------- ------- ------- -------- --------- ---------
 -23.500  -0.7170   0.28445   0.27807   0.0348  1.0000  0.0228  -1.5464   0.0000   0.0000   0.0000   0.2832
 -23.000  -0.7012   0.27828   0.27189   0.0315  1.0000  0.0235  -1.4824   0.0000   0.0000   0.0000   0.2802
 -22.500  -0.6853   0.27274   0.26636   0.0280  1.0000  0.0245  -1.4373   0.0000   0.0000   0.0000   0.2766
 -22.000  -0.6692   0.26733   0.26094   0.0244  1.0000  0.0258  -1.4004   0.0000   0.0000   0.0000   0.2728
 -21.500  -0.6530   0.26223   0.25585   0.0207  1.0000  0.0272  -1.4110   0.0000   0.0000   0.0000   0.2684
 -21.000  -0.6375   0.25899   0.25260   0.0163  1.0000  0.0280  -1.4730   0.0000   0.0000   0.0000   0.2629
 -20.500  -0.6256   0.25848   0.25212   0.0115  1.0000  0.0283  -1.5581   0.0000   0.0000   0.0000   0.2564
 -20.000  -0.6096   0.25103   0.24470   0.0085  1.0000  0.0286  -1.5621   0.0000   0.0000   0.0000   0.2523
 -19.500  -0.5901   0.23994   0.23360   0.0074  1.0000  0.0296  -1.4524   0.0000   0.0000   0.0000   0.2510
 -19.000  -0.5741   0.23380   0.22747   0.0049  1.0000  0.0307  -1.4076   0.0000   0.0000   0.0000   0.2474
 -18.500  -0.5584   0.22809   0.22177   0.0022  1.0000  0.0319  -1.3777   0.0000   0.0000   0.0000   0.2432
 -18.000  -0.5428   0.22245   0.21612  -0.0005  1.0000  0.0332  -1.3538   0.0000   0.0000   0.0000   0.2387
 -17.500  -0.5275   0.21688   0.21057  -0.0032  1.0000  0.0347  -1.3345   0.0000   0.0000   0.0000   0.2339
 -17.000  -0.5127   0.21158   0.20529  -0.0060  1.0000  0.0362  -1.3275   0.0000   0.0000   0.0000   0.2286
 -16.500  -0.4999   0.20775   0.20150  -0.0094  1.0000  0.0371  -1.3544   0.0000   0.0000   0.0000   0.2218
 -16.000  -0.4933   0.20656   0.20037  -0.0133  1.0000  0.0374  -1.4295   0.0000   0.0000   0.0000   0.2141
 -15.500  -0.4703   0.19420   0.18804  -0.0129  1.0000  0.0390  -1.3079   0.0000   0.0000   0.0000   0.2136
 -15.000  -0.4557   0.18818   0.18204  -0.0145  1.0000  0.0410  -1.2865   0.0000   0.0000   0.0000   0.2095
 -14.500  -0.4424   0.18254   0.17640  -0.0163  1.0000  0.0431  -1.2972   0.0000   0.0000   0.0000   0.2046
 -14.000  -0.4310   0.17771   0.17161  -0.0187  1.0000  0.0451  -1.3437   0.0000   0.0000   0.0000   0.1984
 -13.500  -0.4271   0.17566   0.16964  -0.0221  1.0000  0.0460  -1.4529   0.0000   0.0000   0.0000   0.1906
 -13.000  -0.4111   0.16685   0.16088  -0.0226  1.0000  0.0468  -1.4236   0.0000   0.0000   0.0000   0.1874
 -12.500  -0.3954   0.15945   0.15351  -0.0225  1.0000  0.0490  -1.3524   0.0000   0.0000   0.0000   0.1854
 -12.000  -0.3842   0.15373   0.14784  -0.0235  1.0000  0.0515  -1.3392   0.0000   0.0000   0.0000   0.1816
 -11.500  -0.3756   0.14859   0.14276  -0.0249  1.0000  0.0543  -1.3587   0.0000   0.0000   0.0000   0.1767
 -11.000  -0.3762   0.14602   0.14029  -0.0275  1.0000  0.0556  -1.4560   0.0000   0.0000   0.0000   0.1702
 -10.500  -0.3642   0.13838   0.13272  -0.0275  1.0000  0.0567  -1.4243   0.0000   0.0000   0.0000   0.1680
 -10.000  -0.3500   0.13146   0.12585  -0.0265  1.0000  0.0595  -1.3370   0.0000   0.0000   0.0000   0.1678
  -9.750  -0.2915   0.12708   0.12188  -0.0285  1.0000  0.0650  -1.1768   0.0000   0.0000   0.0000   0.1477
  -9.500  -0.3434   0.12630   0.12072  -0.0268  1.0000  0.0629  -1.3254   0.0000   0.0000   0.0000   0.1660
  -9.250  -0.3071   0.12507   0.12000  -0.0299  1.0000  0.0658  -1.2984   0.0000   0.0000   0.0000   0.1486
  -9.000  -0.3485   0.12344   0.11800  -0.0283  1.0000  0.0654  -1.4070   0.0000   0.0000   0.0000   0.1634
  -8.750  -0.2824   0.11545   0.11043  -0.0266  1.0000  0.0709  -1.1215   0.0000   0.0000   0.0000   0.1519
  -8.500  -0.3384   0.11639   0.11105  -0.0269  1.0000  0.0677  -1.3461   0.0000   0.0000   0.0000   0.1653
  -8.250  -0.2906   0.11184   0.10694  -0.0264  1.0000  0.0750  -1.1938   0.0000   0.0000   0.0000   0.1554
  -8.000  -0.3336   0.11147   0.10622  -0.0255  1.0000  0.0727  -1.3183   0.0000   0.0000   0.0000   0.1687
  -7.750  -0.3172   0.11064   0.10594  -0.0262  1.0000  0.0758  -1.3366   0.0000   0.0000   0.0000   0.1646
  -7.500  -0.3535   0.11007   0.10503  -0.0249  1.0000  0.0754  -1.4390   0.0000   0.0000   0.0000   0.1756
  -7.250  -0.2890   0.10067   0.09600  -0.0222  1.0000  0.0813  -1.1994   0.0000   0.0000   0.0000   0.1704
  -7.000  -0.3451   0.10313   0.09819  -0.0217  1.0000  0.0783  -1.3985   0.0000   0.0000   0.0000   0.1832
  -6.750  -0.3051   0.09745   0.09294  -0.0198  1.0000  0.0851  -1.2647   0.0000   0.0000   0.0000   0.1826
  -6.500  -0.3527   0.09932   0.09452  -0.0181  1.0000  0.0823  -1.4081   0.0000   0.0000   0.0000   0.1954
  -6.250  -0.3379   0.09628   0.09197  -0.0190  1.0000  0.0863  -1.4012   0.0000   0.0000   0.0000   0.1921
  -6.000  -0.3647   0.09664   0.09204  -0.0223  1.0000  0.0861  -1.5423   0.0000   0.0000   0.0000   0.1860
  -5.500  -0.3578   0.09003   0.08553  -0.0181  1.0000  0.0893  -1.4914   0.0000   0.0000   0.0000   0.1967
  -5.250  -0.3539   0.08750   0.08304  -0.0180  1.0000  0.0923  -1.4850   0.0000   0.0000   0.0000   0.1965
  -5.000  -0.3344   0.08477   0.08031  -0.0343  1.0000  0.0971  -1.6469   0.0000   0.0000   0.0000   0.1450
  -4.750  -0.3369   0.08135   0.07698  -0.0264  1.0000  0.0984  -1.5641   0.0000   0.0000   0.0000   0.1691
  -4.500  -0.3311   0.07864   0.07431  -0.0243  1.0000  0.1013  -1.5214   0.0000   0.0000   0.0000   0.1741
  -4.250  -0.3011   0.07447   0.07008  -0.0373  1.0000  0.1083  -1.6029   0.0000   0.0000   0.0000   0.1239
  -4.000  -0.2985   0.07179   0.06742  -0.0327  1.0000  0.1107  -1.5375   0.0000   0.0000   0.0000   0.1380
  -3.750  -0.2632   0.06745   0.06299  -0.0437  1.0000  0.1195  -1.5733   0.0000   0.0000   0.0000   0.0813
  -3.500  -0.2553   0.06489   0.06049  -0.0410  1.0000  0.1230  -1.5100   0.0000   0.0000   0.0000   0.0869
  -3.000  -0.1930   0.05751   0.05299  -0.0531  1.0000  0.1437  -1.4629   0.0000   0.0000   0.0000  -0.0283
  -2.250   0.0410   0.03431   0.02785  -0.1001  1.0000  0.0837  -1.7674   0.0000   0.0000   0.0000   2.7050
  -2.000   0.1155   0.02888   0.02106  -0.1098  1.0000  0.0751  -1.8480   0.0000   0.0000   0.0000   1.2064
  -1.750   0.1612   0.02664   0.01830  -0.1136  1.0000  0.0779  -1.8040   0.0000   0.0000   0.0000   0.9581
  -1.500   0.2026   0.02520   0.01650  -0.1162  1.0000  0.0880  -1.7505   0.0000   0.0000   0.0000   0.8260
  -1.000   0.2646   0.02465   0.01597  -0.1188  1.0000  0.1473  -1.4923   0.0000   0.0000   0.0000   0.7000
  -0.750   0.2974   0.02438   0.01575  -0.1202  1.0000  0.1800  -1.3385   0.0000   0.0000   0.0000   0.6550
  -0.500   0.3473   0.02401   0.01556  -0.1248  0.9965  0.2501  -1.1327   0.0000   0.0000   0.0000   0.6095
  -0.250   0.4007   0.02358   0.01564  -0.1301  0.9905  0.3839  -0.9336   0.0000   0.0000   0.0000   0.5745
   0.000   0.4340   0.02206   0.01570  -0.1302  0.9832  0.9416  -0.7803   0.0000   0.0000   0.0000   0.5495
   0.250   0.4828   0.02249   0.01566  -0.1346  0.9716  1.0000  -0.5916   0.0000   0.0000   0.0000   0.5280
   0.500   0.5306   0.02280   0.01569  -0.1386  0.9608  1.0000  -0.6152   0.0000   0.0000   0.0000   0.5102
   0.750   0.5726   0.02299   0.01570  -0.1415  0.9475  1.0000  -0.6503   0.0000   0.0000   0.0000   0.4957
   1.000   0.6157   0.02307   0.01565  -0.1444  0.9347  1.0000  -0.6888   0.0000   0.0000   0.0000   0.4828
   1.250   0.6600   0.02304   0.01551  -0.1472  0.9225  1.0000  -0.7317   0.0000   0.0000   0.0000   0.4713
   1.500   0.7046   0.02287   0.01528  -0.1500  0.9105  1.0000  -0.7774   0.0000   0.0000   0.0000   0.4608
   1.750   0.7496   0.02256   0.01494  -0.1526  0.8988  1.0000  -0.8267   0.0000   0.0000   0.0000   0.4512
   2.000   0.7849   0.02233   0.01470  -0.1533  0.8827  1.0000  -0.8740   0.0000   0.0000   0.0000   0.4427
   2.250   0.8280   0.02177   0.01417  -0.1551  0.8700  1.0000  -0.9340   0.0000   0.0000   0.0000   0.4345
   2.500   0.8720   0.02101   0.01343  -0.1567  0.8579  1.0000  -0.9971   0.0000   0.0000   0.0000   0.4267
   2.750   0.9179   0.02015   0.01262  -0.1586  0.8458  1.0000  -1.0683   0.0000   0.0000   0.0000   0.4194
   3.000   0.9550   0.01958   0.01214  -0.1589  0.8283  1.0000  -1.1351   0.0000   0.0000   0.0000   0.4129
   3.250   1.0012   0.01868   0.01129  -0.1606  0.8132  1.0000  -1.2202   0.0000   0.0000   0.0000   0.4066
   3.500   1.0406   0.01808   0.01073  -0.1612  0.7923  1.0000  -1.3082   0.0000   0.0000   0.0000   0.4008
   3.750   1.0763   0.01771   0.01042  -0.1612  0.7672  1.0000  -1.4109   0.0000   0.0000   0.0000   0.3954
   4.000   1.1118   0.01746   0.01016  -0.1612  0.7395  1.0000  -1.5154   0.0000   0.0000   0.0000   0.3903
   4.250   1.1431   0.01743   0.01009  -0.1605  0.7083  1.0000  -1.6146   0.0000   0.0000   0.0000   0.3855
   4.500   1.1721   0.01756   0.01015  -0.1595  0.6751  1.0000  -1.7442   0.0000   0.0000   0.0000   0.3808
   4.750   1.1989   0.01784   0.01032  -0.1581  0.6409  1.0000  -1.9016   0.0000   0.0000   0.0000   0.3764
   5.000   1.2234   0.01823   0.01068  -0.1565  0.6058  1.0000  -2.0559   0.0000   0.0000   0.0000   0.3721
   5.250   1.2459   0.01873   0.01109  -0.1546  0.5697  1.0000  -2.2073   0.0000   0.0000   0.0000   0.3679
   5.500   1.2675   0.01930   0.01154  -0.1525  0.5333  1.0000  -2.3762   0.0000   0.0000   0.0000   0.3639
   5.750   1.2877   0.01994   0.01205  -0.1503  0.4963  1.0000  -2.5532   0.0000   0.0000   0.0000   0.3600
   6.000   1.3064   0.02065   0.01267  -0.1479  0.4585  1.0000  -2.7270   0.0000   0.0000   0.0000   0.3561
   6.250   1.3245   0.02145   0.01331  -0.1455  0.4215  1.0000  -2.9019   0.0000   0.0000   0.0000   0.3524
   6.500   1.3395   0.02227   0.01402  -0.1426  0.3813  1.0000  -3.0675   0.0000   0.0000   0.0000   0.3487
   6.750   1.3523   0.02311   0.01481  -0.1395  0.3403  1.0000  -3.2284   0.0000   0.0000   0.0000   0.3450
   7.000   1.3637   0.02405   0.01556  -0.1363  0.3007  1.0000  -3.3866   0.0000   0.0000   0.0000   0.3415
   7.250   1.3757   0.02507   0.01648  -0.1333  0.2637  1.0000  -3.5452   0.0000   0.0000   0.0000   0.3381
   7.500   1.3886   0.02624   0.01756  -0.1305  0.2332  1.0000  -3.7038   0.0000   0.0000   0.0000   0.3348
   7.750   1.4004   0.02753   0.01876  -0.1276  0.2050  1.0000  -3.8558   0.0000   0.0000   0.0000   0.3316
   8.000   1.4105   0.02888   0.02007  -0.1245  0.1762  1.0000  -3.9964   0.0000   0.0000   0.0000   0.3285
   8.250   1.4185   0.03050   0.02156  -0.1212  0.1511  1.0000  -4.1190   0.0000   0.0000   0.0000   0.3253
   8.500   1.4239   0.03223   0.02326  -0.1175  0.1259  1.0000  -4.2155   0.0000   0.0000   0.0000   0.3220
   8.750   1.4287   0.03431   0.02526  -0.1137  0.1058  1.0000  -4.2872   0.0000   0.0000   0.0000   0.3187
   9.000   1.4357   0.03660   0.02749  -0.1103  0.0902  1.0000  -4.3851   0.0000   0.0000   0.0000   0.3156
   9.250   1.4491   0.03912   0.02997  -0.1078  0.0794  1.0000  -4.4987   0.0000   0.0000   0.0000   0.3128
   9.500   1.4688   0.04188   0.03290  -0.1062  0.0719  1.0000  -4.6224   0.0000   0.0000   0.0000   0.3103
   9.750   1.4861   0.04455   0.03563  -0.1046  0.0662  1.0000  -4.7704   0.0000   0.0000   0.0000   0.3081
  10.000   1.4956   0.04684   0.03829  -0.1019  0.0616  1.0000  -4.8845   0.0000   0.0000   0.0000   0.3054
  10.250   1.5207   0.05055   0.04197  -0.1019  0.0581  1.0000  -5.0582   0.0000   0.0000   0.0000   0.3039
  10.500   1.5231   0.05365   0.04559  -0.0982  0.0571  1.0000  -5.0978   0.0000   0.0000   0.0000   0.3011
  10.750   1.5208   0.05700   0.04941  -0.0944  0.0562  1.0000  -5.1194   0.0000   0.0000   0.0000   0.2983
  11.000   1.5135   0.06051   0.05333  -0.0904  0.0557  1.0000  -5.1247   0.0000   0.0000   0.0000   0.2956
  11.250   1.5019   0.06418   0.05738  -0.0865  0.0554  1.0000  -5.1327   0.0000   0.0000   0.0000   0.2932
  11.500   1.4866   0.06809   0.06165  -0.0830  0.0552  1.0000  -5.1218   0.0000   0.0000   0.0000   0.2911
  11.750   1.4683   0.07231   0.06620  -0.0801  0.0552  1.0000  -5.0940   0.0000   0.0000   0.0000   0.2894
  12.000   1.4477   0.07692   0.07113  -0.0780  0.0553  1.0000  -5.0504   0.0000   0.0000   0.0000   0.2884
  12.250   1.4253   0.08201   0.07651  -0.0769  0.0554  1.0000  -4.9920   0.0000   0.0000   0.0000   0.2881
  12.500   1.4015   0.08764   0.08241  -0.0770  0.0557  1.0000  -4.9188   0.0000   0.0000   0.0000   0.2887
  12.750   1.3767   0.09390   0.08890  -0.0784  0.0560  1.0000  -4.8307   0.0000   0.0000   0.0000   0.2903
  13.000   1.3517   0.10085   0.09607  -0.0810  0.0563  1.0000  -4.7270   0.0000   0.0000   0.0000   0.2930
  13.250   1.3268   0.10854   0.10393  -0.0850  0.0568  1.0000  -4.6071   0.0000   0.0000   0.0000   0.2967
  13.500   1.3030   0.11690   0.11244  -0.0900  0.0572  1.0000  -4.4726   0.0000   0.0000   0.0000   0.3014
  13.750   1.2818   0.12570   0.12133  -0.0956  0.0577  1.0000  -4.3313   0.0000   0.0000   0.0000   0.3066
  14.250   1.1874   0.16809   0.16370  -0.1277  0.0667  1.0000  -3.0965   0.0000   0.0000   0.0000   0.3402
  14.500   1.1490   0.19783   0.19330  -0.1490  0.1262  1.0000  -2.1508   0.0000   0.0000   0.0000   0.3634
  15.000   1.1552   0.20731   0.20277  -0.1548  0.1237  1.0000  -2.0889   0.0000   0.0000   0.0000   0.3670


