xflr5 v6.61

 Calculated polar for: BLD_0

 1 1 Reynolds number fixed          Mach number fixed         

 xtrf =   1.000 (top)        1.000 (bottom)
 Mach =   0.200     Re =     0.060 e 6     Ncrit =   9.000

  alpha     CL        CD       CDp       Cm    Top Xtr Bot Xtr   Cpmin    Chinge    XCp    
 ------- -------- --------- --------- -------- ------- ------- -------- --------- ---------
 -15.500  -0.4650   0.19873   0.19123  -0.0137  1.0000  0.0579  -1.2915   0.0000   0.0000   0.0000   0.2115
 -15.000  -0.4507   0.19277   0.18531  -0.0151  1.0000  0.0606  -1.2725   0.0000   0.0000   0.0000   0.2077
 -14.500  -0.4383   0.18751   0.18010  -0.0169  1.0000  0.0635  -1.2777   0.0000   0.0000   0.0000   0.2030
 -14.000  -0.4303   0.18415   0.17680  -0.0194  1.0000  0.0654  -1.3250   0.0000   0.0000   0.0000   0.1968
 -13.500  -0.4200   0.17860   0.17130  -0.0210  1.0000  0.0663  -1.3387   0.0000   0.0000   0.0000   0.1921
 -13.000  -0.4027   0.17056   0.16329  -0.0209  1.0000  0.0694  -1.2668   0.0000   0.0000   0.0000   0.1903
 -12.500  -0.3920   0.16528   0.15806  -0.0220  1.0000  0.0730  -1.2577   0.0000   0.0000   0.0000   0.1863
 -12.000  -0.3906   0.16309   0.15597  -0.0244  1.0000  0.0755  -1.3200   0.0000   0.0000   0.0000   0.1805
 -11.500  -0.3728   0.15423   0.14718  -0.0237  1.0000  0.0787  -1.2424   0.0000   0.0000   0.0000   0.1792
 -11.000  -0.3634   0.14897   0.14200  -0.0242  1.0000  0.0838  -1.2205   0.0000   0.0000   0.0000   0.1765
 -10.500  -0.3682   0.14745   0.14062  -0.0264  1.0000  0.0863  -1.2934   0.0000   0.0000   0.0000   0.1722
 -10.000  -0.3476   0.13810   0.13132  -0.0248  1.0000  0.0905  -1.1999   0.0000   0.0000   0.0000   0.1724
  -9.750  -0.3439   0.13556   0.12883  -0.0247  1.0000  0.0931  -1.2047   0.0000   0.0000   0.0000   0.1718
  -9.500  -0.3437   0.13378   0.12711  -0.0251  1.0000  0.0956  -1.2312   0.0000   0.0000   0.0000   0.1709
  -9.250  -0.3494   0.13333   0.12675  -0.0260  1.0000  0.0968  -1.2854   0.0000   0.0000   0.0000   0.1700
  -9.000  -0.3443   0.12967   0.12316  -0.0256  1.0000  0.0979  -1.2852   0.0000   0.0000   0.0000   0.1702
  -8.750  -0.3339   0.12546   0.11891  -0.0243  1.0000  0.1009  -1.2478   0.0000   0.0000   0.0000   0.1715
  -8.500  -0.3316   0.12310   0.11661  -0.0240  1.0000  0.1040  -1.2536   0.0000   0.0000   0.0000   0.1723
  -8.250  -0.3354   0.12190   0.11549  -0.0241  1.0000  0.1066  -1.2895   0.0000   0.0000   0.0000   0.1731
  -8.000  -0.3467   0.12195   0.11566  -0.0243  1.0000  0.1076  -1.3511   0.0000   0.0000   0.0000   0.1752
  -7.750  -0.3321   0.11647   0.11021  -0.0228  1.0000  0.1100  -1.3043   0.0000   0.0000   0.0000   0.1766
  -7.500  -0.3285   0.11378   0.10757  -0.0217  1.0000  0.1134  -1.2955   0.0000   0.0000   0.0000   0.1792
  -7.250  -0.3326   0.11227   0.10615  -0.0210  1.0000  0.1166  -1.3190   0.0000   0.0000   0.0000   0.1825
  -7.000  -0.3464   0.11216   0.10616  -0.0202  1.0000  0.1181  -1.3723   0.0000   0.0000   0.0000   0.1878
  -6.750  -0.3643   0.11247   0.10662  -0.0191  1.0000  0.1187  -1.4336   0.0000   0.0000   0.0000   0.1940
  -6.500  -0.3384   0.10577   0.09990  -0.0171  1.0000  0.1235  -1.3463   0.0000   0.0000   0.0000   0.1956
  -6.250  -0.3456   0.10440   0.09862  -0.0155  1.0000  0.1267  -1.3649   0.0000   0.0000   0.0000   0.2019
  -6.000  -0.3580   0.10398   0.09832  -0.0160  1.0000  0.1290  -1.4217   0.0000   0.0000   0.0000   0.2021
  -5.750  -0.3544   0.10056   0.09498  -0.0145  1.0000  0.1312  -1.4107   0.0000   0.0000   0.0000   0.2061
  -5.500  -0.3506   0.09781   0.09228  -0.0129  1.0000  0.1355  -1.3930   0.0000   0.0000   0.0000   0.2103
  -5.250  -0.3542   0.09653   0.09110  -0.0162  1.0000  0.1398  -1.4454   0.0000   0.0000   0.0000   0.2016
  -5.000  -0.3500   0.09316   0.08780  -0.0145  1.0000  0.1425  -1.4289   0.0000   0.0000   0.0000   0.2061
  -4.750  -0.3456   0.09058   0.08527  -0.0140  1.0000  0.1479  -1.4185   0.0000   0.0000   0.0000   0.2069
  -4.500  -0.3399   0.08795   0.08271  -0.0179  1.0000  0.1525  -1.4498   0.0000   0.0000   0.0000   0.1949
  -4.250  -0.3338   0.08514   0.07994  -0.0162  1.0000  0.1584  -1.4218   0.0000   0.0000   0.0000   0.1990
  -4.000  -0.3245   0.08218   0.07703  -0.0187  1.0000  0.1651  -1.4258   0.0000   0.0000   0.0000   0.1900
  -3.750  -0.3115   0.07924   0.07413  -0.0221  1.0000  0.1750  -1.4245   0.0000   0.0000   0.0000   0.1767
  -3.500  -0.2983   0.07630   0.07116  -0.0241  1.0000  0.1861  -1.4077   0.0000   0.0000   0.0000   0.1669
  -3.000  -0.2679   0.07036   0.06527  -0.0275  1.0000  0.2102  -1.3594   0.0000   0.0000   0.0000   0.1450
  -2.750  -0.2370   0.06697   0.06183  -0.0350  1.0000  0.2288  -1.3443   0.0000   0.0000   0.0000   0.0996
  -1.750   0.0942   0.03658   0.02886  -0.1061  1.0000  0.1067  -1.6621   0.0000   0.0000   0.0000   1.3822
  -1.500   0.1532   0.03300   0.02447  -0.1132  1.0000  0.1063  -1.6818   0.0000   0.0000   0.0000   0.9921
  -1.250   0.1980   0.03088   0.02184  -0.1168  1.0000  0.1149  -1.6575   0.0000   0.0000   0.0000   0.8421
  -1.000   0.2298   0.03030   0.02116  -0.1183  1.0000  0.1476  -1.5663   0.0000   0.0000   0.0000   0.7664
  -0.750   0.2636   0.02965   0.02031  -0.1199  1.0000  0.1846  -1.4754   0.0000   0.0000   0.0000   0.7057
  -0.500   0.2973   0.02892   0.01948  -0.1213  1.0000  0.2156  -1.3650   0.0000   0.0000   0.0000   0.6581
  -0.250   0.3284   0.02858   0.01924  -0.1223  1.0000  0.2663  -1.2247   0.0000   0.0000   0.0000   0.6223
   0.000   0.3575   0.02842   0.01925  -0.1229  1.0000  0.3425  -1.0791   0.0000   0.0000   0.0000   0.5933
   0.250   0.3873   0.02823   0.01940  -0.1235  1.0000  0.4550  -0.9557   0.0000   0.0000   0.0000   0.5682
   0.500   0.4122   0.02719   0.01961  -0.1220  1.0000  0.7453  -0.8390   0.0000   0.0000   0.0000   0.5450
   0.750   0.4203   0.02761   0.01981  -0.1199  1.0000  1.0000  -0.7690   0.0000   0.0000   0.0000   0.5340
   1.000   0.4418   0.02864   0.02052  -0.1202  1.0000  1.0000  -0.6537   0.0000   0.0000   0.0000   0.5205
   1.250   0.4671   0.02983   0.02149  -0.1213  0.9973  1.0000  -0.6013   0.0000   0.0000   0.0000   0.5079
   1.500   0.5238   0.03116   0.02252  -0.1278  0.9797  1.0000  -0.6505   0.0000   0.0000   0.0000   0.4918
   1.750   0.5751   0.03202   0.02320  -0.1329  0.9616  1.0000  -0.6981   0.0000   0.0000   0.0000   0.4787
   2.000   0.6236   0.03260   0.02367  -0.1373  0.9430  1.0000  -0.7469   0.0000   0.0000   0.0000   0.4674
   2.250   0.6710   0.03299   0.02397  -0.1411  0.9241  1.0000  -0.8011   0.0000   0.0000   0.0000   0.4573
   2.500   0.7192   0.03317   0.02410  -0.1447  0.9051  1.0000  -0.8610   0.0000   0.0000   0.0000   0.4480
   2.750   0.7692   0.03307   0.02400  -0.1481  0.8864  1.0000  -0.9277   0.0000   0.0000   0.0000   0.4391
   3.000   0.8213   0.03266   0.02363  -0.1515  0.8682  1.0000  -0.9984   0.0000   0.0000   0.0000   0.4307
   3.250   0.8674   0.03216   0.02319  -0.1535  0.8479  1.0000  -1.0686   0.0000   0.0000   0.0000   0.4231
   3.500   0.9147   0.03139   0.02251  -0.1554  0.8277  1.0000  -1.1477   0.0000   0.0000   0.0000   0.4157
   3.750   0.9648   0.03019   0.02145  -0.1571  0.8078  1.0000  -1.2346   0.0000   0.0000   0.0000   0.4083
   4.000   1.0198   0.02851   0.01991  -0.1590  0.7879  1.0000  -1.3354   0.0000   0.0000   0.0000   0.4011
   4.500   1.1382   0.02497   0.01667  -0.1637  0.7349  1.0000  -1.6056   0.0000   0.0000   0.0000   0.3885
   4.750   1.1905   0.02383   0.01555  -0.1651  0.6960  1.0000  -1.7468   0.0000   0.0000   0.0000   0.3830
   5.000   1.2318   0.02350   0.01510  -0.1652  0.6502  1.0000  -1.8694   0.0000   0.0000   0.0000   0.3781
   5.250   1.2626   0.02380   0.01532  -0.1639  0.6027  1.0000  -1.9733   0.0000   0.0000   0.0000   0.3735
   5.500   1.2902   0.02442   0.01573  -0.1624  0.5567  1.0000  -2.1362   0.0000   0.0000   0.0000   0.3692
   5.750   1.3148   0.02526   0.01636  -0.1607  0.5135  1.0000  -2.2926   0.0000   0.0000   0.0000   0.3652
   6.000   1.3383   0.02626   0.01715  -0.1589  0.4735  1.0000  -2.4476   0.0000   0.0000   0.0000   0.3614
   6.250   1.3598   0.02738   0.01812  -0.1570  0.4366  1.0000  -2.5972   0.0000   0.0000   0.0000   0.3578
   6.500   1.3814   0.02859   0.01918  -0.1551  0.4027  1.0000  -2.7490   0.0000   0.0000   0.0000   0.3543
   6.750   1.4025   0.02990   0.02038  -0.1533  0.3717  1.0000  -2.9241   0.0000   0.0000   0.0000   0.3509
   7.000   1.4252   0.03128   0.02176  -0.1518  0.3437  1.0000  -3.1081   0.0000   0.0000   0.0000   0.3478
   7.250   1.4449   0.03278   0.02331  -0.1498  0.3179  1.0000  -3.2780   0.0000   0.0000   0.0000   0.3446
   7.500   1.4651   0.03431   0.02484  -0.1480  0.2939  1.0000  -3.4526   0.0000   0.0000   0.0000   0.3416
   7.750   1.4823   0.03563   0.02610  -0.1458  0.2698  1.0000  -3.6248   0.0000   0.0000   0.0000   0.3385
   8.000   1.4969   0.03682   0.02719  -0.1432  0.2461  1.0000  -3.7938   0.0000   0.0000   0.0000   0.3355
   8.250   1.5079   0.03806   0.02846  -0.1401  0.2240  1.0000  -3.9462   0.0000   0.0000   0.0000   0.3324
   8.500   1.5190   0.03938   0.02980  -0.1372  0.2033  1.0000  -4.0977   0.0000   0.0000   0.0000   0.3294
   8.750   1.5296   0.04114   0.03177  -0.1341  0.1848  1.0000  -4.2274   0.0000   0.0000   0.0000   0.3264
   9.000   1.5405   0.04302   0.03376  -0.1312  0.1670  1.0000  -4.3553   0.0000   0.0000   0.0000   0.3235
   9.250   1.5523   0.04487   0.03552  -0.1286  0.1497  1.0000  -4.4894   0.0000   0.0000   0.0000   0.3208
   9.500   1.5603   0.04765   0.03864  -0.1254  0.1353  1.0000  -4.5588   0.0000   0.0000   0.0000   0.3179
   9.750   1.5652   0.05006   0.04131  -0.1219  0.1218  1.0000  -4.6309   0.0000   0.0000   0.0000   0.3151
  10.000   1.5721   0.05317   0.04465  -0.1189  0.1111  1.0000  -4.6805   0.0000   0.0000   0.0000   0.3124
  10.250   1.5762   0.05684   0.04862  -0.1157  0.1035  1.0000  -4.7034   0.0000   0.0000   0.0000   0.3098
  10.500   1.5888   0.06050   0.05233  -0.1138  0.0967  1.0000  -4.7700   0.0000   0.0000   0.0000   0.3077
  10.750   1.5728   0.06446   0.05688  -0.1086  0.0948  1.0000  -4.7181   0.0000   0.0000   0.0000   0.3048
  11.000   1.5558   0.06851   0.06138  -0.1040  0.0933  1.0000  -4.6740   0.0000   0.0000   0.0000   0.3023
  11.250   1.5371   0.07278   0.06604  -0.1000  0.0922  1.0000  -4.6341   0.0000   0.0000   0.0000   0.3002
  11.500   1.5156   0.07742   0.07102  -0.0968  0.0915  1.0000  -4.5884   0.0000   0.0000   0.0000   0.2987
  11.750   1.4901   0.08261   0.07654  -0.0945  0.0914  1.0000  -4.5219   0.0000   0.0000   0.0000   0.2979
  12.000   1.4602   0.08860   0.08285  -0.0936  0.0918  1.0000  -4.4289   0.0000   0.0000   0.0000   0.2982
  12.250   1.4273   0.09559   0.09011  -0.0945  0.0927  1.0000  -4.3116   0.0000   0.0000   0.0000   0.2999
  12.500   1.3941   0.10363   0.09838  -0.0974  0.0938  1.0000  -4.1792   0.0000   0.0000   0.0000   0.3032
  12.750   1.3622   0.11271   0.10762  -0.1021  0.0951  1.0000  -4.0391   0.0000   0.0000   0.0000   0.3080
  13.000   1.3338   0.12263   0.11763  -0.1081  0.0962  1.0000  -3.8866   0.0000   0.0000   0.0000   0.3138
  13.250   1.3108   0.13286   0.12783  -0.1145  0.0971  1.0000  -3.7299   0.0000   0.0000   0.0000   0.3199
  13.750   1.2393   0.16744   0.16226  -0.1396  0.1073  1.0000  -2.9781   0.0000   0.0000   0.0000   0.3455
  15.000   1.2080   0.21837   0.21303  -0.1742  0.1822  1.0000  -2.0337   0.0000   0.0000   0.0000   0.3766
  15.500   1.2077   0.22552   0.22015  -0.1813  0.1753  1.0000  -1.9354   0.0000   0.0000   0.0000   0.3818
  16.000   1.2237   0.23427   0.22892  -0.1852  0.1691  1.0000  -1.9485   0.0000   0.0000   0.0000   0.3822
  16.500   1.2481   0.24416   0.23889  -0.1872  0.1604  1.0000  -2.0144   0.0000   0.0000   0.0000   0.3800
  17.000   1.2504   0.24908   0.24377  -0.1945  0.1520  1.0000  -1.9503   0.0000   0.0000   0.0000   0.3846
  17.500   1.2637   0.25608   0.25079  -0.1993  0.1423  1.0000  -1.9487   0.0000   0.0000   0.0000   0.3858
  18.000   1.2780   0.26350   0.25821  -0.2041  0.1356  1.0000  -1.9429   0.0000   0.0000   0.0000   0.3869
  18.500   1.3047   0.27420   0.26910  -0.2053  0.1286  1.0000  -2.0746   0.0000   0.0000   0.0000   0.3836
  19.000   1.3077   0.27761   0.27246  -0.2139  0.1232  1.0000  -2.0206   0.0000   0.0000   0.0000   0.3888
  19.500   1.3354   0.28983   0.28478  -0.2147  0.1177  1.0000  -2.2109   0.0000   0.0000   0.0000   0.3850
  20.000   1.3383   0.29154   0.28645  -0.2237  0.1125  1.0000  -2.1397   0.0000   0.0000   0.0000   0.3903


