xflr5 v6.61

 Calculated polar for: BLD_100

 1 1 Reynolds number fixed          Mach number fixed         

 xtrf =   1.000 (top)        1.000 (bottom)
 Mach =   0.200     Re =     0.100 e 6     Ncrit =   7.000

  alpha     CL        CD       CDp       Cm    Top Xtr Bot Xtr   Cpmin    Chinge    XCp    
 ------- -------- --------- --------- -------- ------- ------- -------- --------- ---------
 -25.000  -0.8749   0.30991   0.30437   0.0876  1.0000  0.0152  -1.7356   0.0000   0.0000   0.0000   0.3331
 -24.500  -0.8583   0.30366   0.29810   0.0831  1.0000  0.0157  -1.6691   0.0000   0.0000   0.0000   0.3306
 -24.000  -0.8410   0.29787   0.29230   0.0784  1.0000  0.0163  -1.6256   0.0000   0.0000   0.0000   0.3277
 -23.500  -0.8234   0.29208   0.28647   0.0737  1.0000  0.0170  -1.5918   0.0000   0.0000   0.0000   0.3246
 -23.000  -0.8055   0.28622   0.28060   0.0690  1.0000  0.0178  -1.5947   0.0000   0.0000   0.0000   0.3214
 -22.500  -0.7872   0.28039   0.27475   0.0642  1.0000  0.0185  -1.6068   0.0000   0.0000   0.0000   0.3179
 -22.000  -0.7686   0.27492   0.26927   0.0592  1.0000  0.0191  -1.6410   0.0000   0.0000   0.0000   0.3139
 -21.500  -0.7508   0.27081   0.26516   0.0536  1.0000  0.0194  -1.7045   0.0000   0.0000   0.0000   0.3089
 -21.000  -0.7328   0.26397   0.25835   0.0493  1.0000  0.0197  -1.7009   0.0000   0.0000   0.0000   0.3053
 -20.500  -0.7146   0.25615   0.25049   0.0462  1.0000  0.0207  -1.5989   0.0000   0.0000   0.0000   0.3031
 -20.000  -0.6963   0.25003   0.24436   0.0421  1.0000  0.0217  -1.5597   0.0000   0.0000   0.0000   0.2995
 -19.500  -0.6779   0.24392   0.23825   0.0379  1.0000  0.0228  -1.5359   0.0000   0.0000   0.0000   0.2954
 -19.000  -0.6594   0.23784   0.23217   0.0337  1.0000  0.0240  -1.5227   0.0000   0.0000   0.0000   0.2910
 -18.500  -0.6410   0.23243   0.22676   0.0289  1.0000  0.0249  -1.5458   0.0000   0.0000   0.0000   0.2855
 -18.000  -0.6251   0.22875   0.22309   0.0236  1.0000  0.0253  -1.6375   0.0000   0.0000   0.0000   0.2785
 -17.500  -0.6095   0.22349   0.21787   0.0191  1.0000  0.0256  -1.6922   0.0000   0.0000   0.0000   0.2724
 -17.000  -0.5875   0.21266   0.20702   0.0177  1.0000  0.0266  -1.5506   0.0000   0.0000   0.0000   0.2716
 -16.500  -0.5696   0.20618   0.20054   0.0145  1.0000  0.0280  -1.5114   0.0000   0.0000   0.0000   0.2672
 -16.000  -0.5521   0.19990   0.19427   0.0110  1.0000  0.0300  -1.4952   0.0000   0.0000   0.0000   0.2620
 -15.500  -0.5355   0.19433   0.18870   0.0068  1.0000  0.0321  -1.5276   0.0000   0.0000   0.0000   0.2551
 -15.000  -0.5247   0.19129   0.18571   0.0015  1.0000  0.0327  -1.6286   0.0000   0.0000   0.0000   0.2456
 -14.500  -0.5079   0.18321   0.17766  -0.0014  1.0000  0.0332  -1.6132   0.0000   0.0000   0.0000   0.2403
 -14.000  -0.4874   0.17416   0.16861  -0.0024  1.0000  0.0349  -1.4764   0.0000   0.0000   0.0000   0.2383
 -13.500  -0.4717   0.16765   0.16211  -0.0050  1.0000  0.0369  -1.4592   0.0000   0.0000   0.0000   0.2328
 -13.000  -0.4571   0.16133   0.15580  -0.0079  1.0000  0.0391  -1.4819   0.0000   0.0000   0.0000   0.2262
 -12.500  -0.4465   0.15629   0.15081  -0.0121  1.0000  0.0411  -1.5721   0.0000   0.0000   0.0000   0.2168
 -12.000  -0.4441   0.15301   0.14760  -0.0172  1.0000  0.0416  -1.7142   0.0000   0.0000   0.0000   0.2056
 -11.500  -0.4191   0.14180   0.13639  -0.0163  1.0000  0.0437  -1.5664   0.0000   0.0000   0.0000   0.2053
 -11.000  -0.4053   0.13533   0.12995  -0.0181  1.0000  0.0472  -1.5322   0.0000   0.0000   0.0000   0.1996
 -10.500  -0.3969   0.12992   0.12460  -0.0218  1.0000  0.0505  -1.5958   0.0000   0.0000   0.0000   0.1898
 -10.000  -0.3992   0.12656   0.12135  -0.0275  1.0000  0.0514  -1.7579   0.0000   0.0000   0.0000   0.1762
  -9.500  -0.3763   0.11644   0.11124  -0.0260  1.0000  0.0533  -1.6143   0.0000   0.0000   0.0000   0.1759
  -9.000  -0.3638   0.11011   0.10496  -0.0271  1.0000  0.0566  -1.5629   0.0000   0.0000   0.0000   0.1708
  -8.500  -0.3589   0.10477   0.09972  -0.0298  1.0000  0.0603  -1.6026   0.0000   0.0000   0.0000   0.1625
  -8.000  -0.3735   0.10190   0.09707  -0.0336  1.0000  0.0617  -1.7755   0.0000   0.0000   0.0000   0.1563
  -7.500  -0.3605   0.09392   0.08916  -0.0307  1.0000  0.0637  -1.6892   0.0000   0.0000   0.0000   0.1614
  -7.000  -0.3626   0.08928   0.08467  -0.0281  1.0000  0.0679  -1.6656   0.0000   0.0000   0.0000   0.1693
  -6.500  -0.3730   0.08531   0.08087  -0.0332  1.0000  0.0721  -1.8212   0.0000   0.0000   0.0000   0.1585
  -6.000  -0.3710   0.07913   0.07478  -0.0307  1.0000  0.0749  -1.7872   0.0000   0.0000   0.0000   0.1651
  -5.500  -0.3637   0.07376   0.06946  -0.0315  1.0000  0.0805  -1.7756   0.0000   0.0000   0.0000   0.1615
  -5.000  -0.3447   0.06660   0.06226  -0.0380  1.0000  0.0854  -1.8443   0.0000   0.0000   0.0000   0.1378
  -4.500  -0.3075   0.05926   0.05467  -0.0467  1.0000  0.0953  -1.8912   0.0000   0.0000   0.0000   0.0961
  -4.000  -0.2092   0.04349   0.03807  -0.0645  0.9912  0.0611  -2.1572   0.0000   0.0000   0.0000  -0.0618
  -3.500  -0.1126   0.03079   0.02391  -0.0773  0.9839  0.0505  -2.4070   0.0000   0.0000   0.0000  -0.4433
  -3.000  -0.0242   0.02492   0.01695  -0.0850  0.9752  0.0567  -2.2194   0.0000   0.0000   0.0000  -3.2914
  -2.500   0.0623   0.02130   0.01241  -0.0907  0.9655  0.0693  -1.9223   0.0000   0.0000   0.0000   1.7172
  -2.000   0.1423   0.01920   0.01002  -0.0952  0.9527  0.0959  -1.5876   0.0000   0.0000   0.0000   0.9230
  -1.500   0.2203   0.01767   0.00871  -0.0995  0.9385  0.1577  -1.2319   0.0000   0.0000   0.0000   0.7035
  -1.000   0.2996   0.01618   0.00791  -0.1042  0.9246  0.3505  -0.8859   0.0000   0.0000   0.0000   0.5986
  -0.500   0.3678   0.01433   0.00731  -0.1051  0.9081  1.0000  -0.5976   0.0000   0.0000   0.0000   0.5359
   0.500   0.5053   0.01409   0.00643  -0.1084  0.8667  1.0000  -0.6326   0.0000   0.0000   0.0000   0.4635
   1.000   0.5667   0.01402   0.00619  -0.1084  0.8417  1.0000  -0.6779   0.0000   0.0000   0.0000   0.4399
   1.500   0.6258   0.01401   0.00608  -0.1079  0.8145  1.0000  -0.7246   0.0000   0.0000   0.0000   0.4207
   2.000   0.6850   0.01403   0.00601  -0.1074  0.7876  1.0000  -0.7749   0.0000   0.0000   0.0000   0.4046
   2.500   0.7406   0.01425   0.00621  -0.1064  0.7573  1.0000  -0.8269   0.0000   0.0000   0.0000   0.3911
   3.000   0.7964   0.01455   0.00649  -0.1054  0.7283  1.0000  -0.9357   0.0000   0.0000   0.0000   0.3794
   3.500   0.8514   0.01497   0.00696  -0.1044  0.6993  1.0000  -1.1918   0.0000   0.0000   0.0000   0.3692
   4.000   0.9055   0.01549   0.00761  -0.1033  0.6708  1.0000  -1.5037   0.0000   0.0000   0.0000   0.3602
   4.500   0.9593   0.01608   0.00834  -0.1020  0.6425  1.0000  -1.8886   0.0000   0.0000   0.0000   0.3521
   5.000   1.0104   0.01656   0.00900  -0.0999  0.6047  1.0000  -2.3132   0.0000   0.0000   0.0000   0.3441
   5.500   1.0508   0.01674   0.00906  -0.0950  0.5200  1.0000  -2.7431   0.0000   0.0000   0.0000   0.3350
   6.000   1.0878   0.01759   0.00980  -0.0904  0.4084  1.0000  -3.1827   0.0000   0.0000   0.0000   0.3271
   6.500   1.0898   0.02270   0.01277  -0.0823  0.0935  1.0000  -3.3841   0.0000   0.0000   0.0000   0.3190
   7.000   1.1114   0.02622   0.01627  -0.0769  0.0621  1.0000  -3.6557   0.0000   0.0000   0.0000   0.3121
   7.500   1.1352   0.02960   0.01976  -0.0716  0.0505  1.0000  -3.9685   0.0000   0.0000   0.0000   0.3054
   8.000   1.1713   0.03356   0.02380  -0.0681  0.0423  1.0000  -4.3180   0.0000   0.0000   0.0000   0.2999
   8.500   1.2187   0.03872   0.02919  -0.0664  0.0365  1.0000  -4.6843   0.0000   0.0000   0.0000   0.2956
   9.000   1.2576   0.04466   0.03599  -0.0632  0.0340  1.0000  -4.8991   0.0000   0.0000   0.0000   0.2908
   9.500   1.2758   0.05138   0.04357  -0.0583  0.0327  1.0000  -5.0624   0.0000   0.0000   0.0000   0.2857
  10.000   1.2782   0.05765   0.05047  -0.0530  0.0309  1.0000  -5.2346   0.0000   0.0000   0.0000   0.2809
  10.500   1.2660   0.06430   0.05761  -0.0471  0.0301  1.0000  -5.3234   0.0000   0.0000   0.0000   0.2761
  11.000   1.2274   0.07188   0.06587  -0.0418  0.0306  1.0000  -5.1698   0.0000   0.0000   0.0000   0.2723
  11.500   1.1825   0.08180   0.07637  -0.0413  0.0313  1.0000  -4.9537   0.0000   0.0000   0.0000   0.2725
  12.000   1.1355   0.09455   0.08957  -0.0462  0.0321  1.0000  -4.6901   0.0000   0.0000   0.0000   0.2777
  12.500   1.0876   0.11116   0.10646  -0.0566  0.0334  1.0000  -4.3262   0.0000   0.0000   0.0000   0.2885
  13.000   1.0514   0.12995   0.12537  -0.0690  0.0353  1.0000  -3.9144   0.0000   0.0000   0.0000   0.3017
  13.500   1.0371   0.14581   0.14121  -0.0778  0.0365  1.0000  -3.6361   0.0000   0.0000   0.0000   0.3108
  15.500   0.8099   0.18623   0.18183  -0.0750  0.0854  1.0000  -1.8346   0.0000   0.0000   0.0000   0.3292
  16.000   0.7879   0.19174   0.18732  -0.0805  0.0799  1.0000  -1.6358   0.0000   0.0000   0.0000   0.3384
  16.500   0.8061   0.19934   0.19497  -0.0797  0.0752  1.0000  -1.7528   0.0000   0.0000   0.0000   0.3344


