xflr5 v6.61

 Calculated polar for: BLD_25

 1 1 Reynolds number fixed          Mach number fixed         

 xtrf =   1.000 (top)        1.000 (bottom)
 Mach =   0.200     Re =     0.025 e 6     Ncrit =   9.000

  alpha     CL        CD       CDp       Cm    Top Xtr Bot Xtr   Cpmin    Chinge    XCp    
 ------- -------- --------- --------- -------- ------- ------- -------- --------- ---------
 -25.500  -0.7975   0.31197   0.30022   0.0538  1.0000  0.0777  -1.5362   0.0000   0.0000   0.0000   0.3002
 -25.000  -0.7813   0.30551   0.29372   0.0500  1.0000  0.0807  -1.5045   0.0000   0.0000   0.0000   0.2973
 -24.500  -0.7658   0.30095   0.28915   0.0457  1.0000  0.0839  -1.4871   0.0000   0.0000   0.0000   0.2937
 -24.000  -0.7519   0.29932   0.28747   0.0410  1.0000  0.0860  -1.4887   0.0000   0.0000   0.0000   0.2892
 -23.500  -0.7350   0.29147   0.27964   0.0374  1.0000  0.0882  -1.4503   0.0000   0.0000   0.0000   0.2861
 -23.000  -0.7180   0.28484   0.27299   0.0340  1.0000  0.0924  -1.4057   0.0000   0.0000   0.0000   0.2830
 -22.500  -0.7032   0.28151   0.26966   0.0298  1.0000  0.0960  -1.4032   0.0000   0.0000   0.0000   0.2787
 -22.000  -0.6891   0.27840   0.26661   0.0256  1.0000  0.0976  -1.4198   0.0000   0.0000   0.0000   0.2741
 -21.500  -0.6700   0.26899   0.25717   0.0229  1.0000  0.1018  -1.3828   0.0000   0.0000   0.0000   0.2715
 -21.000  -0.6546   0.26481   0.25294   0.0192  1.0000  0.1060  -1.3821   0.0000   0.0000   0.0000   0.2671
 -20.500  -0.6425   0.26361   0.25182   0.0150  1.0000  0.1079  -1.4046   0.0000   0.0000   0.0000   0.2617
 -20.000  -0.6217   0.25287   0.24106   0.0128  1.0000  0.1128  -1.3537   0.0000   0.0000   0.0000   0.2592
 -19.500  -0.6074   0.24922   0.23744   0.0093  1.0000  0.1175  -1.3513   0.0000   0.0000   0.0000   0.2544
 -19.000  -0.5915   0.24330   0.23157   0.0063  1.0000  0.1205  -1.3355   0.0000   0.0000   0.0000   0.2501
 -18.500  -0.5747   0.23710   0.22539   0.0037  1.0000  0.1267  -1.3052   0.0000   0.0000   0.0000   0.2462
 -18.000  -0.5619   0.23347   0.22178   0.0005  1.0000  0.1305  -1.3013   0.0000   0.0000   0.0000   0.2411
 -17.500  -0.5441   0.22639   0.21471  -0.0017  1.0000  0.1379  -1.2590   0.0000   0.0000   0.0000   0.2374
 -17.000  -0.5299   0.22112   0.20952  -0.0042  1.0000  0.1426  -1.2439   0.0000   0.0000   0.0000   0.2327
 -16.500  -0.5159   0.21629   0.20473  -0.0066  1.0000  0.1500  -1.2475   0.0000   0.0000   0.0000   0.2283
 -16.000  -0.4993   0.20934   0.19784  -0.0085  1.0000  0.1557  -1.2398   0.0000   0.0000   0.0000   0.2242
 -15.500  -0.4910   0.20705   0.19564  -0.0110  1.0000  0.1620  -1.2646   0.0000   0.0000   0.0000   0.2191
 -15.000  -0.4719   0.19860   0.18724  -0.0123  1.0000  0.1702  -1.2409   0.0000   0.0000   0.0000   0.2156
 -14.500  -0.4585   0.19287   0.18153  -0.0140  1.0000  0.1769  -1.2398   0.0000   0.0000   0.0000   0.2114
 -14.000  -0.4530   0.19046   0.17925  -0.0160  1.0000  0.1843  -1.2623   0.0000   0.0000   0.0000   0.2071
 -13.500  -0.4371   0.18330   0.17214  -0.0169  1.0000  0.1944  -1.2433   0.0000   0.0000   0.0000   0.2037
 -13.000  -0.4231   0.17676   0.16568  -0.0178  1.0000  0.2042  -1.2282   0.0000   0.0000   0.0000   0.2004
 -12.500  -0.4117   0.17107   0.16010  -0.0187  1.0000  0.2150  -1.2185   0.0000   0.0000   0.0000   0.1974
 -12.000  -0.4037   0.16624   0.15539  -0.0194  1.0000  0.2271  -1.2149   0.0000   0.0000   0.0000   0.1950
 -11.500  -0.3927   0.16017   0.14945  -0.0197  1.0000  0.2404  -1.1989   0.0000   0.0000   0.0000   0.1930
 -11.000  -0.3800   0.15380   0.14317  -0.0196  1.0000  0.2577  -1.1725   0.0000   0.0000   0.0000   0.1917
 -10.500  -0.3767   0.14960   0.13914  -0.0195  1.0000  0.2724  -1.1708   0.0000   0.0000   0.0000   0.1916
 -10.000  -0.3635   0.14287   0.13243  -0.0189  1.0000  0.2917  -1.1502   0.0000   0.0000   0.0000   0.1915
  -9.500  -0.3531   0.13671   0.12642  -0.0182  1.0000  0.3105  -1.1545   0.0000   0.0000   0.0000   0.1922
  -9.000  -0.3454   0.13112   0.12099  -0.0170  1.0000  0.3318  -1.1619   0.0000   0.0000   0.0000   0.1946
  -8.500  -0.3394   0.12584   0.11588  -0.0154  1.0000  0.3568  -1.1691   0.0000   0.0000   0.0000   0.1988
  -8.000  -0.3324   0.12017   0.11039  -0.0133  1.0000  0.3845  -1.1722   0.0000   0.0000   0.0000   0.2043
  -7.500  -0.3236   0.11427   0.10466  -0.0106  1.0000  0.4193  -1.1691   0.0000   0.0000   0.0000   0.2117
  -7.000  -0.3176   0.10875   0.09933  -0.0071  1.0000  0.4608  -1.1664   0.0000   0.0000   0.0000   0.2223
  -6.500  -0.3039   0.10212   0.09287  -0.0031  1.0000  0.5177  -1.1497   0.0000   0.0000   0.0000   0.2345
  -6.000  -0.0448   0.06750   0.05721  -0.0339  1.0000  1.0000  -0.8954   0.0000   0.0000   0.0000  -0.5469
  -5.500  -0.0306   0.06331   0.05317  -0.0340  1.0000  1.0000  -0.8889   0.0000   0.0000   0.0000  -0.9141
  -5.000  -0.0172   0.05933   0.04935  -0.0339  1.0000  1.0000  -0.8889   0.0000   0.0000   0.0000  -1.7997
  -4.500  -0.0050   0.05557   0.04576  -0.0335  1.0000  1.0000  -0.9103   0.0000   0.0000   0.0000  -6.7550
  -4.000  -0.0468   0.05567   0.04628  -0.0197  1.0000  0.9707  -0.9487   0.0000   0.0000   0.0000  -0.1955
  -3.500  -0.1300   0.05850   0.04971   0.0013  1.0000  0.9012  -1.0026   0.0000   0.0000   0.0000   0.2533
  -3.000  -0.2102   0.06062   0.05242   0.0181  1.0000  0.8315  -1.0616   0.0000   0.0000   0.0000   0.3328
  -2.000  -0.0513   0.05048   0.04111  -0.0714  1.0000  0.2929  -1.4037   0.0000   0.0000   0.0000  -1.1537
  -1.500   0.0677   0.04257   0.03216  -0.0901  1.0000  0.3120  -1.4113   0.0000   0.0000   0.0000   1.5871
  -1.000   0.1726   0.03750   0.02596  -0.1019  1.0000  0.3736  -1.2936   0.0000   0.0000   0.0000   0.8423
  -0.500   0.2479   0.03446   0.02262  -0.1053  1.0000  0.5032  -1.1046   0.0000   0.0000   0.0000   0.6756
   0.000   0.2833   0.03059   0.02009  -0.0982  1.0000  0.8141  -0.9962   0.0000   0.0000   0.0000   0.5964
   0.500   0.3621   0.03163   0.01882  -0.1078  1.0000  1.0000  -0.7703   0.0000   0.0000   0.0000   0.5466
   1.000   0.4089   0.03339   0.01985  -0.1086  1.0000  1.0000  -0.5535   0.0000   0.0000   0.0000   0.5140
   1.500   0.4515   0.03547   0.02146  -0.1091  1.0000  1.0000  -0.5911   0.0000   0.0000   0.0000   0.4897
   2.000   0.4906   0.03792   0.02363  -0.1097  1.0000  1.0000  -0.6298   0.0000   0.0000   0.0000   0.4711
   2.500   0.5263   0.04078   0.02634  -0.1105  1.0000  1.0000  -0.6686   0.0000   0.0000   0.0000   0.4568
   3.000   0.5589   0.04408   0.02959  -0.1114  1.0000  1.0000  -0.7073   0.0000   0.0000   0.0000   0.4457
   3.500   0.5885   0.04784   0.03338  -0.1125  1.0000  1.0000  -0.7479   0.0000   0.0000   0.0000   0.4371
   4.000   0.6153   0.05208   0.03771  -0.1138  1.0000  1.0000  -0.7883   0.0000   0.0000   0.0000   0.4305
   4.500   0.6395   0.05679   0.04259  -0.1154  1.0000  1.0000  -0.8254   0.0000   0.0000   0.0000   0.4255
   5.000   0.7025   0.06327   0.04936  -0.1249  0.9665  1.0000  -0.9041   0.0000   0.0000   0.0000   0.4224
   5.500   0.7888   0.06925   0.05580  -0.1361  0.8960  1.0000  -1.0224   0.0000   0.0000   0.0000   0.4166
   6.000   0.8583   0.07442   0.06139  -0.1422  0.8298  1.0000  -1.1516   0.0000   0.0000   0.0000   0.4094
   6.500   0.9201   0.07932   0.06683  -0.1454  0.7646  1.0000  -1.2963   0.0000   0.0000   0.0000   0.4014
   7.000   0.9725   0.08422   0.07221  -0.1462  0.7019  1.0000  -1.4307   0.0000   0.0000   0.0000   0.3932
   7.500   1.0242   0.08897   0.07746  -0.1454  0.6393  1.0000  -1.6662   0.0000   0.0000   0.0000   0.3843
   8.000   1.0393   0.09581   0.08475  -0.1432  0.5919  1.0000  -1.7812   0.0000   0.0000   0.0000   0.3797
   8.500   1.0703   0.10220   0.09155  -0.1410  0.5421  1.0000  -1.9448   0.0000   0.0000   0.0000   0.3731
   9.000   1.0707   0.11116   0.10073  -0.1399  0.5100  1.0000  -1.9880   0.0000   0.0000   0.0000   0.3716
   9.500   1.0674   0.12091   0.11066  -0.1399  0.4858  1.0000  -2.0127   0.0000   0.0000   0.0000   0.3715
  10.500   1.0272   0.14576   0.13566  -0.1492  0.5205  1.0000  -1.8515   0.0000   0.0000   0.0000   0.3846
  12.000   0.9988   0.17468   0.16486  -0.1634  0.6141  1.0000  -1.7123   0.0000   0.0000   0.0000   0.4012
  12.500   1.0171   0.18288   0.17324  -0.1650  0.5809  1.0000  -1.7593   0.0000   0.0000   0.0000   0.3992
  13.000   1.0422   0.19224   0.18278  -0.1665  0.5409  1.0000  -1.8087   0.0000   0.0000   0.0000   0.3961
  13.500   1.0538   0.19920   0.18986  -0.1683  0.5155  1.0000  -1.8070   0.0000   0.0000   0.0000   0.3954
  14.000   1.0745   0.20756   0.19835  -0.1698  0.4787  1.0000  -1.8105   0.0000   0.0000   0.0000   0.3930
  14.500   1.0947   0.21681   0.20786  -0.1720  0.4534  1.0000  -1.7911   0.0000   0.0000   0.0000   0.3915
  15.000   1.1102   0.22376   0.21488  -0.1740  0.4235  1.0000  -1.7834   0.0000   0.0000   0.0000   0.3904
  15.500   1.1274   0.23144   0.22261  -0.1762  0.3976  1.0000  -1.7891   0.0000   0.0000   0.0000   0.3893
  16.000   1.1448   0.23913   0.23034  -0.1789  0.3760  1.0000  -1.7941   0.0000   0.0000   0.0000   0.3885
  16.500   1.1602   0.24554   0.23678  -0.1816  0.3522  1.0000  -1.7970   0.0000   0.0000   0.0000   0.3879
  17.000   1.1812   0.25450   0.24580  -0.1843  0.3333  1.0000  -1.8099   0.0000   0.0000   0.0000   0.3866
  17.500   1.1938   0.25979   0.25112  -0.1882  0.3185  1.0000  -1.8192   0.0000   0.0000   0.0000   0.3873
  18.000   1.2128   0.26779   0.25918  -0.1915  0.3036  1.0000  -1.8584   0.0000   0.0000   0.0000   0.3867
  18.500   1.2340   0.27750   0.26895  -0.1946  0.2905  1.0000  -1.9007   0.0000   0.0000   0.0000   0.3856
  19.000   1.2473   0.28264   0.27411  -0.1989  0.2786  1.0000  -1.9086   0.0000   0.0000   0.0000   0.3865
  19.500   1.2613   0.28776   0.27937  -0.2033  0.2649  1.0000  -1.9298   0.0000   0.0000   0.0000   0.3871
  20.000   1.2805   0.29564   0.28733  -0.2066  0.2490  1.0000  -1.9962   0.0000   0.0000   0.0000   0.3863


