xflr5 v6.61

 Calculated polar for: BLD_25

 1 1 Reynolds number fixed          Mach number fixed         

 xtrf =   1.000 (top)        1.000 (bottom)
 Mach =   0.200     Re =     0.125 e 6     Ncrit =   9.000

  alpha     CL        CD       CDp       Cm    Top Xtr Bot Xtr   Cpmin    Chinge    XCp    
 ------- -------- --------- --------- -------- ------- ------- -------- --------- ---------
 -19.000  -0.5740   0.23412   0.22875   0.0040  1.0000  0.0226  -1.5120   0.0000   0.0000   0.0000   0.2459
 -18.500  -0.5579   0.22735   0.22198   0.0021  1.0000  0.0233  -1.4345   0.0000   0.0000   0.0000   0.2429
 -18.000  -0.5424   0.22160   0.21622  -0.0004  1.0000  0.0242  -1.3933   0.0000   0.0000   0.0000   0.2388
 -17.500  -0.5271   0.21593   0.21056  -0.0030  1.0000  0.0252  -1.3637   0.0000   0.0000   0.0000   0.2343
 -17.000  -0.5120   0.21028   0.20494  -0.0055  1.0000  0.0263  -1.3420   0.0000   0.0000   0.0000   0.2294
 -16.500  -0.4973   0.20507   0.19974  -0.0083  1.0000  0.0275  -1.3410   0.0000   0.0000   0.0000   0.2238
 -16.000  -0.4861   0.20202   0.19674  -0.0119  1.0000  0.0281  -1.3904   0.0000   0.0000   0.0000   0.2163
 -15.500  -0.4798   0.20017   0.19494  -0.0155  1.0000  0.0283  -1.4900   0.0000   0.0000   0.0000   0.2089
 -15.000  -0.4584   0.18822   0.18301  -0.0155  1.0000  0.0291  -1.4092   0.0000   0.0000   0.0000   0.2074
 -14.500  -0.4429   0.18117   0.17595  -0.0162  1.0000  0.0305  -1.3347   0.0000   0.0000   0.0000   0.2050
 -14.000  -0.4298   0.17538   0.17019  -0.0176  1.0000  0.0324  -1.3183   0.0000   0.0000   0.0000   0.2009
 -13.500  -0.4175   0.16966   0.16451  -0.0191  1.0000  0.0344  -1.3306   0.0000   0.0000   0.0000   0.1961
 -13.000  -0.4065   0.16422   0.15911  -0.0210  1.0000  0.0362  -1.3711   0.0000   0.0000   0.0000   0.1906
 -12.500  -0.4005   0.16048   0.15543  -0.0237  1.0000  0.0371  -1.4726   0.0000   0.0000   0.0000   0.1833
 -12.000  -0.4003   0.15769   0.15271  -0.0265  1.0000  0.0374  -1.5872   0.0000   0.0000   0.0000   0.1768
 -11.500  -0.3788   0.14700   0.14205  -0.0251  1.0000  0.0384  -1.4638   0.0000   0.0000   0.0000   0.1766
 -11.000  -0.3667   0.14075   0.13585  -0.0250  1.0000  0.0400  -1.3980   0.0000   0.0000   0.0000   0.1750
 -10.500  -0.3577   0.13522   0.13038  -0.0254  1.0000  0.0419  -1.3778   0.0000   0.0000   0.0000   0.1723
 -10.000  -0.3509   0.13003   0.12525  -0.0261  1.0000  0.0442  -1.3872   0.0000   0.0000   0.0000   0.1692
  -9.000  -0.3640   0.12465   0.12011  -0.0298  1.0000  0.0461  -1.6171   0.0000   0.0000   0.0000   0.1630
  -8.750  -0.3475   0.11795   0.11339  -0.0276  1.0000  0.0469  -1.4904   0.0000   0.0000   0.0000   0.1651
  -8.500  -0.3391   0.11429   0.10974  -0.0262  1.0000  0.0480  -1.4072   0.0000   0.0000   0.0000   0.1674
  -8.250  -0.3360   0.11169   0.10718  -0.0254  1.0000  0.0491  -1.3724   0.0000   0.0000   0.0000   0.1693
  -8.000  -0.3347   0.10932   0.10486  -0.0247  1.0000  0.0503  -1.3547   0.0000   0.0000   0.0000   0.1713
  -7.750  -0.3349   0.10710   0.10269  -0.0240  1.0000  0.0515  -1.3541   0.0000   0.0000   0.0000   0.1737
  -7.500  -0.3369   0.10504   0.10069  -0.0232  1.0000  0.0528  -1.3744   0.0000   0.0000   0.0000   0.1767
  -7.250  -0.3422   0.10337   0.09909  -0.0223  1.0000  0.0541  -1.4112   0.0000   0.0000   0.0000   0.1807
  -7.000  -0.3537   0.10246   0.09827  -0.0210  1.0000  0.0550  -1.4710   0.0000   0.0000   0.0000   0.1870
  -6.500  -0.3740   0.10034   0.09633  -0.0227  1.0000  0.0557  -1.6404   0.0000   0.0000   0.0000   0.1863
  -6.000  -0.3681   0.09331   0.08940  -0.0175  1.0000  0.0574  -1.5578   0.0000   0.0000   0.0000   0.1996
  -5.750  -0.3654   0.09089   0.08702  -0.0157  1.0000  0.0593  -1.5146   0.0000   0.0000   0.0000   0.2043
  -5.500  -0.3637   0.08855   0.08472  -0.0159  1.0000  0.0617  -1.5163   0.0000   0.0000   0.0000   0.2037
  -5.250  -0.3582   0.08593   0.08215  -0.0208  1.0000  0.0649  -1.5887   0.0000   0.0000   0.0000   0.1895
  -4.750  -0.3443   0.07946   0.07576  -0.0238  1.0000  0.0679  -1.6066   0.0000   0.0000   0.0000   0.1783
  -4.500  -0.3355   0.07680   0.07312  -0.0242  1.0000  0.0705  -1.5775   0.0000   0.0000   0.0000   0.1754
  -4.250  -0.2913   0.07099   0.06720  -0.0429  1.0000  0.0762  -1.7410   0.0000   0.0000   0.0000   0.1000
  -4.000  -0.2905   0.06857   0.06486  -0.0380  1.0000  0.0775  -1.6531   0.0000   0.0000   0.0000   0.1165
  -3.750  -0.2770   0.06593   0.06219  -0.0383  1.0000  0.0806  -1.6005   0.0000   0.0000   0.0000   0.1092
  -3.500  -0.2291   0.06021   0.05633  -0.0521  1.0000  0.0878  -1.6619   0.0000   0.0000   0.0000   0.0196
  -2.500   0.0495   0.03199   0.02597  -0.1058  0.9951  0.0653  -1.9792   0.0000   0.0000   0.0000   2.4010
  -2.250   0.1136   0.02705   0.02021  -0.1139  0.9950  0.0584  -1.9752   0.0000   0.0000   0.0000   1.2585
  -2.000   0.1706   0.02442   0.01682  -0.1194  0.9931  0.0584  -1.9192   0.0000   0.0000   0.0000   0.9538
  -1.750   0.2229   0.02292   0.01492  -0.1238  0.9904  0.0641  -1.8196   0.0000   0.0000   0.0000   0.8081
  -1.500   0.2760   0.02172   0.01360  -0.1285  0.9883  0.0855  -1.7019   0.0000   0.0000   0.0000   0.7174
  -1.250   0.3228   0.02117   0.01311  -0.1323  0.9826  0.1176  -1.4989   0.0000   0.0000   0.0000   0.6613
  -1.000   0.3707   0.02095   0.01308  -0.1366  0.9776  0.1751  -1.2475   0.0000   0.0000   0.0000   0.6194
  -0.750   0.4170   0.02047   0.01289  -0.1405  0.9714  0.2550  -1.0461   0.0000   0.0000   0.0000   0.5874
  -0.500   0.4624   0.01999   0.01286  -0.1443  0.9647  0.3754  -0.8543   0.0000   0.0000   0.0000   0.5621
  -0.250   0.5076   0.01891   0.01291  -0.1473  0.9612  0.7154  -0.6645   0.0000   0.0000   0.0000   0.5399
   0.000   0.5375   0.01836   0.01247  -0.1468  0.9506  1.0000  -0.6081   0.0000   0.0000   0.0000   0.5226
   0.250   0.5789   0.01829   0.01219  -0.1492  0.9409  1.0000  -0.6420   0.0000   0.0000   0.0000   0.5069
   0.500   0.6196   0.01815   0.01190  -0.1514  0.9309  1.0000  -0.6773   0.0000   0.0000   0.0000   0.4932
   0.750   0.6597   0.01795   0.01160  -0.1533  0.9208  1.0000  -0.7148   0.0000   0.0000   0.0000   0.4810
   1.000   0.6994   0.01768   0.01125  -0.1551  0.9106  1.0000  -0.7554   0.0000   0.0000   0.0000   0.4701
   1.250   0.7390   0.01732   0.01084  -0.1566  0.9003  1.0000  -0.7982   0.0000   0.0000   0.0000   0.4601
   1.500   0.7785   0.01686   0.01034  -0.1580  0.8899  1.0000  -0.8433   0.0000   0.0000   0.0000   0.4508
   1.750   0.8181   0.01628   0.00975  -0.1592  0.8793  1.0000  -0.8951   0.0000   0.0000   0.0000   0.4423
   2.000   0.8589   0.01568   0.00916  -0.1606  0.8684  1.0000  -0.9537   0.0000   0.0000   0.0000   0.4344
   2.250   0.9006   0.01508   0.00857  -0.1622  0.8567  1.0000  -1.0149   0.0000   0.0000   0.0000   0.4272
   2.500   0.9358   0.01468   0.00818  -0.1625  0.8398  1.0000  -1.0743   0.0000   0.0000   0.0000   0.4205
   2.750   0.9765   0.01418   0.00771  -0.1638  0.8231  1.0000  -1.1458   0.0000   0.0000   0.0000   0.4144
   3.000   1.0132   0.01388   0.00739  -0.1644  0.8012  1.0000  -1.2188   0.0000   0.0000   0.0000   0.4087
   3.250   1.0470   0.01374   0.00722  -0.1646  0.7752  1.0000  -1.2924   0.0000   0.0000   0.0000   0.4033
   3.500   1.0804   0.01371   0.00711  -0.1646  0.7474  1.0000  -1.3910   0.0000   0.0000   0.0000   0.3982
   3.750   1.1102   0.01383   0.00716  -0.1640  0.7163  1.0000  -1.4855   0.0000   0.0000   0.0000   0.3933
   4.000   1.1375   0.01407   0.00729  -0.1630  0.6835  1.0000  -1.5772   0.0000   0.0000   0.0000   0.3886
   4.250   1.1627   0.01440   0.00750  -0.1617  0.6499  1.0000  -1.6666   0.0000   0.0000   0.0000   0.3841
   4.500   1.1867   0.01479   0.00778  -0.1603  0.6165  1.0000  -1.8124   0.0000   0.0000   0.0000   0.3797
   4.750   1.2097   0.01524   0.00818  -0.1586  0.5829  1.0000  -1.9601   0.0000   0.0000   0.0000   0.3755
   5.000   1.2316   0.01574   0.00856  -0.1569  0.5489  1.0000  -2.1080   0.0000   0.0000   0.0000   0.3714
   5.250   1.2526   0.01628   0.00899  -0.1550  0.5145  1.0000  -2.2631   0.0000   0.0000   0.0000   0.3675
   5.500   1.2724   0.01687   0.00945  -0.1529  0.4787  1.0000  -2.4375   0.0000   0.0000   0.0000   0.3636
   5.750   1.2903   0.01750   0.00994  -0.1505  0.4394  1.0000  -2.6094   0.0000   0.0000   0.0000   0.3598
   6.000   1.3066   0.01818   0.01045  -0.1479  0.3977  1.0000  -2.7794   0.0000   0.0000   0.0000   0.3560
   6.250   1.3220   0.01892   0.01100  -0.1453  0.3543  1.0000  -2.9487   0.0000   0.0000   0.0000   0.3524
   6.500   1.3375   0.01973   0.01164  -0.1427  0.3137  1.0000  -3.1201   0.0000   0.0000   0.0000   0.3489
   6.750   1.3535   0.02060   0.01248  -0.1404  0.2784  1.0000  -3.2947   0.0000   0.0000   0.0000   0.3455
   7.000   1.3696   0.02152   0.01331  -0.1381  0.2478  1.0000  -3.4696   0.0000   0.0000   0.0000   0.3423
   7.250   1.3853   0.02249   0.01422  -0.1357  0.2183  1.0000  -3.6435   0.0000   0.0000   0.0000   0.3391
   7.500   1.3998   0.02353   0.01519  -0.1333  0.1896  1.0000  -3.8128   0.0000   0.0000   0.0000   0.3360
   7.750   1.4130   0.02467   0.01626  -0.1306  0.1628  1.0000  -3.9744   0.0000   0.0000   0.0000   0.3329
   8.000   1.4246   0.02593   0.01747  -0.1278  0.1354  1.0000  -4.1224   0.0000   0.0000   0.0000   0.3298
   8.250   1.4314   0.02746   0.01887  -0.1242  0.1099  1.0000  -4.2393   0.0000   0.0000   0.0000   0.3265
   8.500   1.4350   0.02932   0.02063  -0.1201  0.0886  1.0000  -4.3202   0.0000   0.0000   0.0000   0.3231
   9.000   1.4436   0.03334   0.02466  -0.1123  0.0645  1.0000  -4.5060   0.0000   0.0000   0.0000   0.3165
   9.250   1.4487   0.03541   0.02665  -0.1090  0.0582  1.0000  -4.6307   0.0000   0.0000   0.0000   0.3136
   9.500   1.4594   0.03711   0.02857  -0.1062  0.0529  1.0000  -4.7655   0.0000   0.0000   0.0000   0.3107
   9.750   1.4692   0.03921   0.03067  -0.1036  0.0497  1.0000  -4.9079   0.0000   0.0000   0.0000   0.3081
  10.000   1.4854   0.04178   0.03345  -0.1016  0.0474  1.0000  -5.0432   0.0000   0.0000   0.0000   0.3057
  10.250   1.5013   0.04429   0.03626  -0.0996  0.0455  1.0000  -5.1685   0.0000   0.0000   0.0000   0.3032
  10.500   1.5146   0.04703   0.03928  -0.0975  0.0439  1.0000  -5.2831   0.0000   0.0000   0.0000   0.3009
  10.750   1.5235   0.04994   0.04248  -0.0950  0.0428  1.0000  -5.3788   0.0000   0.0000   0.0000   0.2985
  11.000   1.5278   0.05303   0.04586  -0.0922  0.0421  1.0000  -5.4709   0.0000   0.0000   0.0000   0.2961
  11.250   1.5274   0.05632   0.04945  -0.0892  0.0416  1.0000  -5.5557   0.0000   0.0000   0.0000   0.2938
  11.500   1.5221   0.05983   0.05328  -0.0860  0.0413  1.0000  -5.6103   0.0000   0.0000   0.0000   0.2915
  11.750   1.5124   0.06360   0.05738  -0.0830  0.0412  1.0000  -5.6361   0.0000   0.0000   0.0000   0.2895
  12.000   1.4986   0.06767   0.06178  -0.0802  0.0412  1.0000  -5.6343   0.0000   0.0000   0.0000   0.2878
  12.250   1.4814   0.07210   0.06653  -0.0781  0.0413  1.0000  -5.6092   0.0000   0.0000   0.0000   0.2866
  12.500   1.4614   0.07697   0.07171  -0.0768  0.0414  1.0000  -5.5634   0.0000   0.0000   0.0000   0.2860
  12.750   1.4371   0.08258   0.07764  -0.0766  0.0416  1.0000  -5.4804   0.0000   0.0000   0.0000   0.2864
  13.000   1.4079   0.08930   0.08469  -0.0780  0.0420  1.0000  -5.3485   0.0000   0.0000   0.0000   0.2880
  13.250   1.3773   0.09707   0.09276  -0.0811  0.0425  1.0000  -5.1898   0.0000   0.0000   0.0000   0.2911
  13.500   1.3459   0.10598   0.10194  -0.0861  0.0431  1.0000  -5.0041   0.0000   0.0000   0.0000   0.2959
  13.750   1.3128   0.11661   0.11279  -0.0933  0.0437  1.0000  -4.7698   0.0000   0.0000   0.0000   0.3027
  14.000   1.2763   0.12990   0.12626  -0.1033  0.0447  1.0000  -4.4455   0.0000   0.0000   0.0000   0.3124
  14.250   1.2396   0.14592   0.14236  -0.1152  0.0461  1.0000  -4.0139   0.0000   0.0000   0.0000   0.3245
  14.500   1.2192   0.15858   0.15500  -0.1234  0.0474  1.0000  -3.7020   0.0000   0.0000   0.0000   0.3327
  14.750   1.2127   0.16663   0.16297  -0.1277  0.0482  1.0000  -3.5741   0.0000   0.0000   0.0000   0.3366
  15.500   0.9336   0.17705   0.17353  -0.1071  0.0579  1.0000  -2.2873   0.0000   0.0000   0.0000   0.3475


