xflr5 v6.61

 Calculated polar for: BLD_100

 1 1 Reynolds number fixed          Mach number fixed         

 xtrf =   1.000 (top)        1.000 (bottom)
 Mach =   0.200     Re =     0.090 e 6     Ncrit =   7.000

  alpha     CL        CD       CDp       Cm    Top Xtr Bot Xtr   Cpmin    Chinge    XCp    
 ------- -------- --------- --------- -------- ------- ------- -------- --------- ---------
 -18.500  -0.6416   0.23206   0.22611   0.0289  1.0000  0.0263  -1.5551   0.0000   0.0000   0.0000   0.2853
 -18.000  -0.6232   0.22536   0.21939   0.0255  1.0000  0.0275  -1.5142   0.0000   0.0000   0.0000   0.2816
 -17.500  -0.6050   0.21910   0.21313   0.0218  1.0000  0.0289  -1.5008   0.0000   0.0000   0.0000   0.2771
 -17.000  -0.5871   0.21292   0.20696   0.0180  1.0000  0.0305  -1.5023   0.0000   0.0000   0.0000   0.2721
 -16.500  -0.5702   0.20786   0.20192   0.0134  1.0000  0.0323  -1.5515   0.0000   0.0000   0.0000   0.2653
 -16.000  -0.5597   0.20595   0.20006   0.0077  1.0000  0.0328  -1.6634   0.0000   0.0000   0.0000   0.2560
 -15.500  -0.5366   0.19434   0.18844   0.0065  1.0000  0.0339  -1.5443   0.0000   0.0000   0.0000   0.2546
 -15.000  -0.5189   0.18740   0.18150   0.0040  1.0000  0.0357  -1.4806   0.0000   0.0000   0.0000   0.2504
 -14.500  -0.5024   0.18103   0.17514   0.0010  1.0000  0.0378  -1.4539   0.0000   0.0000   0.0000   0.2448
 -14.000  -0.4872   0.17498   0.16913  -0.0025  1.0000  0.0400  -1.4553   0.0000   0.0000   0.0000   0.2380
 -13.500  -0.4772   0.17098   0.16517  -0.0072  1.0000  0.0413  -1.5602   0.0000   0.0000   0.0000   0.2284
 -13.000  -0.4740   0.16822   0.16248  -0.0122  1.0000  0.0417  -1.6930   0.0000   0.0000   0.0000   0.2183
 -12.500  -0.4447   0.15527   0.14950  -0.0111  1.0000  0.0439  -1.5225   0.0000   0.0000   0.0000   0.2189
 -12.000  -0.4302   0.14877   0.14303  -0.0132  1.0000  0.0472  -1.5009   0.0000   0.0000   0.0000   0.2132
 -11.500  -0.4212   0.14369   0.13799  -0.0171  1.0000  0.0507  -1.5715   0.0000   0.0000   0.0000   0.2037
 -11.000  -0.4235   0.14103   0.13543  -0.0227  1.0000  0.0514  -1.7314   0.0000   0.0000   0.0000   0.1911
 -10.500  -0.3960   0.12959   0.12399  -0.0210  1.0000  0.0540  -1.5608   0.0000   0.0000   0.0000   0.1916
 -10.000  -0.3836   0.12324   0.11768  -0.0228  1.0000  0.0575  -1.5375   0.0000   0.0000   0.0000   0.1854
  -9.500  -0.3785   0.11820   0.11273  -0.0265  1.0000  0.0610  -1.6066   0.0000   0.0000   0.0000   0.1751
  -9.000  -0.3853   0.11505   0.10973  -0.0323  1.0000  0.0618  -1.7740   0.0000   0.0000   0.0000   0.1619
  -8.500  -0.3582   0.10490   0.09959  -0.0290  1.0000  0.0653  -1.5644   0.0000   0.0000   0.0000   0.1645
  -8.000  -0.3538   0.09965   0.09445  -0.0303  1.0000  0.0701  -1.5856   0.0000   0.0000   0.0000   0.1603
  -7.500  -0.3743   0.09717   0.09223  -0.0325  1.0000  0.0723  -1.7502   0.0000   0.0000   0.0000   0.1599
  -7.000  -0.3636   0.09001   0.08515  -0.0284  1.0000  0.0764  -1.6553   0.0000   0.0000   0.0000   0.1689
  -6.500  -0.3691   0.08560   0.08091  -0.0296  1.0000  0.0819  -1.7110   0.0000   0.0000   0.0000   0.1672
  -6.000  -0.3699   0.07990   0.07530  -0.0338  1.0000  0.0846  -1.8111   0.0000   0.0000   0.0000   0.1565
  -5.500  -0.3628   0.07439   0.06986  -0.0309  1.0000  0.0893  -1.7404   0.0000   0.0000   0.0000   0.1627
  -5.000  -0.3435   0.06747   0.06289  -0.0381  1.0000  0.0963  -1.8108   0.0000   0.0000   0.0000   0.1371
  -3.500  -0.1520   0.03546   0.02909  -0.0697  0.9910  0.0567  -2.2128   0.0000   0.0000   0.0000  -0.2131
  -3.000  -0.0548   0.02711   0.01911  -0.0796  0.9831  0.0600  -2.2332   0.0000   0.0000   0.0000  -1.2160
  -2.500   0.0338   0.02297   0.01390  -0.0860  0.9731  0.0715  -1.9625   0.0000   0.0000   0.0000   2.8107
  -2.000   0.1175   0.02058   0.01118  -0.0914  0.9607  0.0962  -1.6347   0.0000   0.0000   0.0000   1.0324
  -1.500   0.1992   0.01893   0.00964  -0.0964  0.9470  0.1532  -1.2771   0.0000   0.0000   0.0000   0.7359
  -1.000   0.2820   0.01740   0.00876  -0.1018  0.9334  0.3350  -0.9255   0.0000   0.0000   0.0000   0.6119
  -0.500   0.3494   0.01551   0.00818  -0.1028  0.9149  1.0000  -0.6364   0.0000   0.0000   0.0000   0.5443
   0.000   0.4228   0.01549   0.00773  -0.1056  0.8946  1.0000  -0.5758   0.0000   0.0000   0.0000   0.4993
   0.500   0.4921   0.01541   0.00738  -0.1073  0.8728  1.0000  -0.6225   0.0000   0.0000   0.0000   0.4672
   1.000   0.5571   0.01532   0.00713  -0.1080  0.8491  1.0000  -0.6696   0.0000   0.0000   0.0000   0.4427
   1.500   0.6195   0.01526   0.00696  -0.1082  0.8240  1.0000  -0.7182   0.0000   0.0000   0.0000   0.4229
   2.000   0.6800   0.01525   0.00689  -0.1078  0.7978  1.0000  -0.7690   0.0000   0.0000   0.0000   0.4065
   2.500   0.7365   0.01544   0.00707  -0.1069  0.7687  1.0000  -0.8214   0.0000   0.0000   0.0000   0.3927
   3.000   0.7934   0.01568   0.00732  -0.1060  0.7408  1.0000  -0.9241   0.0000   0.0000   0.0000   0.3807
   3.500   0.8483   0.01610   0.00782  -0.1049  0.7118  1.0000  -1.1763   0.0000   0.0000   0.0000   0.3704
   4.000   0.9032   0.01658   0.00845  -0.1038  0.6842  1.0000  -1.4862   0.0000   0.0000   0.0000   0.3612
   4.500   0.9566   0.01719   0.00925  -0.1025  0.6554  1.0000  -1.8639   0.0000   0.0000   0.0000   0.3529
   5.000   1.0090   0.01777   0.01009  -0.1007  0.6230  1.0000  -2.2882   0.0000   0.0000   0.0000   0.3451
   5.500   1.0501   0.01767   0.00985  -0.0954  0.5412  1.0000  -2.7195   0.0000   0.0000   0.0000   0.3355
   6.000   1.0870   0.01833   0.01047  -0.0904  0.4399  1.0000  -3.1605   0.0000   0.0000   0.0000   0.3272
   6.500   1.0890   0.02300   0.01305  -0.0820  0.1128  1.0000  -3.3695   0.0000   0.0000   0.0000   0.3188
   7.000   1.1075   0.02694   0.01681  -0.0762  0.0698  1.0000  -3.6062   0.0000   0.0000   0.0000   0.3117
   7.500   1.1281   0.03060   0.02044  -0.0708  0.0558  1.0000  -3.9123   0.0000   0.0000   0.0000   0.3051
   8.000   1.1663   0.03476   0.02457  -0.0676  0.0462  1.0000  -4.2724   0.0000   0.0000   0.0000   0.2997
   8.500   1.2171   0.03955   0.02993  -0.0655  0.0405  1.0000  -4.5887   0.0000   0.0000   0.0000   0.2950
   9.000   1.2571   0.04610   0.03697  -0.0633  0.0367  1.0000  -4.8786   0.0000   0.0000   0.0000   0.2909
   9.500   1.2757   0.05305   0.04488  -0.0584  0.0360  1.0000  -5.0154   0.0000   0.0000   0.0000   0.2858
  10.000   1.2714   0.06007   0.05280  -0.0522  0.0353  1.0000  -5.0514   0.0000   0.0000   0.0000   0.2805
  10.500   1.2471   0.06680   0.06019  -0.0454  0.0348  1.0000  -5.0191   0.0000   0.0000   0.0000   0.2753
  11.000   1.2132   0.07453   0.06845  -0.0414  0.0347  1.0000  -4.9384   0.0000   0.0000   0.0000   0.2724
  11.500   1.1745   0.08409   0.07847  -0.0414  0.0350  1.0000  -4.8083   0.0000   0.0000   0.0000   0.2729
  12.000   1.1350   0.09581   0.09054  -0.0456  0.0356  1.0000  -4.6365   0.0000   0.0000   0.0000   0.2772
  12.500   1.0994   0.10945   0.10440  -0.0529  0.0363  1.0000  -4.4348   0.0000   0.0000   0.0000   0.2845
  13.000   1.0730   0.12388   0.11895  -0.0611  0.0370  1.0000  -4.2304   0.0000   0.0000   0.0000   0.2929
  13.500   1.0275   0.15265   0.14779  -0.0817  0.0446  1.0000  -3.2523   0.0000   0.0000   0.0000   0.3156
  14.000   1.0313   0.16322   0.15833  -0.0856  0.0459  1.0000  -3.2064   0.0000   0.0000   0.0000   0.3185
  14.500   0.8155   0.16469   0.15999  -0.0685  0.0538  1.0000  -2.2497   0.0000   0.0000   0.0000   0.3210
  15.500   1.0375   0.20661   0.20158  -0.1127  0.0823  1.0000  -2.2253   0.0000   0.0000   0.0000   0.3430
  16.000   1.0549   0.21455   0.20955  -0.1152  0.0768  1.0000  -2.2807   0.0000   0.0000   0.0000   0.3429
  16.500   1.0636   0.22315   0.21811  -0.1211  0.0740  1.0000  -2.2067   0.0000   0.0000   0.0000   0.3468
  17.000   1.0755   0.23048   0.22543  -0.1263  0.0678  1.0000  -2.1938   0.0000   0.0000   0.0000   0.3496


