xflr5 v6.61

 Calculated polar for: BLD_25

 1 1 Reynolds number fixed          Mach number fixed         

 xtrf =   1.000 (top)        1.000 (bottom)
 Mach =   0.200     Re =     0.070 e 6     Ncrit =   7.000

  alpha     CL        CD       CDp       Cm    Top Xtr Bot Xtr   Cpmin    Chinge    XCp    
 ------- -------- --------- --------- -------- ------- ------- -------- --------- ---------
 -21.500  -0.6559   0.26510   0.25790   0.0195  1.0000  0.0288  -1.5172   0.0000   0.0000   0.0000   0.2667
 -21.000  -0.6387   0.25688   0.24964   0.0172  1.0000  0.0298  -1.4540   0.0000   0.0000   0.0000   0.2642
 -20.500  -0.6226   0.25098   0.24375   0.0142  1.0000  0.0309  -1.4269   0.0000   0.0000   0.0000   0.2606
 -20.000  -0.6065   0.24536   0.23814   0.0111  1.0000  0.0321  -1.4108   0.0000   0.0000   0.0000   0.2565
 -19.500  -0.5905   0.23981   0.23260   0.0081  1.0000  0.0335  -1.3992   0.0000   0.0000   0.0000   0.2522
 -19.000  -0.5746   0.23432   0.22712   0.0050  1.0000  0.0349  -1.3913   0.0000   0.0000   0.0000   0.2476
 -18.500  -0.5591   0.22916   0.22198   0.0018  1.0000  0.0362  -1.3936   0.0000   0.0000   0.0000   0.2425
 -18.000  -0.5449   0.22502   0.21784  -0.0017  1.0000  0.0370  -1.4163   0.0000   0.0000   0.0000   0.2366
 -17.500  -0.5341   0.22280   0.21567  -0.0056  1.0000  0.0374  -1.4646   0.0000   0.0000   0.0000   0.2296
 -17.000  -0.5143   0.21227   0.20516  -0.0064  1.0000  0.0386  -1.3556   0.0000   0.0000   0.0000   0.2278
 -16.500  -0.4985   0.20605   0.19897  -0.0083  1.0000  0.0406  -1.2930   0.0000   0.0000   0.0000   0.2239
 -16.000  -0.4838   0.20042   0.19337  -0.0105  1.0000  0.0426  -1.2797   0.0000   0.0000   0.0000   0.2191
 -15.500  -0.4702   0.19518   0.18817  -0.0130  1.0000  0.0446  -1.3070   0.0000   0.0000   0.0000   0.2135
 -15.000  -0.4601   0.19171   0.18475  -0.0161  1.0000  0.0458  -1.3801   0.0000   0.0000   0.0000   0.2064
 -14.500  -0.4557   0.19000   0.18312  -0.0195  1.0000  0.0461  -1.4795   0.0000   0.0000   0.0000   0.1991
 -14.000  -0.4312   0.17780   0.17090  -0.0188  1.0000  0.0480  -1.3567   0.0000   0.0000   0.0000   0.1983
 -13.500  -0.4177   0.17176   0.16490  -0.0199  1.0000  0.0503  -1.3361   0.0000   0.0000   0.0000   0.1943
 -13.000  -0.4060   0.16623   0.15942  -0.0214  1.0000  0.0529  -1.3421   0.0000   0.0000   0.0000   0.1894
 -12.500  -0.3980   0.16185   0.15511  -0.0236  1.0000  0.0551  -1.3907   0.0000   0.0000   0.0000   0.1831
 -12.000  -0.3974   0.15938   0.15274  -0.0264  1.0000  0.0558  -1.4831   0.0000   0.0000   0.0000   0.1765
 -11.500  -0.3767   0.14945   0.14285  -0.0255  1.0000  0.0576  -1.3805   0.0000   0.0000   0.0000   0.1753
 -11.000  -0.3653   0.14349   0.13695  -0.0257  1.0000  0.0607  -1.3424   0.0000   0.0000   0.0000   0.1726
 -10.500  -0.3596   0.13886   0.13241  -0.0270  1.0000  0.0646  -1.3647   0.0000   0.0000   0.0000   0.1683
 -10.000  -0.3671   0.13709   0.13078  -0.0296  1.0000  0.0658  -1.4777   0.0000   0.0000   0.0000   0.1634
  -9.500  -0.3432   0.12735   0.12103  -0.0272  1.0000  0.0705  -1.3210   0.0000   0.0000   0.0000   0.1647
  -9.000  -0.3428   0.12340   0.11721  -0.0279  1.0000  0.0747  -1.3513   0.0000   0.0000   0.0000   0.1629
  -8.500  -0.3594   0.12228   0.11629  -0.0293  1.0000  0.0758  -1.4730   0.0000   0.0000   0.0000   0.1636
  -8.000  -0.3329   0.11238   0.10643  -0.0261  1.0000  0.0802  -1.3437   0.0000   0.0000   0.0000   0.1667
  -7.500  -0.3376   0.10858   0.10279  -0.0249  1.0000  0.0846  -1.3883   0.0000   0.0000   0.0000   0.1718
  -7.000  -0.3640   0.10751   0.10196  -0.0235  1.0000  0.0863  -1.5127   0.0000   0.0000   0.0000   0.1820
  -6.500  -0.3522   0.10022   0.09477  -0.0196  1.0000  0.0895  -1.4527   0.0000   0.0000   0.0000   0.1910
  -6.000  -0.3546   0.09591   0.09062  -0.0190  1.0000  0.0948  -1.4817   0.0000   0.0000   0.0000   0.1933
  -5.500  -0.3531   0.09083   0.08570  -0.0225  1.0000  0.0982  -1.5537   0.0000   0.0000   0.0000   0.1837
  -5.000  -0.3425   0.08528   0.08024  -0.0218  1.0000  0.1045  -1.5260   0.0000   0.0000   0.0000   0.1839
  -4.500  -0.3235   0.07897   0.07401  -0.0272  1.0000  0.1105  -1.5539   0.0000   0.0000   0.0000   0.1635
  -4.000  -0.2887   0.07203   0.06702  -0.0362  1.0000  0.1204  -1.5703   0.0000   0.0000   0.0000   0.1222
  -3.500  -0.2396   0.06506   0.05997  -0.0469  1.0000  0.1412  -1.5427   0.0000   0.0000   0.0000   0.0516
  -3.000  -0.0994   0.04674   0.04069  -0.0799  1.0000  0.0751  -1.9252   0.0000   0.0000   0.0000  -0.5601
  -2.500   0.0275   0.03447   0.02710  -0.1009  1.0000  0.0628  -2.0214   0.0000   0.0000   0.0000   3.9430
  -2.000   0.1344   0.02792   0.01888  -0.1124  1.0000  0.0666  -1.9907   0.0000   0.0000   0.0000   1.0912
  -1.500   0.2040   0.02610   0.01655  -0.1159  1.0000  0.0971  -1.7912   0.0000   0.0000   0.0000   0.8209
  -1.000   0.2819   0.02521   0.01570  -0.1211  0.9963  0.1571  -1.4581   0.0000   0.0000   0.0000   0.6806
  -0.500   0.3779   0.02445   0.01522  -0.1294  0.9839  0.2983  -1.0476   0.0000   0.0000   0.0000   0.5925
   0.000   0.4497   0.02262   0.01516  -0.1319  0.9669  1.0000  -0.7267   0.0000   0.0000   0.0000   0.5427
   0.500   0.5338   0.02315   0.01500  -0.1376  0.9448  1.0000  -0.6200   0.0000   0.0000   0.0000   0.5067
   1.000   0.6160   0.02337   0.01487  -0.1425  0.9218  1.0000  -0.6921   0.0000   0.0000   0.0000   0.4798
   1.500   0.6939   0.02331   0.01463  -0.1461  0.8964  1.0000  -0.7724   0.0000   0.0000   0.0000   0.4584
   2.000   0.7701   0.02294   0.01420  -0.1487  0.8698  1.0000  -0.8637   0.0000   0.0000   0.0000   0.4405
   2.500   0.8463   0.02217   0.01348  -0.1506  0.8425  1.0000  -0.9744   0.0000   0.0000   0.0000   0.4249
   3.000   0.9277   0.02110   0.01249  -0.1528  0.8136  1.0000  -1.1060   0.0000   0.0000   0.0000   0.4111
   3.500   0.9990   0.02037   0.01189  -0.1531  0.7743  1.0000  -1.2466   0.0000   0.0000   0.0000   0.3992
   4.000   1.0724   0.01975   0.01136  -0.1536  0.7270  1.0000  -1.4455   0.0000   0.0000   0.0000   0.3886
   4.500   1.1342   0.01983   0.01143  -0.1524  0.6673  1.0000  -1.6405   0.0000   0.0000   0.0000   0.3792
   5.000   1.1889   0.02037   0.01194  -0.1501  0.6008  1.0000  -1.9455   0.0000   0.0000   0.0000   0.3705
   5.500   1.2366   0.02135   0.01276  -0.1469  0.5319  1.0000  -2.2547   0.0000   0.0000   0.0000   0.3623
   6.000   1.2778   0.02266   0.01394  -0.1428  0.4613  1.0000  -2.5996   0.0000   0.0000   0.0000   0.3547
   6.500   1.3141   0.02427   0.01539  -0.1382  0.3903  1.0000  -2.9452   0.0000   0.0000   0.0000   0.3474
   7.000   1.3458   0.02622   0.01729  -0.1331  0.3215  1.0000  -3.2801   0.0000   0.0000   0.0000   0.3405
   7.500   1.3689   0.02845   0.01933  -0.1272  0.2519  1.0000  -3.5894   0.0000   0.0000   0.0000   0.3338
   8.000   1.3878   0.03103   0.02174  -0.1211  0.1918  1.0000  -3.8816   0.0000   0.0000   0.0000   0.3275
   8.500   1.4025   0.03400   0.02468  -0.1146  0.1428  1.0000  -4.1399   0.0000   0.0000   0.0000   0.3213
   9.000   1.4121   0.03777   0.02842  -0.1078  0.1060  1.0000  -4.3384   0.0000   0.0000   0.0000   0.3152
   9.500   1.4206   0.04225   0.03299  -0.1012  0.0811  1.0000  -4.5364   0.0000   0.0000   0.0000   0.3093
  10.000   1.4372   0.04729   0.03806  -0.0958  0.0675  1.0000  -4.7564   0.0000   0.0000   0.0000   0.3041
  10.500   1.4611   0.05284   0.04415  -0.0916  0.0594  1.0000  -4.9789   0.0000   0.0000   0.0000   0.2993
  11.000   1.4645   0.05904   0.05103  -0.0863  0.0538  1.0000  -5.1169   0.0000   0.0000   0.0000   0.2948
  11.500   1.4599   0.06519   0.05758  -0.0817  0.0498  1.0000  -5.2658   0.0000   0.0000   0.0000   0.2911
  12.000   1.4465   0.07334   0.06624  -0.0780  0.0484  1.0000  -5.3294   0.0000   0.0000   0.0000   0.2883
  12.500   1.4120   0.08319   0.07677  -0.0763  0.0481  1.0000  -5.2611   0.0000   0.0000   0.0000   0.2876
  13.000   1.3712   0.09497   0.08911  -0.0784  0.0481  1.0000  -5.1295   0.0000   0.0000   0.0000   0.2900
  13.500   1.3278   0.10908   0.10367  -0.0849  0.0483  1.0000  -4.9323   0.0000   0.0000   0.0000   0.2960
  14.500   1.1893   0.16850   0.16348  -0.1278  0.0562  1.0000  -3.3116   0.0000   0.0000   0.0000   0.3395
  15.000   1.1805   0.18464   0.17954  -0.1378  0.0559  1.0000  -3.0130   0.0000   0.0000   0.0000   0.3485
  15.500   1.1824   0.19751   0.19237  -0.1454  0.0564  1.0000  -2.8313   0.0000   0.0000   0.0000   0.3542
  16.000   1.1922   0.20788   0.20274  -0.1505  0.0576  1.0000  -2.7952   0.0000   0.0000   0.0000   0.3568


