xflr5 v6.61

 Calculated polar for: BLD_25

 1 1 Reynolds number fixed          Mach number fixed         

 xtrf =   1.000 (top)        1.000 (bottom)
 Mach =   0.200     Re =     0.060 e 6     Ncrit =   9.000

  alpha     CL        CD       CDp       Cm    Top Xtr Bot Xtr   Cpmin    Chinge    XCp    
 ------- -------- --------- --------- -------- ------- ------- -------- --------- ---------
 -21.500  -0.6566   0.26361   0.25585   0.0206  1.0000  0.0386  -1.4311   0.0000   0.0000   0.0000   0.2683
 -21.000  -0.6401   0.25738   0.24958   0.0176  1.0000  0.0401  -1.4030   0.0000   0.0000   0.0000   0.2649
 -20.500  -0.6239   0.25181   0.24402   0.0144  1.0000  0.0419  -1.3919   0.0000   0.0000   0.0000   0.2609
 -20.000  -0.6079   0.24648   0.23871   0.0110  1.0000  0.0437  -1.3902   0.0000   0.0000   0.0000   0.2564
 -19.500  -0.5925   0.24217   0.23442   0.0074  1.0000  0.0452  -1.4068   0.0000   0.0000   0.0000   0.2511
 -19.000  -0.5801   0.24041   0.23269   0.0031  1.0000  0.0459  -1.4547   0.0000   0.0000   0.0000   0.2446
 -18.500  -0.5630   0.23211   0.22443   0.0008  1.0000  0.0468  -1.4189   0.0000   0.0000   0.0000   0.2409
 -18.000  -0.5451   0.22410   0.21640  -0.0008  1.0000  0.0491  -1.3410   0.0000   0.0000   0.0000   0.2382
 -17.500  -0.5296   0.21845   0.21076  -0.0033  1.0000  0.0517  -1.3079   0.0000   0.0000   0.0000   0.2338
 -17.000  -0.5150   0.21347   0.20582  -0.0061  1.0000  0.0543  -1.2968   0.0000   0.0000   0.0000   0.2285
 -16.500  -0.5041   0.21075   0.20315  -0.0097  1.0000  0.0556  -1.3235   0.0000   0.0000   0.0000   0.2216
 -16.000  -0.4908   0.20497   0.19744  -0.0121  1.0000  0.0563  -1.3385   0.0000   0.0000   0.0000   0.2163
 -15.500  -0.4716   0.19600   0.18848  -0.0128  1.0000  0.0589  -1.2765   0.0000   0.0000   0.0000   0.2140
 -15.000  -0.4574   0.19026   0.18278  -0.0147  1.0000  0.0619  -1.2750   0.0000   0.0000   0.0000   0.2094
 -14.500  -0.4459   0.18569   0.17822  -0.0171  1.0000  0.0648  -1.3086   0.0000   0.0000   0.0000   0.2034
 -14.000  -0.4423   0.18422   0.17682  -0.0205  1.0000  0.0658  -1.3971   0.0000   0.0000   0.0000   0.1960
 -13.500  -0.4201   0.17345   0.16609  -0.0201  1.0000  0.0684  -1.3130   0.0000   0.0000   0.0000   0.1942
 -13.000  -0.4075   0.16767   0.16036  -0.0213  1.0000  0.0721  -1.3022   0.0000   0.0000   0.0000   0.1899
 -12.500  -0.4014   0.16412   0.15689  -0.0237  1.0000  0.0751  -1.3501   0.0000   0.0000   0.0000   0.1837
 -12.000  -0.3907   0.15768   0.15053  -0.0247  1.0000  0.0769  -1.3498   0.0000   0.0000   0.0000   0.1796
 -11.500  -0.3760   0.15078   0.14368  -0.0247  1.0000  0.0820  -1.2951   0.0000   0.0000   0.0000   0.1773
 -11.000  -0.3753   0.14795   0.14096  -0.0268  1.0000  0.0860  -1.3516   0.0000   0.0000   0.0000   0.1720
 -10.500  -0.3595   0.13990   0.13299  -0.0263  1.0000  0.0899  -1.2897   0.0000   0.0000   0.0000   0.1704
 -10.000  -0.3538   0.13522   0.12840  -0.0269  1.0000  0.0955  -1.2898   0.0000   0.0000   0.0000   0.1677
  -9.750  -0.3588   0.13468   0.12795  -0.0281  1.0000  0.0968  -1.3370   0.0000   0.0000   0.0000   0.1660
  -9.500  -0.3532   0.13089   0.12417  -0.0279  1.0000  0.0980  -1.3202   0.0000   0.0000   0.0000   0.1654
  -9.250  -0.3425   0.12659   0.11988  -0.0268  1.0000  0.1010  -1.2625   0.0000   0.0000   0.0000   0.1660
  -9.000  -0.3398   0.12415   0.11749  -0.0267  1.0000  0.1042  -1.2541   0.0000   0.0000   0.0000   0.1659
  -8.750  -0.3436   0.12298   0.11641  -0.0272  1.0000  0.1068  -1.2830   0.0000   0.0000   0.0000   0.1657
  -8.500  -0.3545   0.12304   0.11659  -0.0278  1.0000  0.1077  -1.3477   0.0000   0.0000   0.0000   0.1668
  -8.250  -0.3365   0.11684   0.11040  -0.0261  1.0000  0.1107  -1.2872   0.0000   0.0000   0.0000   0.1675
  -8.000  -0.3337   0.11426   0.10787  -0.0253  1.0000  0.1142  -1.2861   0.0000   0.0000   0.0000   0.1692
  -7.750  -0.3390   0.11298   0.10669  -0.0250  1.0000  0.1172  -1.3189   0.0000   0.0000   0.0000   0.1716
  -7.500  -0.3537   0.11304   0.10689  -0.0245  1.0000  0.1184  -1.3787   0.0000   0.0000   0.0000   0.1768
  -7.250  -0.3402   0.10802   0.10190  -0.0230  1.0000  0.1213  -1.3396   0.0000   0.0000   0.0000   0.1782
  -7.000  -0.3397   0.10567   0.09962  -0.0216  1.0000  0.1251  -1.3372   0.0000   0.0000   0.0000   0.1826
  -6.750  -0.3508   0.10480   0.09887  -0.0201  1.0000  0.1280  -1.3716   0.0000   0.0000   0.0000   0.1892
  -6.500  -0.3648   0.10469   0.09890  -0.0215  1.0000  0.1294  -1.4418   0.0000   0.0000   0.0000   0.1881
  -6.250  -0.3526   0.09981   0.09405  -0.0178  1.0000  0.1330  -1.3852   0.0000   0.0000   0.0000   0.1962
  -6.000  -0.3535   0.09771   0.09203  -0.0174  1.0000  0.1376  -1.3951   0.0000   0.0000   0.0000   0.1977
  -5.500  -0.3519   0.09266   0.08713  -0.0172  1.0000  0.1444  -1.4134   0.0000   0.0000   0.0000   0.1984
  -5.250  -0.3503   0.09081   0.08536  -0.0206  1.0000  0.1505  -1.4493   0.0000   0.0000   0.0000   0.1887
  -5.000  -0.3456   0.08750   0.08212  -0.0193  1.0000  0.1538  -1.4360   0.0000   0.0000   0.0000   0.1917
  -4.750  -0.3352   0.08537   0.08001  -0.0263  1.0000  0.1621  -1.4798   0.0000   0.0000   0.0000   0.1691
  -4.500  -0.3322   0.08195   0.07667  -0.0206  1.0000  0.1675  -1.4255   0.0000   0.0000   0.0000   0.1857
  -4.250  -0.3225   0.07904   0.07375  -0.0228  1.0000  0.1767  -1.4245   0.0000   0.0000   0.0000   0.1770
  -4.000  -0.3109   0.07611   0.07085  -0.0247  1.0000  0.1876  -1.4143   0.0000   0.0000   0.0000   0.1682
  -3.750  -0.2976   0.07314   0.06791  -0.0265  1.0000  0.1994  -1.3981   0.0000   0.0000   0.0000   0.1588
  -3.500  -0.2817   0.07012   0.06491  -0.0288  1.0000  0.2123  -1.3797   0.0000   0.0000   0.0000   0.1455
  -3.000  -0.2282   0.06364   0.05835  -0.0405  1.0000  0.2500  -1.3450   0.0000   0.0000   0.0000   0.0700
  -2.250   0.0107   0.03996   0.03290  -0.0933  1.0000  0.1211  -1.5895   0.0000   0.0000   0.0000   8.9885
  -2.000   0.0920   0.03370   0.02533  -0.1058  1.0000  0.1073  -1.6995   0.0000   0.0000   0.0000   1.4066
  -1.750   0.1374   0.03113   0.02229  -0.1099  1.0000  0.1122  -1.6691   0.0000   0.0000   0.0000   1.0537
  -1.500   0.1751   0.02989   0.02075  -0.1125  1.0000  0.1367  -1.6009   0.0000   0.0000   0.0000   0.8951
  -1.250   0.2107   0.02886   0.01955  -0.1145  1.0000  0.1686  -1.5223   0.0000   0.0000   0.0000   0.7950
  -1.000   0.2477   0.02790   0.01834  -0.1165  1.0000  0.1974  -1.4201   0.0000   0.0000   0.0000   0.7213
  -0.750   0.2825   0.02720   0.01757  -0.1180  1.0000  0.2310  -1.2884   0.0000   0.0000   0.0000   0.6685
  -0.500   0.3155   0.02678   0.01725  -0.1194  1.0000  0.2869  -1.1432   0.0000   0.0000   0.0000   0.6286
  -0.250   0.3504   0.02633   0.01702  -0.1209  1.0000  0.3829  -1.0142   0.0000   0.0000   0.0000   0.5951
   0.000   0.3912   0.02465   0.01688  -0.1223  1.0000  0.7165  -0.8622   0.0000   0.0000   0.0000   0.5624
   0.250   0.3934   0.02494   0.01705  -0.1186  1.0000  1.0000  -0.8066   0.0000   0.0000   0.0000   0.5508
   0.500   0.4167   0.02586   0.01761  -0.1190  1.0000  1.0000  -0.6856   0.0000   0.0000   0.0000   0.5347
   0.750   0.4382   0.02687   0.01839  -0.1193  1.0000  1.0000  -0.5688   0.0000   0.0000   0.0000   0.5210
   1.000   0.4585   0.02798   0.01931  -0.1196  1.0000  1.0000  -0.5790   0.0000   0.0000   0.0000   0.5092
   1.250   0.5117   0.02915   0.02026  -0.1256  0.9836  1.0000  -0.6196   0.0000   0.0000   0.0000   0.4937
   1.500   0.5623   0.03003   0.02097  -0.1308  0.9668  1.0000  -0.6625   0.0000   0.0000   0.0000   0.4806
   1.750   0.6140   0.03068   0.02150  -0.1359  0.9508  1.0000  -0.7096   0.0000   0.0000   0.0000   0.4690
   2.000   0.6579   0.03115   0.02191  -0.1393  0.9324  1.0000  -0.7534   0.0000   0.0000   0.0000   0.4593
   2.250   0.7015   0.03148   0.02221  -0.1424  0.9143  1.0000  -0.8015   0.0000   0.0000   0.0000   0.4503
   2.500   0.7496   0.03158   0.02231  -0.1459  0.8974  1.0000  -0.8594   0.0000   0.0000   0.0000   0.4416
   2.750   0.7934   0.03155   0.02233  -0.1483  0.8791  1.0000  -0.9191   0.0000   0.0000   0.0000   0.4337
   3.000   0.8341   0.03142   0.02225  -0.1500  0.8599  1.0000  -0.9775   0.0000   0.0000   0.0000   0.4263
   3.250   0.8776   0.03103   0.02193  -0.1516  0.8416  1.0000  -1.0461   0.0000   0.0000   0.0000   0.4190
   3.500   0.9267   0.03015   0.02120  -0.1536  0.8252  1.0000  -1.1274   0.0000   0.0000   0.0000   0.4118
   3.750   0.9679   0.02938   0.02055  -0.1541  0.8060  1.0000  -1.2058   0.0000   0.0000   0.0000   0.4050
   4.000   1.0151   0.02828   0.01959  -0.1552  0.7871  1.0000  -1.3118   0.0000   0.0000   0.0000   0.3984
   4.250   1.0626   0.02703   0.01852  -0.1560  0.7666  1.0000  -1.4360   0.0000   0.0000   0.0000   0.3920
   4.500   1.1071   0.02593   0.01755  -0.1562  0.7425  1.0000  -1.5578   0.0000   0.0000   0.0000   0.3861
   4.750   1.1533   0.02484   0.01654  -0.1566  0.7153  1.0000  -1.7138   0.0000   0.0000   0.0000   0.3805
   5.000   1.1899   0.02435   0.01617  -0.1558  0.6827  1.0000  -1.9003   0.0000   0.0000   0.0000   0.3753
   5.250   1.2198   0.02431   0.01613  -0.1542  0.6465  1.0000  -2.0706   0.0000   0.0000   0.0000   0.3705
   5.500   1.2492   0.02441   0.01617  -0.1526  0.6088  1.0000  -2.2442   0.0000   0.0000   0.0000   0.3659
   5.750   1.2736   0.02484   0.01653  -0.1504  0.5695  1.0000  -2.4199   0.0000   0.0000   0.0000   0.3615
   6.000   1.2974   0.02540   0.01695  -0.1482  0.5294  1.0000  -2.6091   0.0000   0.0000   0.0000   0.3573
   6.250   1.3180   0.02616   0.01758  -0.1456  0.4885  1.0000  -2.7881   0.0000   0.0000   0.0000   0.3532
   6.500   1.3363   0.02706   0.01838  -0.1428  0.4475  1.0000  -2.9595   0.0000   0.0000   0.0000   0.3493
   6.750   1.3544   0.02809   0.01926  -0.1401  0.4079  1.0000  -3.1308   0.0000   0.0000   0.0000   0.3455
   7.000   1.3707   0.02923   0.02040  -0.1372  0.3689  1.0000  -3.2952   0.0000   0.0000   0.0000   0.3418
   7.250   1.3849   0.03043   0.02147  -0.1342  0.3314  1.0000  -3.4517   0.0000   0.0000   0.0000   0.3382
   7.500   1.3973   0.03173   0.02265  -0.1309  0.2952  1.0000  -3.6000   0.0000   0.0000   0.0000   0.3347
   7.750   1.4079   0.03308   0.02387  -0.1276  0.2612  1.0000  -3.7410   0.0000   0.0000   0.0000   0.3313
   8.000   1.4173   0.03461   0.02529  -0.1242  0.2291  1.0000  -3.8706   0.0000   0.0000   0.0000   0.3279
   8.250   1.4231   0.03616   0.02676  -0.1205  0.1990  1.0000  -3.9842   0.0000   0.0000   0.0000   0.3246
   8.500   1.4288   0.03785   0.02825  -0.1169  0.1719  1.0000  -4.0938   0.0000   0.0000   0.0000   0.3214
   8.750   1.4381   0.04019   0.03066  -0.1137  0.1475  1.0000  -4.1715   0.0000   0.0000   0.0000   0.3183
   9.000   1.4484   0.04270   0.03313  -0.1108  0.1270  1.0000  -4.2670   0.0000   0.0000   0.0000   0.3154
   9.250   1.4649   0.04579   0.03629  -0.1087  0.1112  1.0000  -4.3671   0.0000   0.0000   0.0000   0.3127
   9.500   1.4830   0.04931   0.04001  -0.1069  0.1010  1.0000  -4.4593   0.0000   0.0000   0.0000   0.3102
   9.750   1.4967   0.05325   0.04431  -0.1047  0.0953  1.0000  -4.5252   0.0000   0.0000   0.0000   0.3078
  10.000   1.5047   0.05707   0.04863  -0.1020  0.0916  1.0000  -4.5750   0.0000   0.0000   0.0000   0.3053
  10.250   1.5203   0.06126   0.05290  -0.1006  0.0880  1.0000  -4.6786   0.0000   0.0000   0.0000   0.3033
  10.500   1.5075   0.06498   0.05720  -0.0959  0.0870  1.0000  -4.6502   0.0000   0.0000   0.0000   0.3005
  10.750   1.4905   0.06864   0.06130  -0.0911  0.0861  1.0000  -4.6169   0.0000   0.0000   0.0000   0.2977
  11.000   1.4706   0.07237   0.06541  -0.0867  0.0855  1.0000  -4.5773   0.0000   0.0000   0.0000   0.2952
  11.250   1.4484   0.07643   0.06980  -0.0830  0.0852  1.0000  -4.5289   0.0000   0.0000   0.0000   0.2933
  11.500   1.4244   0.08095   0.07462  -0.0803  0.0852  1.0000  -4.4696   0.0000   0.0000   0.0000   0.2921
  11.750   1.3991   0.08604   0.07997  -0.0788  0.0856  1.0000  -4.3992   0.0000   0.0000   0.0000   0.2917
  12.000   1.3730   0.09177   0.08594  -0.0786  0.0861  1.0000  -4.3175   0.0000   0.0000   0.0000   0.2923
  12.250   1.3473   0.09814   0.09250  -0.0798  0.0868  1.0000  -4.2281   0.0000   0.0000   0.0000   0.2939
  12.500   1.3234   0.10507   0.09958  -0.0821  0.0875  1.0000  -4.1347   0.0000   0.0000   0.0000   0.2964
  12.750   1.3022   0.11245   0.10707  -0.0852  0.0881  1.0000  -4.0395   0.0000   0.0000   0.0000   0.2995
  16.500   1.1820   0.23614   0.23056  -0.1713  0.1545  1.0000  -1.9475   0.0000   0.0000   0.0000   0.3758
  17.000   1.1966   0.24407   0.23851  -0.1755  0.1483  1.0000  -1.9739   0.0000   0.0000   0.0000   0.3768
  17.500   1.2249   0.25541   0.24992  -0.1760  0.1402  1.0000  -2.0991   0.0000   0.0000   0.0000   0.3730
  18.000   1.2251   0.25842   0.25289  -0.1848  0.1332  1.0000  -2.0086   0.0000   0.0000   0.0000   0.3791
  18.500   1.2419   0.26651   0.26100  -0.1888  0.1281  1.0000  -2.0433   0.0000   0.0000   0.0000   0.3794
  19.000   1.2613   0.27470   0.26933  -0.1918  0.1199  1.0000  -2.1423   0.0000   0.0000   0.0000   0.3785
  19.500   1.2705   0.27968   0.27428  -0.1990  0.1128  1.0000  -2.1176   0.0000   0.0000   0.0000   0.3821
  20.000   1.2873   0.28725   0.28187  -0.2032  0.1070  1.0000  -2.1691   0.0000   0.0000   0.0000   0.3823


