xflr5 v6.61

 Calculated polar for: BLD_50

 1 1 Reynolds number fixed          Mach number fixed         

 xtrf =   1.000 (top)        1.000 (bottom)
 Mach =   0.200     Re =     0.025 e 6     Ncrit =   7.000

  alpha     CL        CD       CDp       Cm    Top Xtr Bot Xtr   Cpmin    Chinge    XCp    
 ------- -------- --------- --------- -------- ------- ------- -------- --------- ---------
 -27.500  -0.8859   0.33302   0.32160   0.0822  1.0000  0.0574  -1.6328   0.0000   0.0000   0.0000   0.3225
 -27.000  -0.8703   0.32667   0.31517   0.0778  1.0000  0.0597  -1.6072   0.0000   0.0000   0.0000   0.3199
 -26.500  -0.8548   0.32161   0.31008   0.0732  1.0000  0.0620  -1.5945   0.0000   0.0000   0.0000   0.3169
 -26.000  -0.8393   0.31732   0.30576   0.0683  1.0000  0.0641  -1.5899   0.0000   0.0000   0.0000   0.3135
 -25.500  -0.8243   0.31473   0.30315   0.0632  1.0000  0.0654  -1.5968   0.0000   0.0000   0.0000   0.3095
 -25.000  -0.8091   0.31070   0.29914   0.0584  1.0000  0.0662  -1.5936   0.0000   0.0000   0.0000   0.3057
 -24.500  -0.7911   0.30116   0.28952   0.0549  1.0000  0.0687  -1.5374   0.0000   0.0000   0.0000   0.3036
 -24.000  -0.7745   0.29561   0.28394   0.0507  1.0000  0.0716  -1.5077   0.0000   0.0000   0.0000   0.3002
 -23.500  -0.7586   0.29153   0.27985   0.0461  1.0000  0.0743  -1.4924   0.0000   0.0000   0.0000   0.2962
 -23.000  -0.7447   0.29073   0.27906   0.0410  1.0000  0.0757  -1.4992   0.0000   0.0000   0.0000   0.2912
 -22.500  -0.7251   0.27990   0.26823   0.0380  1.0000  0.0788  -1.4347   0.0000   0.0000   0.0000   0.2890
 -22.000  -0.7081   0.27426   0.26257   0.0342  1.0000  0.0828  -1.4277   0.0000   0.0000   0.0000   0.2853
 -21.500  -0.6931   0.27136   0.25964   0.0297  1.0000  0.0858  -1.4495   0.0000   0.0000   0.0000   0.2805
 -21.000  -0.6763   0.26525   0.25357   0.0259  1.0000  0.0876  -1.4490   0.0000   0.0000   0.0000   0.2764
 -20.500  -0.6577   0.25767   0.24597   0.0228  1.0000  0.0917  -1.4215   0.0000   0.0000   0.0000   0.2732
 -20.000  -0.6420   0.25349   0.24181   0.0189  1.0000  0.0956  -1.4264   0.0000   0.0000   0.0000   0.2684
 -19.500  -0.6283   0.25067   0.23906   0.0147  1.0000  0.0974  -1.4464   0.0000   0.0000   0.0000   0.2629
 -19.000  -0.6075   0.24107   0.22943   0.0123  1.0000  0.1022  -1.3975   0.0000   0.0000   0.0000   0.2600
 -18.500  -0.5929   0.23719   0.22554   0.0086  1.0000  0.1067  -1.3990   0.0000   0.0000   0.0000   0.2547
 -18.000  -0.5762   0.23092   0.21932   0.0056  1.0000  0.1097  -1.3823   0.0000   0.0000   0.0000   0.2501
 -17.500  -0.5591   0.22479   0.21321   0.0028  1.0000  0.1161  -1.3529   0.0000   0.0000   0.0000   0.2458
 -17.000  -0.5455   0.22040   0.20889  -0.0005  1.0000  0.1198  -1.3483   0.0000   0.0000   0.0000   0.2403
 -16.500  -0.5280   0.21372   0.20223  -0.0028  1.0000  0.1273  -1.3085   0.0000   0.0000   0.0000   0.2360
 -16.000  -0.5133   0.20814   0.19672  -0.0055  1.0000  0.1318  -1.2871   0.0000   0.0000   0.0000   0.2309
 -15.500  -0.4990   0.20294   0.19157  -0.0079  1.0000  0.1389  -1.2842   0.0000   0.0000   0.0000   0.2260
 -15.000  -0.4827   0.19618   0.18481  -0.0100  1.0000  0.1442  -1.2822   0.0000   0.0000   0.0000   0.2214
 -14.500  -0.4737   0.19289   0.18160  -0.0126  1.0000  0.1508  -1.3079   0.0000   0.0000   0.0000   0.2159
 -14.000  -0.4550   0.18485   0.17362  -0.0140  1.0000  0.1587  -1.2889   0.0000   0.0000   0.0000   0.2118
 -13.500  -0.4429   0.17932   0.16818  -0.0158  1.0000  0.1651  -1.2962   0.0000   0.0000   0.0000   0.2070
 -13.000  -0.4365   0.17585   0.16481  -0.0178  1.0000  0.1730  -1.3185   0.0000   0.0000   0.0000   0.2023
 -12.500  -0.4213   0.16878   0.15783  -0.0188  1.0000  0.1831  -1.3031   0.0000   0.0000   0.0000   0.1986
 -12.000  -0.4101   0.16297   0.15212  -0.0198  1.0000  0.1940  -1.2981   0.0000   0.0000   0.0000   0.1951
 -11.500  -0.4025   0.15799   0.14727  -0.0207  1.0000  0.2057  -1.3002   0.0000   0.0000   0.0000   0.1921
 -11.000  -0.3889   0.15102   0.14041  -0.0210  1.0000  0.2192  -1.2786   0.0000   0.0000   0.0000   0.1896
 -10.500  -0.3775   0.14484   0.13425  -0.0211  1.0000  0.2346  -1.2594   0.0000   0.0000   0.0000   0.1879
 -10.000  -0.3738   0.14032   0.12989  -0.0212  1.0000  0.2489  -1.2604   0.0000   0.0000   0.0000   0.1873
  -9.500  -0.3629   0.13385   0.12356  -0.0208  1.0000  0.2638  -1.2372   0.0000   0.0000   0.0000   0.1869
  -9.000  -0.3594   0.12906   0.11894  -0.0201  1.0000  0.2817  -1.2275   0.0000   0.0000   0.0000   0.1886
  -8.500  -0.3496   0.12282   0.11285  -0.0189  1.0000  0.3016  -1.2253   0.0000   0.0000   0.0000   0.1907
  -8.000  -0.3448   0.11747   0.10770  -0.0172  1.0000  0.3238  -1.2343   0.0000   0.0000   0.0000   0.1951
  -7.500  -0.3475   0.11322   0.10368  -0.0147  1.0000  0.3482  -1.2514   0.0000   0.0000   0.0000   0.2031
  -7.000  -0.3398   0.10719   0.09783  -0.0116  1.0000  0.3798  -1.2466   0.0000   0.0000   0.0000   0.2114
  -6.500  -0.3356   0.10159   0.09245  -0.0077  1.0000  0.4167  -1.2429   0.0000   0.0000   0.0000   0.2229
  -6.000  -0.3323   0.09619   0.08719  -0.0024  1.0000  0.4678  -1.2334   0.0000   0.0000   0.0000   0.2388
  -5.500  -0.3158   0.08922   0.08036   0.0041  1.0000  0.5563  -1.1972   0.0000   0.0000   0.0000   0.2589
  -5.000  -0.1429   0.06670   0.05724  -0.0060  1.0000  0.8908  -0.9940   0.0000   0.0000   0.0000   0.1989
  -4.500  -0.1778   0.06614   0.05707   0.0026  1.0000  0.8439  -1.0319   0.0000   0.0000   0.0000   0.2582
  -3.500  -0.2381   0.06564   0.05681  -0.0457  1.0000  0.2151  -1.5786   0.0000   0.0000   0.0000   0.0554
  -3.000  -0.1556   0.05569   0.04622  -0.0629  1.0000  0.1805  -1.6291   0.0000   0.0000   0.0000  -0.1580
  -2.500  -0.0583   0.04655   0.03597  -0.0795  1.0000  0.1729  -1.6567   0.0000   0.0000   0.0000  -1.1237
  -2.000   0.0199   0.04087   0.02944  -0.0873  1.0000  0.2003  -1.6028   0.0000   0.0000   0.0000   4.6732
  -1.500   0.1013   0.03663   0.02407  -0.0938  1.0000  0.2455  -1.4894   0.0000   0.0000   0.0000   1.1801
  -1.000   0.1703   0.03390   0.02072  -0.0968  1.0000  0.3218  -1.2924   0.0000   0.0000   0.0000   0.8199
  -0.500   0.2343   0.03127   0.01850  -0.0981  1.0000  0.4938  -1.0986   0.0000   0.0000   0.0000   0.6692
   0.000   0.2678   0.02913   0.01689  -0.0939  1.0000  1.0000  -0.9697   0.0000   0.0000   0.0000   0.6002
   0.500   0.3172   0.03060   0.01722  -0.0947  1.0000  1.0000  -0.7284   0.0000   0.0000   0.0000   0.5478
   1.000   0.3612   0.03234   0.01832  -0.0952  1.0000  1.0000  -0.5231   0.0000   0.0000   0.0000   0.5122
   1.500   0.4020   0.03439   0.01993  -0.0957  1.0000  1.0000  -0.5538   0.0000   0.0000   0.0000   0.4861
   2.000   0.4399   0.03678   0.02206  -0.0962  1.0000  1.0000  -0.5846   0.0000   0.0000   0.0000   0.4663
   2.500   0.4752   0.03953   0.02466  -0.0969  1.0000  1.0000  -0.6158   0.0000   0.0000   0.0000   0.4511
   3.000   0.5292   0.04300   0.02807  -0.1016  0.9880  1.0000  -0.6641   0.0000   0.0000   0.0000   0.4386
   3.500   0.6135   0.04671   0.03182  -0.1111  0.9466  1.0000  -0.7454   0.0000   0.0000   0.0000   0.4273
   4.000   0.6896   0.05000   0.03531  -0.1181  0.9049  1.0000  -0.8371   0.0000   0.0000   0.0000   0.4171
   4.500   0.7595   0.05305   0.03865  -0.1232  0.8622  1.0000  -0.9409   0.0000   0.0000   0.0000   0.4075
   5.000   0.8243   0.05593   0.04196  -0.1265  0.8178  1.0000  -1.0695   0.0000   0.0000   0.0000   0.3983
   6.000   0.9454   0.06112   0.04822  -0.1286  0.7224  1.0000  -1.4780   0.0000   0.0000   0.0000   0.3800
   6.500   1.0054   0.06301   0.05076  -0.1273  0.6689  1.0000  -1.7731   0.0000   0.0000   0.0000   0.3700
   7.000   1.0848   0.06227   0.05100  -0.1237  0.6070  1.0000  -2.2008   0.0000   0.0000   0.0000   0.3569
   7.500   1.1635   0.05989   0.04952  -0.1165  0.5284  1.0000  -2.6847   0.0000   0.0000   0.0000   0.3425
   8.000   1.2567   0.05405   0.04440  -0.1048  0.4078  1.0000  -3.2585   0.0000   0.0000   0.0000   0.3249
   8.500   1.2903   0.05487   0.04478  -0.0943  0.3001  1.0000  -3.5895   0.0000   0.0000   0.0000   0.3138
   9.000   1.3050   0.06042   0.05019  -0.0873  0.2339  1.0000  -3.7430   0.0000   0.0000   0.0000   0.3069
   9.500   1.3176   0.06767   0.05756  -0.0822  0.1937  1.0000  -3.8439   0.0000   0.0000   0.0000   0.3018
  10.000   1.3070   0.07571   0.06601  -0.0773  0.1720  1.0000  -3.8592   0.0000   0.0000   0.0000   0.2979
  10.500   1.2622   0.08660   0.07753  -0.0745  0.1690  1.0000  -3.7098   0.0000   0.0000   0.0000   0.2974
  11.000   1.2103   0.10088   0.09217  -0.0775  0.1712  1.0000  -3.4895   0.0000   0.0000   0.0000   0.3019
  11.500   1.1653   0.11770   0.10909  -0.0852  0.1733  1.0000  -3.2381   0.0000   0.0000   0.0000   0.3105
  12.500   1.0948   0.15403   0.14507  -0.1077  0.1805  1.0000  -2.6537   0.0000   0.0000   0.0000   0.3352
  13.000   1.0956   0.16501   0.15602  -0.1119  0.1722  1.0000  -2.5854   0.0000   0.0000   0.0000   0.3384
  13.500   1.0955   0.17719   0.16815  -0.1180  0.1728  1.0000  -2.4717   0.0000   0.0000   0.0000   0.3435
  14.000   1.0975   0.18842   0.17934  -0.1240  0.1727  1.0000  -2.3710   0.0000   0.0000   0.0000   0.3483
  14.500   1.1021   0.19879   0.18969  -0.1299  0.1723  1.0000  -2.2881   0.0000   0.0000   0.0000   0.3525
  15.000   1.1025   0.20994   0.20081  -0.1384  0.1915  1.0000  -2.1532   0.0000   0.0000   0.0000   0.3596
  15.500   0.8211   0.20413   0.19558  -0.1109  0.3243  1.0000  -1.3675   0.0000   0.0000   0.0000   0.3711
  16.000   0.8243   0.21040   0.20206  -0.1120  0.3131  1.0000  -1.3369   0.0000   0.0000   0.0000   0.3714
  16.500   0.8203   0.21431   0.20603  -0.1131  0.2981  1.0000  -1.2911   0.0000   0.0000   0.0000   0.3728
  17.000   0.8325   0.22234   0.21413  -0.1139  0.2806  1.0000  -1.3195   0.0000   0.0000   0.0000   0.3711
  17.500   0.8322   0.22732   0.21918  -0.1154  0.2711  1.0000  -1.3022   0.0000   0.0000   0.0000   0.3723
  18.000   0.8339   0.23288   0.22480  -0.1170  0.2616  1.0000  -1.2878   0.0000   0.0000   0.0000   0.3733
  18.500   0.8369   0.23884   0.23082  -0.1186  0.2523  1.0000  -1.2743   0.0000   0.0000   0.0000   0.3740
  19.000   0.8409   0.24505   0.23709  -0.1202  0.2431  1.0000  -1.2604   0.0000   0.0000   0.0000   0.3746
  19.500   0.8454   0.25134   0.24344  -0.1218  0.2321  1.0000  -1.2467   0.0000   0.0000   0.0000   0.3749
  20.000   0.8510   0.25788   0.25005  -0.1232  0.2189  1.0000  -1.2358   0.0000   0.0000   0.0000   0.3749


