xflr5 v6.61

 Calculated polar for: BLD_0

 1 1 Reynolds number fixed          Mach number fixed         

 xtrf =   1.000 (top)        1.000 (bottom)
 Mach =   0.200     Re =     0.060 e 6     Ncrit =   7.000

  alpha     CL        CD       CDp       Cm    Top Xtr Bot Xtr   Cpmin    Chinge    XCp    
 ------- -------- --------- --------- -------- ------- ------- -------- --------- ---------
 -11.000  -0.3621   0.14811   0.14111  -0.0244  1.0000  0.0704  -1.2465   0.0000   0.0000   0.0000   0.1757
 -10.500  -0.3027   0.14261   0.13624  -0.0280  1.0000  0.0761  -1.1264   0.0000   0.0000   0.0000   0.1527
 -10.000  -0.2866   0.13479   0.12847  -0.0263  1.0000  0.0801  -1.0684   0.0000   0.0000   0.0000   0.1534
  -9.500  -0.2849   0.13011   0.12383  -0.0261  1.0000  0.0845  -1.1006   0.0000   0.0000   0.0000   0.1537
  -9.000  -0.2969   0.12776   0.12162  -0.0270  1.0000  0.0863  -1.2024   0.0000   0.0000   0.0000   0.1552
  -8.500  -0.2792   0.11941   0.11335  -0.0245  1.0000  0.0904  -1.1404   0.0000   0.0000   0.0000   0.1582
  -8.000  -0.2816   0.11505   0.10913  -0.0236  1.0000  0.0954  -1.1759   0.0000   0.0000   0.0000   0.1624
  -7.500  -0.3024   0.11321   0.10748  -0.0233  1.0000  0.0971  -1.2852   0.0000   0.0000   0.0000   0.1701
  -7.000  -0.2840   0.10501   0.09936  -0.0200  1.0000  0.1025  -1.2114   0.0000   0.0000   0.0000   0.1765
  -6.500  -0.3024   0.10232   0.09686  -0.0179  1.0000  0.1069  -1.2799   0.0000   0.0000   0.0000   0.1885
  -6.000  -0.3127   0.09775   0.09247  -0.0146  1.0000  0.1092  -1.3070   0.0000   0.0000   0.0000   0.2012
  -5.500  -0.3151   0.09292   0.08778  -0.0117  1.0000  0.1150  -1.3001   0.0000   0.0000   0.0000   0.2109
  -5.000  -0.3247   0.08893   0.08395  -0.0148  1.0000  0.1192  -1.3862   0.0000   0.0000   0.0000   0.2027
  -4.500  -0.3179   0.08309   0.07822  -0.0124  1.0000  0.1266  -1.3489   0.0000   0.0000   0.0000   0.2095
  -4.000  -0.3087   0.07741   0.07264  -0.0145  1.0000  0.1361  -1.3518   0.0000   0.0000   0.0000   0.2015
  -3.500  -0.2837   0.07103   0.06630  -0.0236  1.0000  0.1521  -1.3756   0.0000   0.0000   0.0000   0.1654
  -2.500  -0.0482   0.04549   0.03891  -0.0865  1.0000  0.0750  -1.9055   0.0000   0.0000   0.0000  -1.5612
  -2.000   0.0833   0.03487   0.02690  -0.1076  1.0000  0.0693  -1.9206   0.0000   0.0000   0.0000   1.5500
  -1.500   0.1815   0.02972   0.02037  -0.1171  1.0000  0.0776  -1.8927   0.0000   0.0000   0.0000   0.8984
  -1.000   0.2454   0.02852   0.01886  -0.1198  1.0000  0.1216  -1.6801   0.0000   0.0000   0.0000   0.7398
  -0.500   0.3065   0.02791   0.01814  -0.1217  1.0000  0.1856  -1.4152   0.0000   0.0000   0.0000   0.6475
   0.000   0.3878   0.02777   0.01836  -0.1274  0.9906  0.3436  -1.0364   0.0000   0.0000   0.0000   0.5782
   0.500   0.4610   0.02652   0.01864  -0.1302  0.9709  1.0000  -0.7207   0.0000   0.0000   0.0000   0.5313
   1.000   0.5482   0.02736   0.01874  -0.1367  0.9455  1.0000  -0.6544   0.0000   0.0000   0.0000   0.4978
   1.500   0.6381   0.02776   0.01876  -0.1430  0.9207  1.0000  -0.7442   0.0000   0.0000   0.0000   0.4720
   2.000   0.7185   0.02778   0.01860  -0.1471  0.8911  1.0000  -0.8400   0.0000   0.0000   0.0000   0.4520
   2.500   0.8001   0.02733   0.01812  -0.1504  0.8602  1.0000  -0.9546   0.0000   0.0000   0.0000   0.4348
   3.000   0.8827   0.02632   0.01719  -0.1530  0.8283  1.0000  -1.0812   0.0000   0.0000   0.0000   0.4195
   3.500   0.9688   0.02477   0.01580  -0.1552  0.7943  1.0000  -1.2317   0.0000   0.0000   0.0000   0.4059
   4.000   1.0577   0.02316   0.01434  -0.1575  0.7493  1.0000  -1.4053   0.0000   0.0000   0.0000   0.3940
   4.500   1.1400   0.02225   0.01349  -0.1587  0.6836  1.0000  -1.6294   0.0000   0.0000   0.0000   0.3838
   5.000   1.2050   0.02254   0.01356  -0.1577  0.6000  1.0000  -1.8393   0.0000   0.0000   0.0000   0.3748
   5.500   1.2575   0.02370   0.01448  -0.1551  0.5160  1.0000  -2.0654   0.0000   0.0000   0.0000   0.3666
   6.000   1.3025   0.02539   0.01586  -0.1518  0.4411  1.0000  -2.3677   0.0000   0.0000   0.0000   0.3592
   6.500   1.3445   0.02741   0.01763  -0.1484  0.3764  1.0000  -2.6695   0.0000   0.0000   0.0000   0.3523
   7.000   1.3847   0.02967   0.01974  -0.1449  0.3210  1.0000  -3.0065   0.0000   0.0000   0.0000   0.3459
   7.500   1.4242   0.03220   0.02242  -0.1415  0.2740  1.0000  -3.3613   0.0000   0.0000   0.0000   0.3399
   8.000   1.4562   0.03476   0.02501  -0.1371  0.2317  1.0000  -3.6991   0.0000   0.0000   0.0000   0.3339
   8.500   1.4746   0.03714   0.02741  -0.1309  0.1925  1.0000  -4.0008   0.0000   0.0000   0.0000   0.3278
   9.000   1.4893   0.03991   0.03034  -0.1245  0.1598  1.0000  -4.2767   0.0000   0.0000   0.0000   0.3219
   9.500   1.5031   0.04342   0.03419  -0.1183  0.1318  1.0000  -4.5213   0.0000   0.0000   0.0000   0.3162
  10.000   1.5126   0.04764   0.03869  -0.1121  0.1086  1.0000  -4.7261   0.0000   0.0000   0.0000   0.3109
  10.500   1.5156   0.05275   0.04419  -0.1059  0.0894  1.0000  -4.8683   0.0000   0.0000   0.0000   0.3059
  11.000   1.5235   0.05876   0.05042  -0.1011  0.0767  1.0000  -4.9992   0.0000   0.0000   0.0000   0.3015
  11.500   1.5167   0.06664   0.05911  -0.0962  0.0697  1.0000  -5.0105   0.0000   0.0000   0.0000   0.2978
  12.000   1.5082   0.07479   0.06767  -0.0928  0.0659  1.0000  -5.0916   0.0000   0.0000   0.0000   0.2951
  12.500   1.4697   0.08592   0.07958  -0.0915  0.0648  1.0000  -4.9857   0.0000   0.0000   0.0000   0.2951
  13.000   1.4226   0.09950   0.09377  -0.0949  0.0646  1.0000  -4.8121   0.0000   0.0000   0.0000   0.2987
  13.500   1.3701   0.11658   0.11131  -0.1042  0.0653  1.0000  -4.5456   0.0000   0.0000   0.0000   0.3074
  14.000   1.3185   0.13780   0.13277  -0.1189  0.0663  1.0000  -4.1615   0.0000   0.0000   0.0000   0.3210
  14.500   1.2367   0.17769   0.17244  -0.1483  0.0715  1.0000  -3.0685   0.0000   0.0000   0.0000   0.3514
  15.000   1.2314   0.19277   0.18746  -0.1577  0.0713  1.0000  -2.8155   0.0000   0.0000   0.0000   0.3591
  15.500   1.2330   0.20598   0.20064  -0.1659  0.0723  1.0000  -2.6445   0.0000   0.0000   0.0000   0.3650
  16.000   1.2413   0.21739   0.21204  -0.1725  0.0746  1.0000  -2.5434   0.0000   0.0000   0.0000   0.3687
  16.500   1.2604   0.22674   0.22145  -0.1755  0.0766  1.0000  -2.5794   0.0000   0.0000   0.0000   0.3681


