xflr5 v6.61

 Calculated polar for: BLD_100

 1 1 Reynolds number fixed          Mach number fixed         

 xtrf =   1.000 (top)        1.000 (bottom)
 Mach =   0.200     Re =     0.025 e 6     Ncrit =   9.000

  alpha     CL        CD       CDp       Cm    Top Xtr Bot Xtr   Cpmin    Chinge    XCp    
 ------- -------- --------- --------- -------- ------- ------- -------- --------- ---------
 -23.500  -0.8277   0.29645   0.28549   0.0705  1.0000  0.0874  -1.5728   0.0000   0.0000   0.0000   0.3207
 -23.000  -0.8103   0.29109   0.28010   0.0660  1.0000  0.0915  -1.5619   0.0000   0.0000   0.0000   0.3176
 -22.500  -0.7953   0.28937   0.27838   0.0606  1.0000  0.0942  -1.5793   0.0000   0.0000   0.0000   0.3131
 -22.000  -0.7762   0.28080   0.26982   0.0567  1.0000  0.0968  -1.5514   0.0000   0.0000   0.0000   0.3104
 -21.500  -0.7576   0.27395   0.26294   0.0527  1.0000  0.1015  -1.5216   0.0000   0.0000   0.0000   0.3075
 -21.000  -0.7424   0.27145   0.26041   0.0477  1.0000  0.1052  -1.5270   0.0000   0.0000   0.0000   0.3028
 -20.500  -0.7231   0.26327   0.25225   0.0440  1.0000  0.1085  -1.4922   0.0000   0.0000   0.0000   0.2998
 -20.000  -0.7051   0.25746   0.24642   0.0401  1.0000  0.1146  -1.4625   0.0000   0.0000   0.0000   0.2962
 -19.500  -0.6907   0.25454   0.24356   0.0354  1.0000  0.1179  -1.4809   0.0000   0.0000   0.0000   0.2912
 -19.000  -0.6695   0.24542   0.23441   0.0323  1.0000  0.1249  -1.4483   0.0000   0.0000   0.0000   0.2886
 -18.500  -0.6585   0.24502   0.23409   0.0274  1.0000  0.1286  -1.4845   0.0000   0.0000   0.0000   0.2826
 -18.000  -0.6345   0.23361   0.22260   0.0249  1.0000  0.1360  -1.4356   0.0000   0.0000   0.0000   0.2804
 -17.500  -0.6225   0.23130   0.22036   0.0206  1.0000  0.1404  -1.4577   0.0000   0.0000   0.0000   0.2747
 -17.000  -0.6008   0.22216   0.21120   0.0179  1.0000  0.1487  -1.4180   0.0000   0.0000   0.0000   0.2716
 -16.500  -0.5841   0.21602   0.20511   0.0146  1.0000  0.1545  -1.4055   0.0000   0.0000   0.0000   0.2672
 -16.000  -0.5726   0.21295   0.20209   0.0110  1.0000  0.1625  -1.4098   0.0000   0.0000   0.0000   0.2618
 -15.500  -0.5525   0.20466   0.19379   0.0086  1.0000  0.1725  -1.3694   0.0000   0.0000   0.0000   0.2583
 -15.000  -0.5350   0.19767   0.18684   0.0060  1.0000  0.1820  -1.3484   0.0000   0.0000   0.0000   0.2542
 -14.500  -0.5192   0.19137   0.18059   0.0034  1.0000  0.1916  -1.3498   0.0000   0.0000   0.0000   0.2498
 -14.000  -0.5047   0.18534   0.17463   0.0010  1.0000  0.2017  -1.3527   0.0000   0.0000   0.0000   0.2454
 -13.500  -0.4904   0.17919   0.16854  -0.0012  1.0000  0.2129  -1.3524   0.0000   0.0000   0.0000   0.2412
 -13.000  -0.4759   0.17281   0.16218  -0.0032  1.0000  0.2258  -1.3472   0.0000   0.0000   0.0000   0.2372
 -12.500  -0.4642   0.16715   0.15660  -0.0049  1.0000  0.2408  -1.3453   0.0000   0.0000   0.0000   0.2335
 -12.000  -0.4560   0.16208   0.15164  -0.0066  1.0000  0.2555  -1.3500   0.0000   0.0000   0.0000   0.2299
 -11.500  -0.4399   0.15471   0.14432  -0.0075  1.0000  0.2757  -1.3248   0.0000   0.0000   0.0000   0.2274
 -11.000  -0.4251   0.14759   0.13728  -0.0082  1.0000  0.2960  -1.3011   0.0000   0.0000   0.0000   0.2251
 -10.500  -0.4131   0.14110   0.13085  -0.0088  1.0000  0.3180  -1.2804   0.0000   0.0000   0.0000   0.2234
 -10.000  -0.4041   0.13521   0.12507  -0.0089  1.0000  0.3440  -1.2709   0.0000   0.0000   0.0000   0.2229
  -9.500  -0.3907   0.12830   0.11825  -0.0083  1.0000  0.3773  -1.2652   0.0000   0.0000   0.0000   0.2237
  -9.000  -0.3764   0.12124   0.11130  -0.0070  1.0000  0.4190  -1.2530   0.0000   0.0000   0.0000   0.2263
  -8.500  -0.3660   0.11505   0.10520  -0.0046  1.0000  0.4712  -1.2409   0.0000   0.0000   0.0000   0.2324
  -8.000  -0.3463   0.10742   0.09766  -0.0015  1.0000  0.5404  -1.2087   0.0000   0.0000   0.0000   0.2405
  -7.500  -0.2994   0.09631   0.08653   0.0021  1.0000  0.6754  -1.1271   0.0000   0.0000   0.0000   0.2510
  -7.000  -0.0920   0.06799   0.05749  -0.0285  1.0000  1.0000  -0.9464   0.0000   0.0000   0.0000  -0.0803
  -6.500  -0.0726   0.06302   0.05259  -0.0304  1.0000  1.0000  -0.9456   0.0000   0.0000   0.0000  -0.1927
  -6.000  -0.0536   0.05831   0.04795  -0.0322  1.0000  1.0000  -0.9403   0.0000   0.0000   0.0000  -0.3795
  -5.500  -0.0535   0.05548   0.04529  -0.0292  1.0000  0.9896  -0.9459   0.0000   0.0000   0.0000  -0.3224
  -5.000  -0.1561   0.06093   0.05139  -0.0048  1.0000  0.8806  -1.0416   0.0000   0.0000   0.0000   0.2115
  -4.500  -0.2402   0.06361   0.05475   0.0091  1.0000  0.7728  -1.1362   0.0000   0.0000   0.0000   0.2839
  -4.000  -0.3184   0.06466   0.05644   0.0197  1.0000  0.6913  -1.2318   0.0000   0.0000   0.0000   0.3095
  -3.500  -0.3498   0.06265   0.05474   0.0044  1.0000  0.5215  -1.3658   0.0000   0.0000   0.0000   0.2609
  -3.000  -0.2088   0.05107   0.04167  -0.0471  1.0000  0.3000  -1.5227   0.0000   0.0000   0.0000   0.0221
  -2.500  -0.1334   0.04393   0.03364  -0.0571  1.0000  0.2848  -1.4800   0.0000   0.0000   0.0000  -0.1816
  -2.000  -0.0578   0.03841   0.02701  -0.0643  1.0000  0.2992  -1.4197   0.0000   0.0000   0.0000  -0.8694
  -1.500   0.0136   0.03433   0.02185  -0.0682  1.0000  0.3451  -1.3034   0.0000   0.0000   0.0000   5.2734
  -1.000   0.0794   0.03071   0.01803  -0.0695  1.0000  0.4624  -1.1650   0.0000   0.0000   0.0000   1.1290
  -0.500   0.1299   0.02659   0.01472  -0.0672  1.0000  1.0000  -1.0919   0.0000   0.0000   0.0000   0.7681
   0.000   0.1786   0.02779   0.01431  -0.0675  1.0000  1.0000  -0.8833   0.0000   0.0000   0.0000   0.6280
   0.500   0.2207   0.02920   0.01494  -0.0675  1.0000  1.0000  -0.6768   0.0000   0.0000   0.0000   0.5550
   1.000   0.2604   0.03088   0.01606  -0.0676  1.0000  1.0000  -0.4992   0.0000   0.0000   0.0000   0.5081
   1.500   0.2983   0.03283   0.01764  -0.0678  1.0000  1.0000  -0.4945   0.0000   0.0000   0.0000   0.4756
   2.000   0.3345   0.03504   0.01958  -0.0682  1.0000  1.0000  -0.5143   0.0000   0.0000   0.0000   0.4518
   2.500   0.3693   0.03751   0.02188  -0.0688  1.0000  1.0000  -0.5341   0.0000   0.0000   0.0000   0.4336
   3.000   0.4028   0.04022   0.02451  -0.0694  1.0000  1.0000  -0.5546   0.0000   0.0000   0.0000   0.4193
   3.500   0.4351   0.04317   0.02745  -0.0702  1.0000  1.0000  -0.5763   0.0000   0.0000   0.0000   0.4078
   4.000   0.4662   0.04635   0.03071  -0.0710  1.0000  1.0000  -0.5999   0.0000   0.0000   0.0000   0.3983
   4.500   0.4962   0.04980   0.03427  -0.0720  1.0000  1.0000  -0.6266   0.0000   0.0000   0.0000   0.3906
   5.000   0.5247   0.05353   0.03821  -0.0730  1.0000  1.0000  -0.6597   0.0000   0.0000   0.0000   0.3842
   5.500   0.5519   0.05756   0.04247  -0.0742  1.0000  1.0000  -0.7337   0.0000   0.0000   0.0000   0.3790
   6.000   0.5776   0.06193   0.04712  -0.0755  1.0000  1.0000  -0.8430   0.0000   0.0000   0.0000   0.3748
   6.500   0.6016   0.06667   0.05224  -0.0770  1.0000  1.0000  -0.9687   0.0000   0.0000   0.0000   0.3715
   7.000   0.6239   0.07183   0.05777  -0.0787  1.0000  1.0000  -1.1007   0.0000   0.0000   0.0000   0.3691
   7.500   0.6443   0.07746   0.06381  -0.0806  1.0000  1.0000  -1.2398   0.0000   0.0000   0.0000   0.3676
   8.000   0.6627   0.08364   0.07047  -0.0828  1.0000  1.0000  -1.3711   0.0000   0.0000   0.0000   0.3670
   8.500   0.6788   0.09047   0.07776  -0.0854  1.0000  1.0000  -1.4950   0.0000   0.0000   0.0000   0.3673
   9.500   1.1907   0.07850   0.06906  -0.0533  0.1917  1.0000  -3.5464   0.0000   0.0000   0.0000   0.2855
  10.500   1.0585   0.10913   0.10018  -0.0638  0.2151  1.0000  -2.9480   0.0000   0.0000   0.0000   0.3004
  11.000   1.0060   0.12893   0.11968  -0.0774  0.2329  1.0000  -2.5922   0.0000   0.0000   0.0000   0.3168
  11.500   0.9873   0.14324   0.13384  -0.0850  0.2440  1.0000  -2.4132   0.0000   0.0000   0.0000   0.3256
  12.500   0.9216   0.17608   0.16634  -0.1169  0.4669  1.0000  -1.8158   0.0000   0.0000   0.0000   0.3656
  13.000   0.9362   0.18515   0.17544  -0.1196  0.4578  1.0000  -1.8124   0.0000   0.0000   0.0000   0.3659
  13.500   0.9547   0.19485   0.18519  -0.1224  0.4481  1.0000  -1.8152   0.0000   0.0000   0.0000   0.3658
  14.000   0.9620   0.20086   0.19122  -0.1246  0.4338  1.0000  -1.7968   0.0000   0.0000   0.0000   0.3665
  14.500   0.9805   0.20923   0.19964  -0.1270  0.4159  1.0000  -1.7996   0.0000   0.0000   0.0000   0.3658
  15.000   0.9979   0.21758   0.20800  -0.1297  0.4020  1.0000  -1.7946   0.0000   0.0000   0.0000   0.3656
  15.500   1.0118   0.22394   0.21438  -0.1322  0.3832  1.0000  -1.7872   0.0000   0.0000   0.0000   0.3656
  16.000   1.0280   0.23115   0.22160  -0.1350  0.3662  1.0000  -1.8053   0.0000   0.0000   0.0000   0.3655
  16.500   1.0467   0.23891   0.22942  -0.1377  0.3492  1.0000  -1.8266   0.0000   0.0000   0.0000   0.3651
  17.000   1.0631   0.24592   0.23644  -0.1408  0.3334  1.0000  -1.8371   0.0000   0.0000   0.0000   0.3652
  17.500   1.0841   0.25441   0.24497  -0.1434  0.3145  1.0000  -1.8599   0.0000   0.0000   0.0000   0.3643
  18.000   1.0977   0.25986   0.25041  -0.1470  0.2999  1.0000  -1.8549   0.0000   0.0000   0.0000   0.3651
  18.500   1.1141   0.26623   0.25680  -0.1505  0.2846  1.0000  -1.8557   0.0000   0.0000   0.0000   0.3654
  19.000   1.1378   0.27684   0.26749  -0.1531  0.2692  1.0000  -1.8985   0.0000   0.0000   0.0000   0.3641
  19.500   1.1493   0.28036   0.27101  -0.1575  0.2558  1.0000  -1.9037   0.0000   0.0000   0.0000   0.3656
  20.000   1.1652   0.28618   0.27684  -0.1614  0.2416  1.0000  -1.9227   0.0000   0.0000   0.0000   0.3662


