xflr5 v6.61

 Calculated polar for: BLD_100

 1 1 Reynolds number fixed          Mach number fixed         

 xtrf =   1.000 (top)        1.000 (bottom)
 Mach =   0.200     Re =     0.080 e 6     Ncrit =   7.000

  alpha     CL        CD       CDp       Cm    Top Xtr Bot Xtr   Cpmin    Chinge    XCp    
 ------- -------- --------- --------- -------- ------- ------- -------- --------- ---------
 -24.000  -0.8401   0.29864   0.29243   0.0772  1.0000  0.0199  -1.6734   0.0000   0.0000   0.0000   0.3264
 -23.500  -0.8229   0.29205   0.28579   0.0730  1.0000  0.0206  -1.6210   0.0000   0.0000   0.0000   0.3239
 -23.000  -0.8052   0.28615   0.27988   0.0685  1.0000  0.0215  -1.6022   0.0000   0.0000   0.0000   0.3208
 -22.500  -0.7873   0.28029   0.27401   0.0639  1.0000  0.0225  -1.5931   0.0000   0.0000   0.0000   0.3175
 -22.000  -0.7690   0.27450   0.26820   0.0592  1.0000  0.0237  -1.5930   0.0000   0.0000   0.0000   0.3140
 -21.500  -0.7505   0.26938   0.26307   0.0542  1.0000  0.0249  -1.6216   0.0000   0.0000   0.0000   0.3097
 -21.000  -0.7334   0.26618   0.25988   0.0485  1.0000  0.0253  -1.6829   0.0000   0.0000   0.0000   0.3042
 -20.500  -0.7180   0.26339   0.25712   0.0430  1.0000  0.0255  -1.7375   0.0000   0.0000   0.0000   0.2985
 -20.000  -0.6963   0.25064   0.24433   0.0412  1.0000  0.0265  -1.5903   0.0000   0.0000   0.0000   0.2982
 -19.500  -0.6779   0.24419   0.23787   0.0374  1.0000  0.0276  -1.5370   0.0000   0.0000   0.0000   0.2947
 -19.000  -0.6596   0.23804   0.23172   0.0334  1.0000  0.0290  -1.5018   0.0000   0.0000   0.0000   0.2906
 -18.500  -0.6412   0.23197   0.22565   0.0293  1.0000  0.0305  -1.4921   0.0000   0.0000   0.0000   0.2861
 -18.000  -0.6231   0.22644   0.22011   0.0249  1.0000  0.0320  -1.5258   0.0000   0.0000   0.0000   0.2807
 -17.500  -0.6079   0.22315   0.21684   0.0195  1.0000  0.0327  -1.6078   0.0000   0.0000   0.0000   0.2734
 -17.000  -0.5907   0.21608   0.20982   0.0158  1.0000  0.0332  -1.6195   0.0000   0.0000   0.0000   0.2683
 -16.500  -0.5701   0.20692   0.20064   0.0140  1.0000  0.0352  -1.5073   0.0000   0.0000   0.0000   0.2664
 -16.000  -0.5524   0.20057   0.19430   0.0107  1.0000  0.0373  -1.4810   0.0000   0.0000   0.0000   0.2615
 -15.500  -0.5355   0.19447   0.18820   0.0071  1.0000  0.0395  -1.4792   0.0000   0.0000   0.0000   0.2557
 -15.000  -0.5213   0.18990   0.18365   0.0026  1.0000  0.0411  -1.5285   0.0000   0.0000   0.0000   0.2478
 -14.500  -0.5137   0.18751   0.18132  -0.0025  1.0000  0.0416  -1.6185   0.0000   0.0000   0.0000   0.2384
 -14.000  -0.4891   0.17560   0.16942  -0.0031  1.0000  0.0431  -1.4876   0.0000   0.0000   0.0000   0.2368
 -13.500  -0.4723   0.16864   0.16247  -0.0052  1.0000  0.0455  -1.4566   0.0000   0.0000   0.0000   0.2323
 -13.000  -0.4578   0.16240   0.15624  -0.0081  1.0000  0.0485  -1.4697   0.0000   0.0000   0.0000   0.2259
 -12.500  -0.4501   0.15842   0.15232  -0.0127  1.0000  0.0510  -1.5708   0.0000   0.0000   0.0000   0.2158
 -12.000  -0.4366   0.15086   0.14482  -0.0151  1.0000  0.0524  -1.5844   0.0000   0.0000   0.0000   0.2097
 -11.500  -0.4184   0.14301   0.13697  -0.0158  1.0000  0.0558  -1.5053   0.0000   0.0000   0.0000   0.2064
 -11.000  -0.4071   0.13699   0.13100  -0.0185  1.0000  0.0595  -1.5219   0.0000   0.0000   0.0000   0.1991
 -10.500  -0.4065   0.13345   0.12756  -0.0235  1.0000  0.0616  -1.6446   0.0000   0.0000   0.0000   0.1872
 -10.000  -0.3889   0.12456   0.11871  -0.0240  1.0000  0.0634  -1.5854   0.0000   0.0000   0.0000   0.1833
  -9.500  -0.3745   0.11780   0.11199  -0.0249  1.0000  0.0675  -1.5267   0.0000   0.0000   0.0000   0.1788
  -9.000  -0.3715   0.11304   0.10733  -0.0284  1.0000  0.0717  -1.5904   0.0000   0.0000   0.0000   0.1690
  -8.500  -0.3839   0.11042   0.10493  -0.0336  1.0000  0.0727  -1.7576   0.0000   0.0000   0.0000   0.1587
  -8.000  -0.3542   0.10051   0.09501  -0.0298  1.0000  0.0803  -1.5574   0.0000   0.0000   0.0000   0.1620
  -7.500  -0.3748   0.09817   0.09293  -0.0319  1.0000  0.0833  -1.7075   0.0000   0.0000   0.0000   0.1617
  -7.000  -0.3637   0.09092   0.08577  -0.0283  1.0000  0.0874  -1.6315   0.0000   0.0000   0.0000   0.1692
  -6.500  -0.3684   0.08643   0.08143  -0.0295  1.0000  0.0929  -1.6830   0.0000   0.0000   0.0000   0.1673
  -6.000  -0.3689   0.08079   0.07592  -0.0322  1.0000  0.0961  -1.7494   0.0000   0.0000   0.0000   0.1605
  -5.500  -0.3610   0.07529   0.07048  -0.0315  1.0000  0.1030  -1.7164   0.0000   0.0000   0.0000   0.1607
  -5.000  -0.3464   0.06887   0.06408  -0.0349  1.0000  0.1092  -1.7302   0.0000   0.0000   0.0000   0.1474
  -4.500  -0.3232   0.06268   0.05784  -0.0382  1.0000  0.1219  -1.6923   0.0000   0.0000   0.0000   0.1302
  -3.500  -0.1842   0.03780   0.03118  -0.0632  1.0000  0.0612  -2.2663   0.0000   0.0000   0.0000  -0.0967
  -3.000  -0.0945   0.02998   0.02219  -0.0727  0.9934  0.0643  -2.2038   0.0000   0.0000   0.0000  -0.5269
  -2.500  -0.0003   0.02491   0.01579  -0.0805  0.9841  0.0743  -1.9996   0.0000   0.0000   0.0000  -287.1218
  -2.000   0.0872   0.02220   0.01256  -0.0866  0.9718  0.0968  -1.6852   0.0000   0.0000   0.0000   1.2491
  -1.500   0.1718   0.02043   0.01078  -0.0922  0.9578  0.1478  -1.3311   0.0000   0.0000   0.0000   0.7891
  -1.000   0.2547   0.01894   0.00981  -0.0977  0.9426  0.3032  -0.9858   0.0000   0.0000   0.0000   0.6344
  -0.500   0.3258   0.01684   0.00918  -0.0996  0.9245  1.0000  -0.6924   0.0000   0.0000   0.0000   0.5559
   0.000   0.4032   0.01695   0.00879  -0.1034  0.9036  1.0000  -0.5625   0.0000   0.0000   0.0000   0.5061
   0.500   0.4756   0.01696   0.00850  -0.1059  0.8815  1.0000  -0.6103   0.0000   0.0000   0.0000   0.4719
   1.000   0.5442   0.01692   0.00828  -0.1075  0.8584  1.0000  -0.6589   0.0000   0.0000   0.0000   0.4462
   1.500   0.6097   0.01686   0.00811  -0.1082  0.8343  1.0000  -0.7088   0.0000   0.0000   0.0000   0.4258
   2.000   0.6717   0.01686   0.00807  -0.1082  0.8087  1.0000  -0.7602   0.0000   0.0000   0.0000   0.4090
   2.500   0.7295   0.01702   0.00826  -0.1074  0.7806  1.0000  -0.8131   0.0000   0.0000   0.0000   0.3948
   3.000   0.7883   0.01719   0.00846  -0.1068  0.7543  1.0000  -0.9067   0.0000   0.0000   0.0000   0.3826
   3.500   0.8431   0.01762   0.00902  -0.1056  0.7256  1.0000  -1.1543   0.0000   0.0000   0.0000   0.3720
   4.000   0.8989   0.01806   0.00962  -0.1046  0.6986  1.0000  -1.4616   0.0000   0.0000   0.0000   0.3626
   4.500   0.9524   0.01868   0.01047  -0.1032  0.6701  1.0000  -1.8293   0.0000   0.0000   0.0000   0.3541
   5.000   1.0066   0.01925   0.01133  -0.1016  0.6411  1.0000  -2.2575   0.0000   0.0000   0.0000   0.3462
   5.500   1.0496   0.01898   0.01107  -0.0963  0.5692  1.0000  -2.6897   0.0000   0.0000   0.0000   0.3364
   6.000   1.0858   0.01932   0.01137  -0.0905  0.4718  1.0000  -3.1316   0.0000   0.0000   0.0000   0.3274
   6.500   1.0899   0.02304   0.01326  -0.0817  0.1518  1.0000  -3.3649   0.0000   0.0000   0.0000   0.3184
   7.000   1.1023   0.02776   0.01741  -0.0754  0.0796  1.0000  -3.5542   0.0000   0.0000   0.0000   0.3113
   7.500   1.1230   0.03144   0.02115  -0.0699  0.0628  1.0000  -3.8393   0.0000   0.0000   0.0000   0.3046
   8.000   1.1619   0.03557   0.02534  -0.0664  0.0525  1.0000  -4.1731   0.0000   0.0000   0.0000   0.2989
   8.500   1.2159   0.04121   0.03120  -0.0653  0.0454  1.0000  -4.5273   0.0000   0.0000   0.0000   0.2948
   9.000   1.2517   0.04692   0.03778  -0.0618  0.0407  1.0000  -4.7412   0.0000   0.0000   0.0000   0.2899
   9.500   1.2729   0.05392   0.04556  -0.0575  0.0393  1.0000  -4.9277   0.0000   0.0000   0.0000   0.2852
  10.000   1.2710   0.06136   0.05384  -0.0517  0.0392  1.0000  -4.9684   0.0000   0.0000   0.0000   0.2802
  10.500   1.2484   0.06839   0.06155  -0.0453  0.0391  1.0000  -4.9400   0.0000   0.0000   0.0000   0.2752
  11.000   1.2111   0.07630   0.07004  -0.0411  0.0395  1.0000  -4.8227   0.0000   0.0000   0.0000   0.2723
  11.500   1.1648   0.08666   0.08089  -0.0417  0.0405  1.0000  -4.6124   0.0000   0.0000   0.0000   0.2735
  12.000   1.1158   0.10023   0.09486  -0.0481  0.0419  1.0000  -4.3334   0.0000   0.0000   0.0000   0.2802
  12.500   1.0723   0.11685   0.11169  -0.0588  0.0434  1.0000  -4.0019   0.0000   0.0000   0.0000   0.2914
  13.000   1.0460   0.13356   0.12845  -0.0691  0.0450  1.0000  -3.7005   0.0000   0.0000   0.0000   0.3023
  13.500   1.0436   0.14532   0.14019  -0.0736  0.0461  1.0000  -3.6275   0.0000   0.0000   0.0000   0.3063
  14.000   1.0312   0.16609   0.16091  -0.0860  0.0554  1.0000  -3.0560   0.0000   0.0000   0.0000   0.3190


