xflr5 v6.61

 Calculated polar for: BLD_100

 1 1 Reynolds number fixed          Mach number fixed         

 xtrf =   1.000 (top)        1.000 (bottom)
 Mach =   0.200     Re =     0.060 e 6     Ncrit =   7.000

  alpha     CL        CD       CDp       Cm    Top Xtr Bot Xtr   Cpmin    Chinge    XCp    
 ------- -------- --------- --------- -------- ------- ------- -------- --------- ---------
 -20.500  -0.7151   0.25775   0.25049   0.0447  1.0000  0.0339  -1.5969   0.0000   0.0000   0.0000   0.3011
 -20.000  -0.6965   0.25091   0.24363   0.0410  1.0000  0.0354  -1.5420   0.0000   0.0000   0.0000   0.2980
 -19.500  -0.6782   0.24480   0.23752   0.0370  1.0000  0.0372  -1.5087   0.0000   0.0000   0.0000   0.2941
 -19.000  -0.6599   0.23895   0.23168   0.0328  1.0000  0.0392  -1.4868   0.0000   0.0000   0.0000   0.2897
 -18.500  -0.6428   0.23466   0.22740   0.0279  1.0000  0.0411  -1.5336   0.0000   0.0000   0.0000   0.2838
 -18.000  -0.6307   0.23387   0.22663   0.0221  1.0000  0.0417  -1.6277   0.0000   0.0000   0.0000   0.2760
 -17.500  -0.6067   0.22093   0.21368   0.0206  1.0000  0.0433  -1.5210   0.0000   0.0000   0.0000   0.2751
 -17.000  -0.5882   0.21418   0.20693   0.0174  1.0000  0.0455  -1.4853   0.0000   0.0000   0.0000   0.2711
 -16.500  -0.5706   0.20808   0.20084   0.0138  1.0000  0.0481  -1.4758   0.0000   0.0000   0.0000   0.2661
 -16.000  -0.5546   0.20299   0.19578   0.0096  1.0000  0.0504  -1.4985   0.0000   0.0000   0.0000   0.2595
 -15.500  -0.5444   0.20074   0.19358   0.0045  1.0000  0.0513  -1.5725   0.0000   0.0000   0.0000   0.2509
 -15.000  -0.5221   0.19002   0.18286   0.0029  1.0000  0.0529  -1.4876   0.0000   0.0000   0.0000   0.2482
 -14.500  -0.5040   0.18290   0.17574   0.0005  1.0000  0.0562  -1.4270   0.0000   0.0000   0.0000   0.2440
 -14.000  -0.4897   0.17737   0.17025  -0.0030  1.0000  0.0602  -1.4427   0.0000   0.0000   0.0000   0.2373
 -13.500  -0.4855   0.17556   0.16851  -0.0081  1.0000  0.0618  -1.5589   0.0000   0.0000   0.0000   0.2272
 -13.000  -0.4602   0.16413   0.15708  -0.0084  1.0000  0.0651  -1.4623   0.0000   0.0000   0.0000   0.2255
 -12.500  -0.4459   0.15784   0.15081  -0.0109  1.0000  0.0692  -1.4621   0.0000   0.0000   0.0000   0.2196
 -12.000  -0.4401   0.15397   0.14701  -0.0150  1.0000  0.0721  -1.5410   0.0000   0.0000   0.0000   0.2102
 -11.500  -0.4241   0.14577   0.13887  -0.0167  1.0000  0.0742  -1.5207   0.0000   0.0000   0.0000   0.2051
 -11.000  -0.4087   0.13876   0.13189  -0.0181  1.0000  0.0791  -1.4824   0.0000   0.0000   0.0000   0.2004
 -10.500  -0.4063   0.13480   0.12803  -0.0221  1.0000  0.0831  -1.5590   0.0000   0.0000   0.0000   0.1905
 -10.000  -0.3881   0.12633   0.11958  -0.0225  1.0000  0.0874  -1.4920   0.0000   0.0000   0.0000   0.1871
  -9.500  -0.3847   0.12183   0.11519  -0.0257  1.0000  0.0939  -1.5335   0.0000   0.0000   0.0000   0.1786
  -9.000  -0.3699   0.11428   0.10772  -0.0261  1.0000  0.0987  -1.4793   0.0000   0.0000   0.0000   0.1748
  -8.500  -0.3700   0.10997   0.10355  -0.0289  1.0000  0.1051  -1.5341   0.0000   0.0000   0.0000   0.1679
  -8.000  -0.3589   0.10298   0.09667  -0.0286  1.0000  0.1095  -1.5225   0.0000   0.0000   0.0000   0.1663
  -7.500  -0.3678   0.09931   0.09322  -0.0290  1.0000  0.1162  -1.5810   0.0000   0.0000   0.0000   0.1679
  -7.000  -0.3653   0.09334   0.08741  -0.0274  1.0000  0.1207  -1.5784   0.0000   0.0000   0.0000   0.1718
  -6.500  -0.3745   0.08979   0.08404  -0.0319  1.0000  0.1283  -1.6748   0.0000   0.0000   0.0000   0.1623
  -6.000  -0.3681   0.08371   0.07809  -0.0299  1.0000  0.1387  -1.6386   0.0000   0.0000   0.0000   0.1666
  -5.500  -0.3615   0.07839   0.07283  -0.0335  1.0000  0.1510  -1.6685   0.0000   0.0000   0.0000   0.1553
  -5.000  -0.3488   0.07207   0.06658  -0.0338  1.0000  0.1639  -1.6368   0.0000   0.0000   0.0000   0.1514
  -4.500  -0.3307   0.06590   0.06042  -0.0338  1.0000  0.1778  -1.5809   0.0000   0.0000   0.0000   0.1460
  -3.500  -0.1896   0.04189   0.03462  -0.0622  1.0000  0.0833  -2.0881   0.0000   0.0000   0.0000  -0.0812
  -3.000  -0.1284   0.03490   0.02683  -0.0666  1.0000  0.0812  -2.0672   0.0000   0.0000   0.0000  -0.2733
  -2.500  -0.0617   0.02971   0.02059  -0.0704  1.0000  0.0876  -1.9617   0.0000   0.0000   0.0000  -0.9004
  -2.000  -0.0005   0.02660   0.01664  -0.0722  1.0000  0.1021  -1.7794   0.0000   0.0000   0.0000  -138.5555
  -1.500   0.0832   0.02440   0.01391  -0.0779  0.9901  0.1384  -1.5015   0.0000   0.0000   0.0000   1.1912
  -1.000   0.1749   0.02283   0.01243  -0.0850  0.9751  0.2368  -1.1662   0.0000   0.0000   0.0000   0.7371
  -0.500   0.2533   0.01999   0.01155  -0.0889  0.9570  1.0000  -0.8625   0.0000   0.0000   0.0000   0.6015
   0.000   0.3385   0.02062   0.01139  -0.0950  0.9340  1.0000  -0.5537   0.0000   0.0000   0.0000   0.5302
   0.500   0.4174   0.02111   0.01146  -0.0996  0.9093  1.0000  -0.5696   0.0000   0.0000   0.0000   0.4878
   1.000   0.4922   0.02150   0.01161  -0.1031  0.8838  1.0000  -0.6191   0.0000   0.0000   0.0000   0.4583
   1.500   0.5643   0.02177   0.01176  -0.1057  0.8589  1.0000  -0.6705   0.0000   0.0000   0.0000   0.4357
   2.000   0.6334   0.02195   0.01193  -0.1074  0.8344  1.0000  -0.7244   0.0000   0.0000   0.0000   0.4175
   2.500   0.6997   0.02211   0.01215  -0.1082  0.8102  1.0000  -0.7814   0.0000   0.0000   0.0000   0.4022
   3.000   0.7571   0.02256   0.01271  -0.1077  0.7828  1.0000  -0.8386   0.0000   0.0000   0.0000   0.3894
   3.500   0.8164   0.02293   0.01328  -0.1072  0.7573  1.0000  -1.0593   0.0000   0.0000   0.0000   0.3781
   4.000   0.8755   0.02332   0.01390  -0.1065  0.7323  1.0000  -1.3557   0.0000   0.0000   0.0000   0.3679
   4.500   0.9296   0.02398   0.01491  -0.1051  0.7051  1.0000  -1.6923   0.0000   0.0000   0.0000   0.3589
   5.000   0.9846   0.02458   0.01593  -0.1035  0.6772  1.0000  -2.1041   0.0000   0.0000   0.0000   0.3505
   5.500   1.0400   0.02466   0.01644  -0.1007  0.6415  1.0000  -2.5524   0.0000   0.0000   0.0000   0.3417
   6.000   1.0796   0.02286   0.01461  -0.0917  0.5429  1.0000  -3.0285   0.0000   0.0000   0.0000   0.3292
   6.500   1.1006   0.02334   0.01490  -0.0828  0.3898  1.0000  -3.3702   0.0000   0.0000   0.0000   0.3187
   7.000   1.0882   0.02947   0.01877  -0.0733  0.1219  1.0000  -3.4487   0.0000   0.0000   0.0000   0.3102
   7.500   1.1021   0.03394   0.02312  -0.0673  0.0885  1.0000  -3.6506   0.0000   0.0000   0.0000   0.3034
   8.000   1.1385   0.03813   0.02737  -0.0632  0.0709  1.0000  -3.9570   0.0000   0.0000   0.0000   0.2973
   8.500   1.2012   0.04372   0.03327  -0.0623  0.0596  1.0000  -4.3081   0.0000   0.0000   0.0000   0.2931
   9.000   1.2467   0.05086   0.04099  -0.0604  0.0544  1.0000  -4.5410   0.0000   0.0000   0.0000   0.2890
   9.500   1.2606   0.05797   0.04916  -0.0554  0.0520  1.0000  -4.6344   0.0000   0.0000   0.0000   0.2840
  10.000   1.2549   0.06523   0.05724  -0.0498  0.0502  1.0000  -4.6819   0.0000   0.0000   0.0000   0.2793
  10.500   1.2294   0.07258   0.06523  -0.0440  0.0502  1.0000  -4.6351   0.0000   0.0000   0.0000   0.2748
  11.000   1.1912   0.08103   0.07422  -0.0409  0.0508  1.0000  -4.5157   0.0000   0.0000   0.0000   0.2728
  11.500   1.1471   0.09162   0.08524  -0.0426  0.0517  1.0000  -4.3387   0.0000   0.0000   0.0000   0.2750
  12.000   1.1029   0.10500   0.09892  -0.0492  0.0529  1.0000  -4.1035   0.0000   0.0000   0.0000   0.2819
  12.500   1.0683   0.12026   0.11431  -0.0583  0.0544  1.0000  -3.8482   0.0000   0.0000   0.0000   0.2914
  13.000   1.0520   0.13434   0.12843  -0.0657  0.0555  1.0000  -3.6727   0.0000   0.0000   0.0000   0.2988
  15.500   1.0363   0.21109   0.20496  -0.1148  0.1303  1.0000  -2.0962   0.0000   0.0000   0.0000   0.3454
  16.000   1.0467   0.21897   0.21280  -0.1195  0.1240  1.0000  -2.0715   0.0000   0.0000   0.0000   0.3481
  16.500   1.0655   0.22755   0.22140  -0.1220  0.1161  1.0000  -2.1114   0.0000   0.0000   0.0000   0.3477
  17.000   1.0862   0.23667   0.23054  -0.1241  0.1063  1.0000  -2.1682   0.0000   0.0000   0.0000   0.3467
  17.500   1.0880   0.24106   0.23488  -0.1321  0.0995  1.0000  -2.0691   0.0000   0.0000   0.0000   0.3531
  18.000   1.1063   0.24967   0.24352  -0.1353  0.0951  1.0000  -2.1257   0.0000   0.0000   0.0000   0.3531
  18.500   1.1186   0.25575   0.24960  -0.1409  0.0881  1.0000  -2.1152   0.0000   0.0000   0.0000   0.3559
  19.000   1.1347   0.26362   0.25746  -0.1452  0.0843  1.0000  -2.1337   0.0000   0.0000   0.0000   0.3571
  19.500   1.1505   0.27021   0.26408  -0.1497  0.0770  1.0000  -2.1598   0.0000   0.0000   0.0000   0.3583
  20.000   1.1648   0.27719   0.27103  -0.1552  0.0736  1.0000  -2.1358   0.0000   0.0000   0.0000   0.3605


