xflr5 v6.61

 Calculated polar for: BLD_25

 1 1 Reynolds number fixed          Mach number fixed         

 xtrf =   1.000 (top)        1.000 (bottom)
 Mach =   0.200     Re =     0.090 e 6     Ncrit =   7.000

  alpha     CL        CD       CDp       Cm    Top Xtr Bot Xtr   Cpmin    Chinge    XCp    
 ------- -------- --------- --------- -------- ------- ------- -------- --------- ---------
 -10.500  -0.3580   0.13648   0.13077  -0.0265  1.0000  0.0485  -1.3940   0.0000   0.0000   0.0000   0.1694
 -10.000  -0.3491   0.13095   0.12532  -0.0266  1.0000  0.0509  -1.3634   0.0000   0.0000   0.0000   0.1674
  -9.500  -0.3435   0.12589   0.12030  -0.0271  1.0000  0.0536  -1.3680   0.0000   0.0000   0.0000   0.1650
  -9.000  -0.3483   0.12283   0.11737  -0.0287  1.0000  0.0555  -1.4601   0.0000   0.0000   0.0000   0.1621
  -8.500  -0.3622   0.12075   0.11546  -0.0298  1.0000  0.0559  -1.5831   0.0000   0.0000   0.0000   0.1630
  -8.000  -0.3326   0.11067   0.10540  -0.0257  1.0000  0.0611  -1.3565   0.0000   0.0000   0.0000   0.1678
  -7.500  -0.3412   0.10736   0.10225  -0.0248  1.0000  0.0648  -1.4318   0.0000   0.0000   0.0000   0.1729
  -7.000  -0.3674   0.10601   0.10112  -0.0233  1.0000  0.0657  -1.5715   0.0000   0.0000   0.0000   0.1831
  -6.500  -0.3566   0.09880   0.09400  -0.0190  1.0000  0.0681  -1.4919   0.0000   0.0000   0.0000   0.1934
  -6.000  -0.3575   0.09427   0.08960  -0.0175  1.0000  0.0717  -1.4987   0.0000   0.0000   0.0000   0.1981
  -5.500  -0.3515   0.08987   0.08532  -0.0301  1.0000  0.0757  -1.7019   0.0000   0.0000   0.0000   0.1618
  -5.000  -0.3461   0.08341   0.07898  -0.0227  1.0000  0.0782  -1.5933   0.0000   0.0000   0.0000   0.1819
  -4.500  -0.3006   0.07588   0.07138  -0.0420  1.0000  0.0865  -1.7453   0.0000   0.0000   0.0000   0.1075
  -4.000  -0.2916   0.07019   0.06582  -0.0354  1.0000  0.0897  -1.6164   0.0000   0.0000   0.0000   0.1261
  -3.000  -0.0525   0.03997   0.03406  -0.0915  0.9973  0.0554  -2.1580   0.0000   0.0000   0.0000  -1.5066
  -2.500   0.0725   0.02989   0.02259  -0.1098  0.9957  0.0516  -2.1284   0.0000   0.0000   0.0000   1.7759
  -2.000   0.1804   0.02478   0.01609  -0.1203  0.9920  0.0574  -2.0054   0.0000   0.0000   0.0000   0.9208
  -1.500   0.2746   0.02302   0.01407  -0.1280  0.9840  0.0992  -1.6921   0.0000   0.0000   0.0000   0.7181
  -1.000   0.3647   0.02216   0.01337  -0.1351  0.9726  0.1830  -1.2499   0.0000   0.0000   0.0000   0.6213
  -0.500   0.4547   0.02128   0.01308  -0.1423  0.9608  0.3736  -0.8611   0.0000   0.0000   0.0000   0.5630
   0.000   0.5158   0.01965   0.01274  -0.1421  0.9424  1.0000  -0.5964   0.0000   0.0000   0.0000   0.5249
   0.500   0.5938   0.01965   0.01229  -0.1460  0.9222  1.0000  -0.6618   0.0000   0.0000   0.0000   0.4947
   1.000   0.6703   0.01941   0.01181  -0.1492  0.9010  1.0000  -0.7352   0.0000   0.0000   0.0000   0.4709
   1.500   0.7460   0.01890   0.01117  -0.1517  0.8792  1.0000  -0.8182   0.0000   0.0000   0.0000   0.4512
   2.000   0.8224   0.01809   0.01034  -0.1538  0.8566  1.0000  -0.9186   0.0000   0.0000   0.0000   0.4344
   3.000   0.9699   0.01670   0.00901  -0.1566  0.7909  1.0000  -1.1637   0.0000   0.0000   0.0000   0.4078
   3.500   1.0388   0.01641   0.00871  -0.1571  0.7423  1.0000  -1.3166   0.0000   0.0000   0.0000   0.3971
   4.000   1.1031   0.01652   0.00874  -0.1567  0.6845  1.0000  -1.5114   0.0000   0.0000   0.0000   0.3874
   4.500   1.1574   0.01709   0.00915  -0.1548  0.6195  1.0000  -1.7174   0.0000   0.0000   0.0000   0.3785
   5.000   1.2056   0.01799   0.00991  -0.1519  0.5530  1.0000  -2.0179   0.0000   0.0000   0.0000   0.3702
   5.500   1.2491   0.01911   0.01086  -0.1485  0.4861  1.0000  -2.3270   0.0000   0.0000   0.0000   0.3624
   6.000   1.2884   0.02044   0.01204  -0.1444  0.4174  1.0000  -2.6775   0.0000   0.0000   0.0000   0.3550
   6.500   1.3233   0.02201   0.01342  -0.1399  0.3473  1.0000  -3.0244   0.0000   0.0000   0.0000   0.3479
   7.000   1.3506   0.02390   0.01510  -0.1344  0.2678  1.0000  -3.3547   0.0000   0.0000   0.0000   0.3411
   7.500   1.3779   0.02605   0.01704  -0.1294  0.2020  1.0000  -3.6878   0.0000   0.0000   0.0000   0.3348
   8.000   1.4039   0.02845   0.01939  -0.1243  0.1526  1.0000  -4.0082   0.0000   0.0000   0.0000   0.3287
   8.500   1.4212   0.03134   0.02223  -0.1180  0.1097  1.0000  -4.2743   0.0000   0.0000   0.0000   0.3225
   9.000   1.4297   0.03504   0.02590  -0.1108  0.0783  1.0000  -4.4822   0.0000   0.0000   0.0000   0.3162
   9.500   1.4370   0.03929   0.03032  -0.1036  0.0616  1.0000  -4.6815   0.0000   0.0000   0.0000   0.3102
  10.000   1.4490   0.04381   0.03515  -0.0977  0.0529  1.0000  -4.9020   0.0000   0.0000   0.0000   0.3047
  10.500   1.4603   0.04849   0.04010  -0.0925  0.0463  1.0000  -5.1471   0.0000   0.0000   0.0000   0.2999
  11.000   1.4723   0.05385   0.04595  -0.0878  0.0423  1.0000  -5.3549   0.0000   0.0000   0.0000   0.2954
  11.500   1.4785   0.06006   0.05253  -0.0835  0.0401  1.0000  -5.5397   0.0000   0.0000   0.0000   0.2915
  12.000   1.4696   0.06794   0.06096  -0.0794  0.0390  1.0000  -5.6493   0.0000   0.0000   0.0000   0.2883
  12.500   1.4421   0.07693   0.07064  -0.0768  0.0386  1.0000  -5.6371   0.0000   0.0000   0.0000   0.2867
  13.000   1.4061   0.08770   0.08201  -0.0774  0.0385  1.0000  -5.5523   0.0000   0.0000   0.0000   0.2876
  13.500   1.3656   0.10058   0.09540  -0.0819  0.0386  1.0000  -5.3996   0.0000   0.0000   0.0000   0.2917
  14.000   1.3236   0.11594   0.11117  -0.0905  0.0389  1.0000  -5.1729   0.0000   0.0000   0.0000   0.2994
  14.500   1.2829   0.13403   0.12956  -0.1029  0.0393  1.0000  -4.8541   0.0000   0.0000   0.0000   0.3106
  15.000   1.1901   0.18007   0.17563  -0.1369  0.0443  1.0000  -3.2344   0.0000   0.0000   0.0000   0.3465
  15.500   1.1870   0.19481   0.19030  -0.1458  0.0454  1.0000  -2.9675   0.0000   0.0000   0.0000   0.3539
  16.000   1.1922   0.20672   0.20219  -0.1527  0.0468  1.0000  -2.8411   0.0000   0.0000   0.0000   0.3585
  16.500   1.2057   0.21550   0.21100  -0.1563  0.0484  1.0000  -2.8772   0.0000   0.0000   0.0000   0.3592


