xflr5 v6.61

 Calculated polar for: BLD_75

 1 1 Reynolds number fixed          Mach number fixed         

 xtrf =   1.000 (top)        1.000 (bottom)
 Mach =   0.200     Re =     0.060 e 6     Ncrit =   9.000

  alpha     CL        CD       CDp       Cm    Top Xtr Bot Xtr   Cpmin    Chinge    XCp    
 ------- -------- --------- --------- -------- ------- ------- -------- --------- ---------
 -24.500  -0.8159   0.30067   0.29327   0.0666  1.0000  0.0300  -1.6167   0.0000   0.0000   0.0000   0.3156
 -24.000  -0.7989   0.29462   0.28719   0.0623  1.0000  0.0312  -1.5748   0.0000   0.0000   0.0000   0.3126
 -23.500  -0.7816   0.28889   0.28144   0.0579  1.0000  0.0324  -1.5406   0.0000   0.0000   0.0000   0.3093
 -23.000  -0.7642   0.28323   0.27576   0.0534  1.0000  0.0337  -1.5093   0.0000   0.0000   0.0000   0.3057
 -22.500  -0.7466   0.27765   0.27017   0.0489  1.0000  0.0351  -1.4809   0.0000   0.0000   0.0000   0.3019
 -22.000  -0.7289   0.27256   0.26505   0.0442  1.0000  0.0365  -1.4629   0.0000   0.0000   0.0000   0.2976
 -21.500  -0.7125   0.26993   0.26243   0.0388  1.0000  0.0373  -1.4755   0.0000   0.0000   0.0000   0.2920
 -21.000  -0.6960   0.26478   0.25732   0.0342  1.0000  0.0378  -1.4974   0.0000   0.0000   0.0000   0.2873
 -20.500  -0.6761   0.25452   0.24704   0.0318  1.0000  0.0396  -1.4208   0.0000   0.0000   0.0000   0.2855
 -20.000  -0.6581   0.24841   0.24092   0.0281  1.0000  0.0415  -1.4101   0.0000   0.0000   0.0000   0.2816
 -19.500  -0.6403   0.24270   0.23521   0.0241  1.0000  0.0437  -1.4189   0.0000   0.0000   0.0000   0.2770
 -19.000  -0.6234   0.23830   0.23079   0.0196  1.0000  0.0455  -1.4597   0.0000   0.0000   0.0000   0.2712
 -18.500  -0.6113   0.23763   0.23016   0.0141  1.0000  0.0462  -1.5477   0.0000   0.0000   0.0000   0.2634
 -18.000  -0.5886   0.22533   0.21787   0.0124  1.0000  0.0477  -1.4682   0.0000   0.0000   0.0000   0.2616
 -17.500  -0.5703   0.21851   0.21105   0.0095  1.0000  0.0501  -1.4323   0.0000   0.0000   0.0000   0.2575
 -17.000  -0.5532   0.21260   0.20516   0.0062  1.0000  0.0528  -1.4236   0.0000   0.0000   0.0000   0.2523
 -16.500  -0.5380   0.20808   0.20066   0.0021  1.0000  0.0552  -1.4475   0.0000   0.0000   0.0000   0.2454
 -16.000  -0.5305   0.20756   0.20021  -0.0029  1.0000  0.0560  -1.5289   0.0000   0.0000   0.0000   0.2365
 -15.500  -0.5041   0.19440   0.18701  -0.0033  1.0000  0.0594  -1.3854   0.0000   0.0000   0.0000   0.2354
 -15.000  -0.4884   0.18858   0.18121  -0.0062  1.0000  0.0634  -1.3602   0.0000   0.0000   0.0000   0.2295
 -14.500  -0.4795   0.18581   0.17850  -0.0105  1.0000  0.0657  -1.4064   0.0000   0.0000   0.0000   0.2208
 -14.000  -0.4601   0.17669   0.16943  -0.0119  1.0000  0.0678  -1.3326   0.0000   0.0000   0.0000   0.2167
 -13.500  -0.4442   0.17014   0.16290  -0.0139  1.0000  0.0719  -1.2956   0.0000   0.0000   0.0000   0.2116
 -13.000  -0.4365   0.16653   0.15935  -0.0175  1.0000  0.0753  -1.3648   0.0000   0.0000   0.0000   0.2032
 -12.500  -0.4207   0.15859   0.15147  -0.0190  1.0000  0.0777  -1.3604   0.0000   0.0000   0.0000   0.1983
 -12.000  -0.4059   0.15193   0.14485  -0.0203  1.0000  0.0827  -1.3480   0.0000   0.0000   0.0000   0.1934
 -11.500  -0.4042   0.14898   0.14200  -0.0239  1.0000  0.0862  -1.4345   0.0000   0.0000   0.0000   0.1849
 -11.000  -0.3843   0.13989   0.13290  -0.0239  1.0000  0.0906  -1.3817   0.0000   0.0000   0.0000   0.1818
 -10.500  -0.3811   0.13595   0.12905  -0.0264  1.0000  0.0965  -1.4338   0.0000   0.0000   0.0000   0.1749
 -10.000  -0.3654   0.12824   0.12141  -0.0265  1.0000  0.1021  -1.3943   0.0000   0.0000   0.0000   0.1719
  -9.750  -0.3636   0.12603   0.11926  -0.0274  1.0000  0.1059  -1.4103   0.0000   0.0000   0.0000   0.1693
  -9.500  -0.3703   0.12558   0.11890  -0.0293  1.0000  0.1075  -1.4742   0.0000   0.0000   0.0000   0.1660
  -9.250  -0.3572   0.12021   0.11356  -0.0283  1.0000  0.1102  -1.4221   0.0000   0.0000   0.0000   0.1657
  -9.000  -0.3512   0.11709   0.11047  -0.0281  1.0000  0.1140  -1.4025   0.0000   0.0000   0.0000   0.1650
  -8.750  -0.3538   0.11550   0.10897  -0.0289  1.0000  0.1174  -1.4325   0.0000   0.0000   0.0000   0.1636
  -8.500  -0.3656   0.11539   0.10900  -0.0301  1.0000  0.1186  -1.5027   0.0000   0.0000   0.0000   0.1633
  -8.250  -0.3461   0.10925   0.10285  -0.0283  1.0000  0.1227  -1.4123   0.0000   0.0000   0.0000   0.1638
  -8.000  -0.3467   0.10713   0.10081  -0.0281  1.0000  0.1270  -1.4178   0.0000   0.0000   0.0000   0.1647
  -7.750  -0.3603   0.10685   0.10068  -0.0283  1.0000  0.1291  -1.4775   0.0000   0.0000   0.0000   0.1677
  -7.500  -0.3497   0.10236   0.09623  -0.0269  1.0000  0.1324  -1.4282   0.0000   0.0000   0.0000   0.1692
  -7.250  -0.3506   0.10012   0.09406  -0.0257  1.0000  0.1368  -1.4191   0.0000   0.0000   0.0000   0.1732
  -7.000  -0.3652   0.09959   0.09369  -0.0253  1.0000  0.1396  -1.4702   0.0000   0.0000   0.0000   0.1776
  -6.750  -0.3625   0.09625   0.09043  -0.0241  1.0000  0.1424  -1.4507   0.0000   0.0000   0.0000   0.1805
  -6.500  -0.3605   0.09361   0.08786  -0.0228  1.0000  0.1477  -1.4273   0.0000   0.0000   0.0000   0.1837
  -6.250  -0.3716   0.09307   0.08745  -0.0273  1.0000  0.1512  -1.5105   0.0000   0.0000   0.0000   0.1740
  -6.000  -0.3620   0.08868   0.08309  -0.0222  1.0000  0.1561  -1.4243   0.0000   0.0000   0.0000   0.1859
  -5.750  -0.3659   0.08744   0.08193  -0.0277  1.0000  0.1621  -1.4881   0.0000   0.0000   0.0000   0.1721
  -5.500  -0.3597   0.08358   0.07809  -0.0226  1.0000  0.1675  -1.4349   0.0000   0.0000   0.0000   0.1850
  -4.250  -0.3271   0.06959   0.06429  -0.0275  1.0000  0.2196  -1.4358   0.0000   0.0000   0.0000   0.1642
  -4.000  -0.3158   0.06661   0.06133  -0.0280  1.0000  0.2323  -1.4199   0.0000   0.0000   0.0000   0.1596
  -3.750  -0.2984   0.06356   0.05825  -0.0316  1.0000  0.2511  -1.4126   0.0000   0.0000   0.0000   0.1424
  -2.750  -0.0943   0.03979   0.03247  -0.0738  1.0000  0.1297  -1.7140   0.0000   0.0000   0.0000  -0.5383
  -2.500  -0.0492   0.03527   0.02737  -0.0785  1.0000  0.1168  -1.7259   0.0000   0.0000   0.0000  -1.3581
  -2.250  -0.0136   0.03284   0.02453  -0.0812  1.0000  0.1245  -1.6508   0.0000   0.0000   0.0000  -5.7762
  -2.000   0.0267   0.03029   0.02133  -0.0842  1.0000  0.1316  -1.6346   0.0000   0.0000   0.0000   3.4157
  -1.750   0.0645   0.02823   0.01869  -0.0862  1.0000  0.1390  -1.6129   0.0000   0.0000   0.0000   1.5932
  -1.500   0.0946   0.02719   0.01747  -0.0871  1.0000  0.1605  -1.5240   0.0000   0.0000   0.0000   1.1755
  -1.250   0.1251   0.02616   0.01627  -0.0880  1.0000  0.1800  -1.4299   0.0000   0.0000   0.0000   0.9555
  -1.000   0.1545   0.02549   0.01552  -0.0887  1.0000  0.2091  -1.3124   0.0000   0.0000   0.0000   0.8258
  -0.750   0.1834   0.02498   0.01498  -0.0893  1.0000  0.2511  -1.2067   0.0000   0.0000   0.0000   0.7381
  -0.500   0.2143   0.02443   0.01462  -0.0903  1.0000  0.3219  -1.0941   0.0000   0.0000   0.0000   0.6719
  -0.250   0.2483   0.02177   0.01414  -0.0903  1.0000  0.8074  -0.9696   0.0000   0.0000   0.0000   0.6139
   0.000   0.2582   0.02243   0.01426  -0.0885  1.0000  1.0000  -0.8995   0.0000   0.0000   0.0000   0.5926
   0.250   0.2799   0.02329   0.01476  -0.0887  1.0000  1.0000  -0.7805   0.0000   0.0000   0.0000   0.5666
   0.500   0.3350   0.02431   0.01538  -0.0950  0.9871  1.0000  -0.5726   0.0000   0.0000   0.0000   0.5328
   0.750   0.3830   0.02516   0.01594  -0.0999  0.9718  1.0000  -0.5324   0.0000   0.0000   0.0000   0.5097
   1.000   0.4317   0.02592   0.01650  -0.1047  0.9576  1.0000  -0.5631   0.0000   0.0000   0.0000   0.4912
   1.250   0.4756   0.02658   0.01703  -0.1085  0.9421  1.0000  -0.5925   0.0000   0.0000   0.0000   0.4765
   1.500   0.5211   0.02716   0.01751  -0.1123  0.9277  1.0000  -0.6245   0.0000   0.0000   0.0000   0.4637
   1.750   0.5597   0.02769   0.01798  -0.1148  0.9116  1.0000  -0.6537   0.0000   0.0000   0.0000   0.4531
   2.000   0.6049   0.02809   0.01834  -0.1182  0.8978  1.0000  -0.6892   0.0000   0.0000   0.0000   0.4431
   2.250   0.6381   0.02858   0.01883  -0.1194  0.8812  1.0000  -0.7183   0.0000   0.0000   0.0000   0.4348
   2.500   0.6797   0.02886   0.01914  -0.1218  0.8673  1.0000  -0.7564   0.0000   0.0000   0.0000   0.4266
   2.750   0.7147   0.02922   0.01957  -0.1231  0.8520  1.0000  -0.7925   0.0000   0.0000   0.0000   0.4194
   3.000   0.7510   0.02948   0.01989  -0.1243  0.8373  1.0000  -0.8344   0.0000   0.0000   0.0000   0.4125
   3.250   0.7926   0.02947   0.01998  -0.1261  0.8242  1.0000  -0.8904   0.0000   0.0000   0.0000   0.4058
   3.500   0.8258   0.02971   0.02035  -0.1265  0.8091  1.0000  -0.9556   0.0000   0.0000   0.0000   0.3997
   3.750   0.8610   0.02976   0.02053  -0.1270  0.7946  1.0000  -1.0454   0.0000   0.0000   0.0000   0.3938
   4.000   0.9005   0.02951   0.02042  -0.1277  0.7813  1.0000  -1.1875   0.0000   0.0000   0.0000   0.3878
   4.250   0.9301   0.02970   0.02081  -0.1271  0.7651  1.0000  -1.3314   0.0000   0.0000   0.0000   0.3825
   4.500   0.9665   0.02943   0.02072  -0.1270  0.7502  1.0000  -1.5009   0.0000   0.0000   0.0000   0.3770
   4.750   0.9989   0.02932   0.02079  -0.1263  0.7336  1.0000  -1.6825   0.0000   0.0000   0.0000   0.3718
   5.000   1.0361   0.02879   0.02046  -0.1258  0.7168  1.0000  -1.9026   0.0000   0.0000   0.0000   0.3665
   5.250   1.0670   0.02855   0.02050  -0.1244  0.6967  1.0000  -2.1062   0.0000   0.0000   0.0000   0.3614
   5.500   1.1010   0.02792   0.02006  -0.1229  0.6745  1.0000  -2.3311   0.0000   0.0000   0.0000   0.3561
   5.750   1.1327   0.02722   0.01952  -0.1207  0.6477  1.0000  -2.5741   0.0000   0.0000   0.0000   0.3508
   6.000   1.1622   0.02638   0.01880  -0.1178  0.6145  1.0000  -2.8374   0.0000   0.0000   0.0000   0.3453
   6.250   1.1876   0.02547   0.01790  -0.1141  0.5725  1.0000  -3.0932   0.0000   0.0000   0.0000   0.3396
   6.500   1.2056   0.02504   0.01750  -0.1098  0.5251  1.0000  -3.3119   0.0000   0.0000   0.0000   0.3343
   6.750   1.2176   0.02487   0.01729  -0.1049  0.4665  1.0000  -3.4966   0.0000   0.0000   0.0000   0.3290
   7.000   1.2160   0.02537   0.01753  -0.0983  0.3713  1.0000  -3.6008   0.0000   0.0000   0.0000   0.3233
   7.250   1.2018   0.02795   0.01901  -0.0913  0.2355  1.0000  -3.6137   0.0000   0.0000   0.0000   0.3181
   7.500   1.1971   0.03128   0.02147  -0.0866  0.1655  1.0000  -3.6324   0.0000   0.0000   0.0000   0.3141
   7.750   1.2044   0.03410   0.02386  -0.0833  0.1320  1.0000  -3.6915   0.0000   0.0000   0.0000   0.3107
   8.000   1.2289   0.03694   0.02648  -0.0818  0.1118  1.0000  -3.8034   0.0000   0.0000   0.0000   0.3078
   8.250   1.2655   0.04018   0.02973  -0.0818  0.0994  1.0000  -3.9909   0.0000   0.0000   0.0000   0.3055
   8.500   1.2912   0.04318   0.03285  -0.0811  0.0893  1.0000  -4.1667   0.0000   0.0000   0.0000   0.3033
   8.750   1.3152   0.04636   0.03631  -0.0800  0.0830  1.0000  -4.3153   0.0000   0.0000   0.0000   0.3010
   9.000   1.3398   0.05065   0.04086  -0.0791  0.0803  1.0000  -4.4365   0.0000   0.0000   0.0000   0.2990
   9.250   1.3507   0.05456   0.04537  -0.0765  0.0794  1.0000  -4.4762   0.0000   0.0000   0.0000   0.2963
   9.500   1.3568   0.05872   0.05006  -0.0737  0.0790  1.0000  -4.4977   0.0000   0.0000   0.0000   0.2937
   9.750   1.3576   0.06301   0.05483  -0.0707  0.0792  1.0000  -4.5017   0.0000   0.0000   0.0000   0.2912
  10.000   1.3530   0.06732   0.05957  -0.0676  0.0794  1.0000  -4.4901   0.0000   0.0000   0.0000   0.2889
  10.250   1.3432   0.07153   0.06416  -0.0645  0.0796  1.0000  -4.4656   0.0000   0.0000   0.0000   0.2866
  10.500   1.3291   0.07564   0.06860  -0.0613  0.0798  1.0000  -4.4316   0.0000   0.0000   0.0000   0.2845
  10.750   1.3118   0.07964   0.07285  -0.0582  0.0800  1.0000  -4.3920   0.0000   0.0000   0.0000   0.2825
  11.000   1.2937   0.08393   0.07736  -0.0560  0.0803  1.0000  -4.3489   0.0000   0.0000   0.0000   0.2811
  11.250   1.2761   0.08862   0.08222  -0.0546  0.0806  1.0000  -4.3040   0.0000   0.0000   0.0000   0.2804
  11.750   1.1723   0.10360   0.09788  -0.0614  0.0869  1.0000  -3.8032   0.0000   0.0000   0.0000   0.2894
  12.000   1.1466   0.11209   0.10645  -0.0664  0.0886  1.0000  -3.6540   0.0000   0.0000   0.0000   0.2947
  12.250   1.1337   0.11967   0.11407  -0.0700  0.0902  1.0000  -3.5616   0.0000   0.0000   0.0000   0.2983
  12.500   1.0826   0.13870   0.13305  -0.0862  0.0980  1.0000  -3.0274   0.0000   0.0000   0.0000   0.3164
  12.750   1.0877   0.14397   0.13833  -0.0867  0.1008  1.0000  -3.0297   0.0000   0.0000   0.0000   0.3162
  13.000   0.8764   0.14999   0.14445  -0.0756  0.1170  1.0000  -2.1992   0.0000   0.0000   0.0000   0.3240
  13.250   0.8699   0.15471   0.14917  -0.0768  0.1203  1.0000  -2.1375   0.0000   0.0000   0.0000   0.3259
  15.000   1.0608   0.20896   0.20305  -0.1304  0.1792  1.0000  -1.9782   0.0000   0.0000   0.0000   0.3578
  15.500   1.0743   0.21667   0.21076  -0.1338  0.1674  1.0000  -1.9785   0.0000   0.0000   0.0000   0.3586
  16.000   1.1019   0.22703   0.22115  -0.1341  0.1531  1.0000  -2.0550   0.0000   0.0000   0.0000   0.3550
  16.500   1.1097   0.23315   0.22726  -0.1391  0.1434  1.0000  -2.0161   0.0000   0.0000   0.0000   0.3579
  17.000   1.1164   0.23906   0.23312  -0.1451  0.1349  1.0000  -1.9604   0.0000   0.0000   0.0000   0.3617
  17.500   1.1291   0.24625   0.24029  -0.1500  0.1275  1.0000  -1.9733   0.0000   0.0000   0.0000   0.3638
  18.000   1.1477   0.25472   0.24877  -0.1531  0.1207  1.0000  -2.0353   0.0000   0.0000   0.0000   0.3635
  18.500   1.1670   0.26301   0.25710  -0.1561  0.1121  1.0000  -2.1044   0.0000   0.0000   0.0000   0.3630
  19.000   1.1750   0.26774   0.26178  -0.1634  0.1055  1.0000  -2.0482   0.0000   0.0000   0.0000   0.3674
  19.500   1.1911   0.27500   0.26912  -0.1678  0.0987  1.0000  -2.0742   0.0000   0.0000   0.0000   0.3682
  20.000   1.2162   0.28669   0.28087  -0.1686  0.0909  1.0000  -2.2037   0.0000   0.0000   0.0000   0.3651


