xflr5 v6.61

 Calculated polar for: BLD_0

 1 1 Reynolds number fixed          Mach number fixed         

 xtrf =   1.000 (top)        1.000 (bottom)
 Mach =   0.200     Re =     0.090 e 6     Ncrit =   7.000

  alpha     CL        CD       CDp       Cm    Top Xtr Bot Xtr   Cpmin    Chinge    XCp    
 ------- -------- --------- --------- -------- ------- ------- -------- --------- ---------
 -19.000  -0.3921   0.21092   0.20539  -0.0147  1.0000  0.0288  -0.9999   0.0000   0.0000   0.0000   0.2065
 -18.500  -0.3821   0.20517   0.19960  -0.0153  1.0000  0.0297  -0.9377   0.0000   0.0000   0.0000   0.2039
 -18.000  -0.3741   0.20109   0.19553  -0.0164  1.0000  0.0311  -0.9049   0.0000   0.0000   0.0000   0.2004
 -17.500  -0.3668   0.19734   0.19177  -0.0175  1.0000  0.0327  -0.9142   0.0000   0.0000   0.0000   0.1966
 -17.000  -0.3599   0.19373   0.18817  -0.0186  1.0000  0.0342  -0.9352   0.0000   0.0000   0.0000   0.1926
 -16.500  -0.3537   0.19035   0.18479  -0.0198  1.0000  0.0356  -0.9673   0.0000   0.0000   0.0000   0.1884
 -16.000  -0.3491   0.18771   0.18215  -0.0211  1.0000  0.0366  -1.0199   0.0000   0.0000   0.0000   0.1839
 -15.500  -0.3475   0.18624   0.18068  -0.0226  1.0000  0.0371  -1.0934   0.0000   0.0000   0.0000   0.1794
 -15.000  -0.3481   0.18484   0.17930  -0.0241  1.0000  0.0373  -1.1738   0.0000   0.0000   0.0000   0.1751
 -14.500  -0.3363   0.17738   0.17184  -0.0240  1.0000  0.0379  -1.1372   0.0000   0.0000   0.0000   0.1730
 -14.000  -0.3270   0.17177   0.16624  -0.0238  1.0000  0.0392  -1.0906   0.0000   0.0000   0.0000   0.1715
 -13.500  -0.3210   0.16724   0.16174  -0.0241  1.0000  0.0407  -1.0821   0.0000   0.0000   0.0000   0.1692
 -13.000  -0.3157   0.16270   0.15721  -0.0245  1.0000  0.0424  -1.0858   0.0000   0.0000   0.0000   0.1666
 -12.500  -0.3114   0.15818   0.15273  -0.0251  1.0000  0.0442  -1.1035   0.0000   0.0000   0.0000   0.1637
 -10.000  -0.3485   0.13490   0.12932  -0.0245  1.0000  0.0483  -1.3000   0.0000   0.0000   0.0000   0.1731
  -9.500  -0.3404   0.12957   0.12407  -0.0242  1.0000  0.0505  -1.2719   0.0000   0.0000   0.0000   0.1727
  -9.000  -0.3359   0.12481   0.11940  -0.0242  1.0000  0.0536  -1.3019   0.0000   0.0000   0.0000   0.1720
  -8.500  -0.3437   0.12229   0.11698  -0.0254  1.0000  0.0555  -1.4241   0.0000   0.0000   0.0000   0.1708
  -8.000  -0.3347   0.11543   0.11022  -0.0236  1.0000  0.0573  -1.3959   0.0000   0.0000   0.0000   0.1745
  -7.500  -0.3293   0.11044   0.10533  -0.0215  1.0000  0.0611  -1.3638   0.0000   0.0000   0.0000   0.1800
  -7.000  -0.3380   0.10715   0.10218  -0.0201  1.0000  0.0645  -1.4279   0.0000   0.0000   0.0000   0.1864
  -6.500  -0.3643   0.10587   0.10111  -0.0183  1.0000  0.0656  -1.5604   0.0000   0.0000   0.0000   0.1965
  -6.000  -0.3600   0.09955   0.09491  -0.0153  1.0000  0.0671  -1.5352   0.0000   0.0000   0.0000   0.2043
  -5.500  -0.3569   0.09467   0.09013  -0.0131  1.0000  0.0704  -1.5059   0.0000   0.0000   0.0000   0.2105
  -5.000  -0.3501   0.09002   0.08559  -0.0216  1.0000  0.0753  -1.6372   0.0000   0.0000   0.0000   0.1857
  -4.500  -0.3395   0.08359   0.07927  -0.0207  1.0000  0.0775  -1.6101   0.0000   0.0000   0.0000   0.1864
  -4.000  -0.3183   0.07779   0.07351  -0.0239  1.0000  0.0832  -1.5855   0.0000   0.0000   0.0000   0.1724
  -3.500  -0.2676   0.06979   0.06548  -0.0363  0.9977  0.0898  -1.5941   0.0000   0.0000   0.0000   0.1115
  -3.000  -0.1073   0.05011   0.04501  -0.0785  0.9929  0.0553  -2.0164   0.0000   0.0000   0.0000  -0.4890
  -2.500   0.0286   0.03739   0.03137  -0.1039  0.9904  0.0530  -2.0534   0.0000   0.0000   0.0000   3.9109
  -2.000   0.1606   0.02830   0.02044  -0.1220  0.9899  0.0514  -2.0601   0.0000   0.0000   0.0000   1.0145
  -1.500   0.2561   0.02520   0.01648  -0.1296  0.9837  0.0626  -1.8872   0.0000   0.0000   0.0000   0.7582
  -1.000   0.3441   0.02397   0.01518  -0.1359  0.9736  0.1156  -1.5503   0.0000   0.0000   0.0000   0.6460
  -0.500   0.4323   0.02345   0.01504  -0.1427  0.9612  0.2581  -1.0821   0.0000   0.0000   0.0000   0.5802
   0.000   0.5129   0.02267   0.01494  -0.1475  0.9452  0.4873  -0.7311   0.0000   0.0000   0.0000   0.5371
   0.500   0.5754   0.02135   0.01438  -0.1473  0.9252  1.0000  -0.6575   0.0000   0.0000   0.0000   0.5048
   1.000   0.6555   0.02115   0.01382  -0.1511  0.9046  1.0000  -0.7398   0.0000   0.0000   0.0000   0.4789
   1.500   0.7342   0.02069   0.01317  -0.1543  0.8828  1.0000  -0.8307   0.0000   0.0000   0.0000   0.4580
   2.000   0.8138   0.01983   0.01222  -0.1570  0.8598  1.0000  -0.9411   0.0000   0.0000   0.0000   0.4402
   2.500   0.8954   0.01868   0.01108  -0.1596  0.8356  1.0000  -1.0639   0.0000   0.0000   0.0000   0.4250
   3.000   0.9714   0.01777   0.01020  -0.1612  0.7997  1.0000  -1.1992   0.0000   0.0000   0.0000   0.4121
   3.500   1.0577   0.01694   0.00938  -0.1646  0.7499  1.0000  -1.3636   0.0000   0.0000   0.0000   0.4013
   4.000   1.1342   0.01681   0.00911  -0.1664  0.6774  1.0000  -1.5530   0.0000   0.0000   0.0000   0.3918
   4.500   1.1940   0.01748   0.00943  -0.1654  0.5916  1.0000  -1.7518   0.0000   0.0000   0.0000   0.3830
   5.000   1.2414   0.01866   0.01028  -0.1626  0.5090  1.0000  -1.9336   0.0000   0.0000   0.0000   0.3747
   5.500   1.2831   0.02009   0.01140  -0.1590  0.4350  1.0000  -2.1821   0.0000   0.0000   0.0000   0.3670
   6.000   1.3225   0.02170   0.01275  -0.1552  0.3707  1.0000  -2.4739   0.0000   0.0000   0.0000   0.3598
   6.500   1.3600   0.02344   0.01429  -0.1513  0.3147  1.0000  -2.7866   0.0000   0.0000   0.0000   0.3531
   7.000   1.3931   0.02525   0.01605  -0.1469  0.2611  1.0000  -3.1292   0.0000   0.0000   0.0000   0.3465
   7.500   1.4236   0.02713   0.01784  -0.1422  0.2147  1.0000  -3.4741   0.0000   0.0000   0.0000   0.3403
   8.000   1.4533   0.02910   0.01986  -0.1375  0.1774  1.0000  -3.8212   0.0000   0.0000   0.0000   0.3343
   8.500   1.4805   0.03137   0.02224  -0.1326  0.1499  1.0000  -4.1584   0.0000   0.0000   0.0000   0.3285
   9.000   1.5036   0.03390   0.02498  -0.1272  0.1212  1.0000  -4.4740   0.0000   0.0000   0.0000   0.3228
   9.500   1.5184   0.03713   0.02834  -0.1211  0.0962  1.0000  -4.7394   0.0000   0.0000   0.0000   0.3172
  10.000   1.5272   0.04115   0.03267  -0.1148  0.0742  1.0000  -4.9448   0.0000   0.0000   0.0000   0.3118
  10.500   1.5320   0.04609   0.03789  -0.1087  0.0607  1.0000  -5.0927   0.0000   0.0000   0.0000   0.3067
  11.000   1.5376   0.05172   0.04384  -0.1034  0.0532  1.0000  -5.2244   0.0000   0.0000   0.0000   0.3022
  11.500   1.5411   0.05749   0.04986  -0.0991  0.0480  1.0000  -5.4073   0.0000   0.0000   0.0000   0.2984
  12.000   1.5366   0.06462   0.05763  -0.0954  0.0441  1.0000  -5.5423   0.0000   0.0000   0.0000   0.2954
  12.500   1.5237   0.07271   0.06629  -0.0932  0.0415  1.0000  -5.6378   0.0000   0.0000   0.0000   0.2935
  13.000   1.5042   0.08231   0.07645  -0.0928  0.0403  1.0000  -5.6736   0.0000   0.0000   0.0000   0.2932
  13.500   1.4763   0.09379   0.08845  -0.0953  0.0396  1.0000  -5.6342   0.0000   0.0000   0.0000   0.2951
  14.000   1.4389   0.10826   0.10345  -0.1019  0.0395  1.0000  -5.4804   0.0000   0.0000   0.0000   0.3005
  14.500   1.3816   0.12981   0.12554  -0.1166  0.0404  1.0000  -5.0572   0.0000   0.0000   0.0000   0.3134
  15.000   1.2836   0.17136   0.16733  -0.1474  0.0451  1.0000  -3.7946   0.0000   0.0000   0.0000   0.3444
  15.500   1.2631   0.19257   0.18843  -0.1610  0.0451  1.0000  -3.2843   0.0000   0.0000   0.0000   0.3569
  16.000   1.2601   0.20763   0.20344  -0.1706  0.0448  1.0000  -3.0078   0.0000   0.0000   0.0000   0.3644
  16.500   1.2655   0.21978   0.21556  -0.1781  0.0454  1.0000  -2.8442   0.0000   0.0000   0.0000   0.3691
  17.000   1.2761   0.23008   0.22587  -0.1840  0.0463  1.0000  -2.7611   0.0000   0.0000   0.0000   0.3718


