xflr5 v6.61

 Calculated polar for: BLD_25

 1 1 Reynolds number fixed          Mach number fixed         

 xtrf =   1.000 (top)        1.000 (bottom)
 Mach =   0.200     Re =     0.125 e 6     Ncrit =   7.000

  alpha     CL        CD       CDp       Cm    Top Xtr Bot Xtr   Cpmin    Chinge    XCp    
 ------- -------- --------- --------- -------- ------- ------- -------- --------- ---------
 -16.500  -0.4981   0.20428   0.19896  -0.0084  1.0000  0.0229  -1.3898   0.0000   0.0000   0.0000   0.2236
 -16.000  -0.4833   0.19829   0.19299  -0.0101  1.0000  0.0238  -1.3208   0.0000   0.0000   0.0000   0.2197
 -15.500  -0.4691   0.19255   0.18727  -0.0121  1.0000  0.0248  -1.3063   0.0000   0.0000   0.0000   0.2151
 -15.000  -0.4553   0.18682   0.18158  -0.0141  1.0000  0.0261  -1.3205   0.0000   0.0000   0.0000   0.2102
 -14.500  -0.4432   0.18215   0.17695  -0.0169  1.0000  0.0278  -1.3986   0.0000   0.0000   0.0000   0.2033
 -14.000  -0.4399   0.18059   0.17541  -0.0208  1.0000  0.0283  -1.5535   0.0000   0.0000   0.0000   0.1947
 -13.500  -0.4212   0.17027   0.16513  -0.0207  1.0000  0.0291  -1.4884   0.0000   0.0000   0.0000   0.1928
 -13.000  -0.4070   0.16342   0.15831  -0.0210  1.0000  0.0302  -1.4198   0.0000   0.0000   0.0000   0.1905
 -12.500  -0.3952   0.15759   0.15251  -0.0219  1.0000  0.0315  -1.3991   0.0000   0.0000   0.0000   0.1869
 -12.000  -0.3845   0.15186   0.14683  -0.0229  1.0000  0.0329  -1.3953   0.0000   0.0000   0.0000   0.1829
 -11.500  -0.3748   0.14620   0.14122  -0.0240  1.0000  0.0345  -1.4022   0.0000   0.0000   0.0000   0.1788
 -11.000  -0.3666   0.14086   0.13593  -0.0253  1.0000  0.0362  -1.4335   0.0000   0.0000   0.0000   0.1741
 -10.500  -0.3637   0.13667   0.13183  -0.0273  1.0000  0.0371  -1.5195   0.0000   0.0000   0.0000   0.1685
 -10.000  -0.3655   0.13301   0.12826  -0.0291  1.0000  0.0373  -1.6152   0.0000   0.0000   0.0000   0.1643
  -9.000  -0.3409   0.11864   0.11397  -0.0265  1.0000  0.0393  -1.4392   0.0000   0.0000   0.0000   0.1663
  -8.500  -0.3358   0.11359   0.10901  -0.0257  1.0000  0.0411  -1.4001   0.0000   0.0000   0.0000   0.1679
  -8.000  -0.3347   0.10893   0.10445  -0.0249  1.0000  0.0431  -1.3957   0.0000   0.0000   0.0000   0.1707
  -4.500  -0.2883   0.07270   0.06889  -0.0369  0.9912  0.0610  -1.6312   0.0000   0.0000   0.0000   0.1191
  -3.500  -0.0521   0.04141   0.03661  -0.0968  0.9786  0.0396  -2.1797   0.0000   0.0000   0.0000  -1.6266
  -3.000   0.0812   0.02855   0.02222  -0.1197  0.9792  0.0407  -2.3131   0.0000   0.0000   0.0000   1.7357
  -2.500   0.1852   0.02283   0.01509  -0.1300  0.9767  0.0423  -2.1513   0.0000   0.0000   0.0000   0.9568
  -2.000   0.2767   0.02023   0.01197  -0.1367  0.9709  0.0559  -1.9010   0.0000   0.0000   0.0000   0.7467
  -1.500   0.3625   0.01903   0.01085  -0.1428  0.9615  0.1084  -1.4814   0.0000   0.0000   0.0000   0.6454
  -0.500   0.5210   0.01730   0.01012  -0.1524  0.9365  0.4222  -0.6951   0.0000   0.0000   0.0000   0.5424
   0.000   0.5802   0.01565   0.00956  -0.1513  0.9212  1.0000  -0.6389   0.0000   0.0000   0.0000   0.5101
   0.500   0.6520   0.01530   0.00892  -0.1534  0.9027  1.0000  -0.7041   0.0000   0.0000   0.0000   0.4842
   1.000   0.7241   0.01474   0.00819  -0.1553  0.8843  1.0000  -0.7796   0.0000   0.0000   0.0000   0.4629
   1.500   0.7967   0.01412   0.00748  -0.1571  0.8625  1.0000  -0.8647   0.0000   0.0000   0.0000   0.4451
   2.000   0.8727   0.01349   0.00680  -0.1595  0.8354  1.0000  -0.9729   0.0000   0.0000   0.0000   0.4301
   2.500   0.9441   0.01315   0.00639  -0.1610  0.7969  1.0000  -1.0891   0.0000   0.0000   0.0000   0.4174
   3.000   1.0135   0.01306   0.00620  -0.1622  0.7476  1.0000  -1.2247   0.0000   0.0000   0.0000   0.4063
   3.500   1.0729   0.01340   0.00634  -0.1614  0.6883  1.0000  -1.3849   0.0000   0.0000   0.0000   0.3963
   4.000   1.1252   0.01404   0.00676  -0.1595  0.6236  1.0000  -1.5623   0.0000   0.0000   0.0000   0.3870
   4.500   1.1728   0.01488   0.00737  -0.1568  0.5592  1.0000  -1.7816   0.0000   0.0000   0.0000   0.3784
   5.000   1.2174   0.01588   0.00821  -0.1537  0.4961  1.0000  -2.0746   0.0000   0.0000   0.0000   0.3703
   5.500   1.2588   0.01702   0.00915  -0.1502  0.4310  1.0000  -2.3984   0.0000   0.0000   0.0000   0.3627
   6.000   1.2948   0.01838   0.01021  -0.1459  0.3513  1.0000  -2.7445   0.0000   0.0000   0.0000   0.3554
   6.500   1.3272   0.02007   0.01149  -0.1413  0.2672  1.0000  -3.0903   0.0000   0.0000   0.0000   0.3486
   7.000   1.3620   0.02179   0.01315  -0.1372  0.2075  1.0000  -3.4518   0.0000   0.0000   0.0000   0.3422
   7.500   1.3951   0.02367   0.01494  -0.1330  0.1578  1.0000  -3.8110   0.0000   0.0000   0.0000   0.3362
   8.000   1.4240   0.02586   0.01707  -0.1283  0.1119  1.0000  -4.1483   0.0000   0.0000   0.0000   0.3302
   8.500   1.4430   0.02865   0.01980  -0.1220  0.0723  1.0000  -4.4120   0.0000   0.0000   0.0000   0.3239
   9.000   1.4527   0.03212   0.02333  -0.1145  0.0520  1.0000  -4.6519   0.0000   0.0000   0.0000   0.3175
   9.500   1.4616   0.03566   0.02705  -0.1076  0.0424  1.0000  -4.9130   0.0000   0.0000   0.0000   0.3116
  10.000   1.4671   0.03982   0.03150  -0.1009  0.0378  1.0000  -5.1500   0.0000   0.0000   0.0000   0.3060
  10.500   1.4783   0.04420   0.03627  -0.0953  0.0347  1.0000  -5.3880   0.0000   0.0000   0.0000   0.3009
  11.000   1.4883   0.04908   0.04149  -0.0903  0.0325  1.0000  -5.6222   0.0000   0.0000   0.0000   0.2963
  11.500   1.4945   0.05488   0.04764  -0.0857  0.0309  1.0000  -5.8314   0.0000   0.0000   0.0000   0.2922
  12.000   1.4904   0.06255   0.05580  -0.0815  0.0299  1.0000  -5.9889   0.0000   0.0000   0.0000   0.2887
  12.500   1.4715   0.07060   0.06448  -0.0783  0.0296  1.0000  -6.0544   0.0000   0.0000   0.0000   0.2865
  13.000   1.4425   0.08032   0.07479  -0.0776  0.0295  1.0000  -6.0354   0.0000   0.0000   0.0000   0.2862
  13.500   1.4070   0.09190   0.08691  -0.0801  0.0294  1.0000  -5.9439   0.0000   0.0000   0.0000   0.2885
  14.000   1.3683   0.10569   0.10116  -0.0864  0.0295  1.0000  -5.7803   0.0000   0.0000   0.0000   0.2938
  14.500   1.3288   0.12197   0.11783  -0.0964  0.0297  1.0000  -5.5327   0.0000   0.0000   0.0000   0.3025
  15.000   1.2896   0.14116   0.13737  -0.1102  0.0301  1.0000  -5.1668   0.0000   0.0000   0.0000   0.3148
  15.500   1.1996   0.18907   0.18531  -0.1443  0.0342  1.0000  -3.3049   0.0000   0.0000   0.0000   0.3509
  16.000   1.1980   0.20386   0.20005  -0.1532  0.0357  1.0000  -3.0193   0.0000   0.0000   0.0000   0.3580
  16.500   1.2048   0.21523   0.21141  -0.1597  0.0373  1.0000  -2.8942   0.0000   0.0000   0.0000   0.3621
  17.000   1.2137   0.22593   0.22210  -0.1663  0.0376  1.0000  -2.7908   0.0000   0.0000   0.0000   0.3658
  17.500   1.2255   0.23554   0.23177  -0.1718  0.0382  1.0000  -2.7355   0.0000   0.0000   0.0000   0.3682


